Total/Rural/Urban,Area Name,Religious Community,Age-Group,Total Population,Population Males,Population Females,Total Main Workers,Main Workers Male,Main Workers Female,Total Marginal Workers,Marginal Workers Male,Marginal Workers Female,MW Available Total,MW Available Males,MW Available Females,Total Non Workers,Non Workers Male,Non Workers Female,NW Available Total,NW Available Males,NW Available Females
Total,INDIA,All religious communities,Total,1210854977,623270258,587584719,362565571,273209976,89355595,119323297,58729899,60593398,55477094,33541669,21935425,728966109,291330383,437635726,60709399,24670272,36039127
Total,INDIA,All religious communities,5-9,126928126,66300466,60627660,1108808,630875,477933,1424830,735197,689633,328654,178149,150505,124394488,64934394,59460094,1084783,576354,508429
Total,INDIA,All religious communities,10-14,132709212,69418835,63290377,3244439,2033172,1211267,4350586,2229671,2120915,1263407,726515,536892,125114187,65155992,59958195,2853891,1577333,1276558
Total,INDIA,All religious communities,15-19,120526449,63982396,56544053,17703310,12721891,4981419,12513070,6975789,5537281,6501739,4165965,2335774,90310069,44284716,46025353,15134928,8423500,6711428
Total,INDIA,All religious communities,20-24,111424222,57584693,53839529,38664170,28977411,9686759,16800190,9021117,7779073,9578750,6126314,3452436,55959862,19586165,36373697,15763566,7602474,8161092
Total,INDIA,All religious communities,25-29,101413965,51344208,50069757,48666298,36901575,11764723,15793613,7931898,7861715,8560839,5250800,3310039,36954054,6510735,30443319,9133775,3057158,6076617
Total,INDIA,All religious communities,30-34,88594951,44660674,43934277,47152411,35600323,11552088,13634912,6348919,7285993,6956395,4069257,2887138,27807628,2711432,25096196,5101348,1115810,3985538
Total,INDIA,All religious communities,35-39,85140684,42919381,42221303,47503671,35372529,12131142,12905159,5799301,7105858,6337718,3618140,2719578,24731854,1747551,22984303,3839253,595714,3243539
Total,INDIA,All religious communities,40-49,134756439,69683500,65072939,77295643,58397073,18898570,19276896,8615203,10661693,8601272,4954681,3646591,38183900,2671224,35512676,4210096,652220,3557876
Total,INDIA,All religious communities,50-59,88215309,45299278,42916031,47440004,36456219,10983785,11602976,5228122,6374854,4270417,2498131,1772286,29172329,3614937,25557392,1870576,414608,1455968
Total,INDIA,All religious communities,60-69,64118690,31646075,32472615,23840363,18216604,5623759,7635219,3870907,3764312,2241529,1398142,843387,32643108,9558564,23084544,1174598,421518,753080
Total,INDIA,All religious communities,70-79,28441345,14142102,14299243,6917739,5560331,1357408,2301307,1363908,937399,515953,351926,164027,19222299,7217863,12004436,319143,133677,185466
Total,INDIA,All religious communities,80+,11289005,5283695,6005310,1850952,1463786,387166,647762,380016,267746,157989,102790,55199,8790291,3439893,5350398,115186,46788,68398
Total,INDIA,All religious communities,Age not stated,4489802,2372881,2116921,1177763,878187,299576,436777,229851,206926,162432,100859,61573,2875262,1264843,1610419,108256,53118,55138
Total,INDIA,All religious communities,15-59,730072019,375474130,354597889,324425507,244427021,79998486,102526816,49920349,52606467,50807130,30683288,20123842,303119696,81126760,221992936,55053542,21861484,33192058
Total,INDIA,All religious communities,60+,103849040,51071872,52777168,32609054,25240721,7368333,10584288,5614831,4969457,2915471,1852858,1062613,60655698,20216320,40439378,1608927,601983,1006944
Total,INDIA,Hindu,Total,966257353,498306968,467950385,297849057,221132460,76716597,98735783,47489072,51246711,45430840,27083901,18346939,569672513,229685436,339987077,46314754,19161172,27153582
Total,INDIA,Hindu,5-9,98842302,51752264,47090038,870742,492887,377855,1100032,566978,533054,246398,133224,113174,96871528,50692399,46179129,783608,416910,366698
Total,INDIA,Hindu,10-14,104107800,54573129,49534671,2497075,1519841,977234,3404796,1716891,1687905,955916,537161,418755,98205929,51336397,46869532,2009165,1107847,901318
Total,INDIA,Hindu,15-19,94463520,50425235,44038285,13779347,9645661,4133686,9974918,5448150,4526768,5126893,3234049,1892844,70709255,35331424,35377831,11395664,6440593,4955071
Total,INDIA,Hindu,20-24,88102231,45674250,42427981,31053926,22808467,8245459,13703110,7201482,6501628,7764068,4908277,2855791,43345195,15664301,27680894,12207281,6029842,6177439
Total,INDIA,Hindu,25-29,81398001,41307634,40090367,39801877,29700397,10101480,13073635,6424720,6648915,7038019,4266405,2771614,28522489,5182517,23339972,7072201,2448996,4623205
Total,INDIA,Hindu,30-34,71731534,36230268,35501266,38855013,28903218,9951795,11391220,5182516,6208704,5771657,3332006,2439651,21485301,2144534,19340767,3932638,892530,3040108
Total,INDIA,Hindu,35-39,69143968,34933268,34210700,39270741,28806602,10464139,10806085,4746750,6059335,5269182,2969250,2299932,19067142,1379916,17687226,2935179,472874,2462305
Total,INDIA,Hindu,40-49,109788967,56881538,52907429,64023114,47725872,16297242,16161832,7049001,9112831,7145941,4056920,3089021,29604021,2106665,27497356,3206544,513365,2693179
Total,INDIA,Hindu,50-59,72273271,37141300,35131971,39518434,30004316,9514118,9782265,4289226,5493039,3555059,2044489,1510570,22972572,2847758,20124814,1430253,321214,1109039
Total,INDIA,Hindu,60-69,52776611,26008879,26767732,19901168,15002605,4898563,6477363,3216517,3260846,1866384,1147657,718727,26398080,7789757,18608323,915114,332384,582730
Total,INDIA,Hindu,70-79,23562207,11713743,11848464,5793850,4621775,1172075,1961019,1148332,812687,428822,289689,139133,15807338,5943636,9863702,252061,106115,145946
Total,INDIA,Hindu,80+,9212211,4311924,4900287,1522544,1194690,327854,541485,314585,226900,128630,82798,45832,7148182,2802649,4345533,89182,36698,52484
Total,INDIA,Hindu,Age not stated,3533887,1857504,1676383,961226,706129,255097,358023,183924,174099,133871,81976,51895,2214638,967451,1247187,85864,41804,44060
Total,INDIA,Hindu,15-59,586901492,302593493,284307999,266302452,197594533,68707919,84893065,40341845,44551220,41670819,24811396,16859423,235705975,64657115,171048860,42179760,17119414,25060346
Total,INDIA,Hindu,60+,85551029,42034546,43516483,27217562,20819070,6398492,8979867,4679434,4300433,2423836,1520144,903692,49353600,16536042,32817558,1256357,475197,781160
Total,INDIA,Muslim,Total,172245158,88273945,83971213,42080098,35521029,6559069,14025701,8180857,5844844,6943678,4796895,2146783,116139359,44572059,71567300,10320104,3871234,6448870
Total,INDIA,Muslim,5-9,21478536,11083818,10394718,173163,101467,71696,220632,115024,105608,59784,33048,26736,21084741,10867327,10217414,229513,121877,107636
Total,INDIA,Muslim,10-14,21451442,11084681,10366761,580455,410040,170415,653335,365179,288156,230778,148529,82249,20217652,10309462,9908190,686421,384464,301957
Total,INDIA,Muslim,15-19,19101614,9900673,9200941,3055465,2471947,583518,1849241,1165860,683381,1012236,725470,286766,14196908,6262866,7934042,2796390,1468214,1328176
Total,INDIA,Muslim,20-24,16640317,8546075,8094242,5422427,4609118,813309,2172875,1357936,814939,1261423,906875,354548,9045015,2579021,6465994,2442263,1046511,1395752
Total,INDIA,Muslim,25-29,13927787,7006039,6921748,5900821,5049246,851575,1863508,1098798,764710,1033538,716171,317367,6163458,857995,5305463,1409445,386621,1022824
Total,INDIA,Muslim,30-34,11540455,5789206,5751249,5382113,4567678,814435,1532122,852496,679626,806945,541499,265446,4626220,369032,4257188,819117,142577,676540
Total,INDIA,Muslim,35-39,10873884,5466174,5407710,5303764,4458652,845112,1425196,769453,655743,726140,478265,247875,4144924,238069,3906855,648788,78897,569891
Total,INDIA,Muslim,40-49,16182321,8411450,7770871,8167810,6944127,1223683,2044796,1117483,927313,970001,652985,317016,5969715,349840,5619875,714751,87506,627245
Total,INDIA,Muslim,50-59,9894968,5113358,4781610,4669962,4000198,669764,1164997,651238,513759,477222,329195,148027,4060009,461922,3598087,313469,60797,252672
Total,INDIA,Muslim,60-69,6992014,3531944,3460070,2407393,2041604,365789,748475,458023,290452,260465,187642,72823,3836146,1032317,2803829,178289,59712,118577
Total,INDIA,Muslim,70-79,2860381,1443647,1416734,667098,574757,92341,221422,148691,72731,63105,47569,15536,1971861,720199,1251662,46904,19160,27744
Total,INDIA,Muslim,80+,1202328,566810,635518,204241,172315,31926,73425,46987,26438,22249,15846,6403,924662,347508,577154,19319,7362,11957
Total,INDIA,Muslim,Age not stated,663875,349159,314716,145386,119880,25506,55677,33689,21988,19792,13801,5991,462812,195590,267222,15435,7536,7899
Total,INDIA,Muslim,15-59,98161346,50232975,47928371,37902362,32100966,5801396,12052735,7013264,5039471,6287505,4350460,1937045,48206249,11118745,37087504,9144223,3271123,5873100
Total,INDIA,Muslim,60+,11054723,5542401,5512322,3278732,2788676,490056,1043322,653701,389621,345819,251057,94762,6732669,2100024,4632645,244512,86234,158278
Total,INDIA,Christian,Total,27819588,13751031,14068557,9107955,6094172,3013783,2550558,1180559,1369999,1096191,565715,530476,16161075,6476300,9684775,1909944,716812,1193132
Total,INDIA,Christian,5-9,2560275,1306536,1253739,21672,11638,10034,46975,23497,23478,9863,5029,4834,2491628,1271401,1220227,35269,18022,17247
Total,INDIA,Christian,10-14,2760926,1402808,1358118,60039,34208,25831,129067,64581,64486,29629,15265,14364,2571820,1304019,1267801,70768,36297,34471
Total,INDIA,Christian,15-19,2570883,1293777,1277106,292824,178495,114329,258821,131268,127553,123044,66250,56794,2019238,984014,1035224,404403,207400,197003
Total,INDIA,Christian,20-24,2441355,1189581,1251774,786750,488746,298004,344813,167427,177386,200140,107452,92688,1309792,533408,776384,518590,237563,281027
Total,INDIA,Christian,25-29,2305878,1113503,1192375,1165259,762743,402516,330123,154221,175902,183834,97168,86666,810496,196539,613957,322202,104634,217568
Total,INDIA,Christian,30-34,2046431,997121,1049310,1187930,797864,390066,272112,119610,152502,136655,68957,67698,586389,79647,506742,180952,37923,143029
Total,INDIA,Christian,35-39,2004636,967391,1037245,1225662,810331,415331,259315,107299,152016,122142,58393,63749,519659,49761,469898,133920,20158,113762
Total,INDIA,Christian,40-49,3505502,1727001,1778501,2184354,1465522,718832,420495,176625,243870,166882,81835,85047,900653,84854,815799,145495,23548,121947
Total,INDIA,Christian,50-59,2500983,1242559,1258424,1402403,982220,420183,269126,122221,146905,79289,40899,38390,829454,138118,691336,58506,15544,42962
Total,INDIA,Christian,60-69,1625748,787036,838712,560167,402667,157500,154496,77141,77355,33556,18138,15418,911085,307228,603857,29376,11477,17899
Total,INDIA,Christian,70-79,780150,363817,416333,162015,118873,43142,47074,26786,20288,6968,4077,2891,571061,218158,352903,6455,2571,3884
Total,INDIA,Christian,80+,330504,142732,187772,42343,30029,12314,12524,7142,5382,2087,1147,940,275637,105561,170076,2265,866,1399
Total,INDIA,Christian,Age not stated,55912,28473,27439,16537,10836,5701,5617,2741,2876,2102,1105,997,33758,14896,18862,1743,809,934
Total,INDIA,Christian,15-59,17375668,8530933,8844735,8245182,5485921,2759261,2154805,978671,1176134,1011986,520954,491032,6975681,2066341,4909340,1764068,646770,1117298
Total,INDIA,Christian,60+,2736402,1293585,1442817,764525,551569,212956,214094,111069,103025,42611,23362,19249,1757783,630947,1126836,38096,14914,23182
Total,INDIA,Sikh,Total,20833116,10948431,9884685,6402567,5490117,912450,1164622,578301,586321,511825,307788,204037,13265927,4880013,8385914,1120814,449704,671110
Total,INDIA,Sikh,5-9,1687394,935267,752127,15618,9718,5900,18268,10090,8178,5154,2947,2207,1653508,915459,738049,16462,9291,7171
Total,INDIA,Sikh,10-14,1904993,1070813,834180,43924,32616,11308,43090,24167,18923,15012,9052,5960,1817979,1014030,803949,42268,25009,17259
Total,INDIA,Sikh,15-19,2111594,1170625,940969,278127,237863,40264,130458,78898,51560,71720,47885,23835,1703009,853864,849145,283924,165270,118654
Total,INDIA,Sikh,20-24,2051985,1070357,981628,692071,597715,94356,174072,99048,75024,98835,64774,34061,1185842,373594,812248,306038,140795,165243
Total,INDIA,Sikh,25-29,1774466,907627,866839,842147,719013,123134,146475,74632,71843,73882,45178,28704,785844,113982,671862,161670,47871,113799
Total,INDIA,Sikh,30-34,1548589,784050,764539,795873,676819,119054,125109,55778,69331,56863,31530,25333,627607,51453,576154,84918,16360,68558
Total,INDIA,Sikh,35-39,1473691,739310,734381,774098,653325,120773,116554,48592,67962,50069,26555,23514,583039,37393,545646,63692,9257,54435
Total,INDIA,Sikh,40-49,2587268,1307385,1279883,1366503,1163707,202796,185672,76922,108750,71866,39050,32816,1035093,66756,968337,81488,12516,68972
Total,INDIA,Sikh,50-59,1736200,894607,841593,877011,762552,114459,105358,46644,58714,34707,19967,14740,753831,85411,668420,38308,8279,30029
Total,INDIA,Sikh,60-69,1420137,710546,709591,499771,442541,57230,82102,41264,40838,24483,14713,9770,838264,226741,611523,30303,9992,20311
Total,INDIA,Sikh,70-79,653202,345812,307390,158214,142983,15231,25850,15830,10020,6213,4278,1935,469138,186999,282139,7819,3410,4409
Total,INDIA,Sikh,80+,327614,165370,162244,47459,41656,5803,8539,4985,3554,1899,1205,694,271616,118729,152887,2611,1098,1513
Total,INDIA,Sikh,Age not stated,43340,22979,20361,11751,9609,2142,3075,1451,1624,1122,654,468,28514,11919,16595,1313,556,757
Total,INDIA,Sikh,15-59,13283793,6873961,6409832,5625830,4810994,814836,983698,480514,503184,457942,274939,183003,6674265,1582453,5091812,1020038,400348,619690
Total,INDIA,Sikh,60+,2400953,1221728,1179225,705444,627180,78264,116491,62079,54412,32595,20196,12399,1579018,532469,1046549,40733,14500,26233
Total,INDIA,Buddhist,Total,8442972,4296010,4146962,3020232,1992873,1027359,622910,300774,322136,294996,166460,128536,4799830,2002363,2797467,374939,174612,200327
Total,INDIA,Buddhist,5-9,740778,383089,357689,9073,4794,4279,6240,3280,2960,1129,591,538,725465,375015,350450,5300,2734,2566
Total,INDIA,Buddhist,10-14,840760,434979,405781,21526,12398,9128,16648,8449,8199,3954,2204,1750,802586,414132,388454,11556,6104,5452
Total,INDIA,Buddhist,15-19,827418,433708,393710,120376,77322,43054,50721,27715,23006,25543,15494,10049,656321,328671,327650,83319,46921,36398
Total,INDIA,Buddhist,20-24,851088,435226,415862,312035,206050,105985,87747,47059,40688,51676,31612,20064,451306,182117,269189,114036,59563,54473
Total,INDIA,Buddhist,25-29,775032,393234,381798,410407,277345,133062,86339,43894,42445,48823,28601,20222,278286,71995,206291,70059,30842,39217
Total,INDIA,Buddhist,30-34,658703,334079,324624,406535,272145,134390,72399,34288,38111,38717,21495,17222,179769,27646,152123,32857,11159,21698
Total,INDIA,Buddhist,35-39,622972,313829,309143,407790,267092,140698,67868,31018,36850,34666,18693,15973,147314,15719,131595,20098,5145,14953
Total,INDIA,Buddhist,40-49,980064,503637,476427,655463,435572,219891,101505,45077,56428,46978,24960,22018,223096,22988,200108,19136,4975,14161
Total,INDIA,Buddhist,50-59,639087,326031,313056,392759,264023,128736,63864,27647,36217,24189,12632,11557,182464,34361,148103,8762,2988,5774
Total,INDIA,Buddhist,60-69,489289,224661,264628,200309,119466,80843,47474,20534,26940,14108,7144,6964,241506,84661,156845,6433,2683,3750
Total,INDIA,Buddhist,70-79,228452,109410,119042,60922,41280,19642,16325,8722,7603,3551,2094,1457,151205,59408,91797,2041,856,1185
Total,INDIA,Buddhist,80+,77664,35750,41914,14033,9509,4524,3723,2068,1655,783,474,309,59908,24173,35735,692,310,382
Total,INDIA,Buddhist,Age not stated,25799,13635,12164,9004,5877,3127,2057,1023,1034,879,466,413,14738,6735,8003,650,332,318
Total,INDIA,Buddhist,15-59,5354364,2739744,2614620,2705365,1799549,905816,530443,256698,273745,270592,153487,117105,2118556,683497,1435059,348267,161593,186674
Total,INDIA,Buddhist,60+,795405,369821,425584,275264,170255,105009,67522,31324,36198,18442,9712,8730,452619,168242,284377,9166,3849,5317
Total,INDIA,Jain,Total,4451753,2278097,2173656,1464026,1255651,208375,117576,59147,58429,30206,18334,11872,2870151,963299,1906852,146863,61769,85094
Total,INDIA,Jain,5-9,306113,163359,142754,2618,1519,1099,2499,1332,1167,498,285,213,300996,160508,140488,1830,940,890
Total,INDIA,Jain,10-14,340952,182042,158910,4674,3271,1403,3617,1960,1657,771,433,338,332661,176811,155850,3394,1819,1575
Total,INDIA,Jain,15-19,359137,190812,168325,18185,14290,3895,7928,4571,3357,3012,1886,1126,333024,171951,161073,25623,14670,10953
Total,INDIA,Jain,20-24,381590,195758,185832,101774,80897,20877,15608,8644,6964,6874,4275,2599,264208,106217,157991,51168,26001,25167
Total,INDIA,Jain,25-29,385662,194577,191085,189965,157919,32046,15146,8242,6904,5326,3410,1916,180551,28416,152135,26638,9729,16909
Total,INDIA,Jain,30-34,365817,184013,181804,194628,166815,27813,12776,6333,6443,3404,2076,1328,158413,10865,147548,12027,2778,9249
Total,INDIA,Jain,35-39,348301,172807,175494,188252,160064,28188,12155,5421,6734,2825,1603,1222,147894,7322,140572,8393,1439,6954
Total,INDIA,Jain,40-49,635252,322084,313168,349069,301001,48068,20098,8856,11242,3973,2345,1628,266085,12227,253858,9357,1630,7727
Total,INDIA,Jain,50-59,485643,249982,235661,252537,223944,28593,13869,6371,7498,2058,1180,878,219237,19667,199570,4381,1116,3265
Total,INDIA,Jain,60-69,321637,160326,161311,112108,100923,11185,8572,4347,4225,969,545,424,200957,55056,145901,2706,1053,1653
Total,INDIA,Jain,70-79,166035,80880,85155,36399,33085,3314,3621,2116,1505,267,156,111,126015,45679,80336,748,321,427
Total,INDIA,Jain,80+,66090,29094,36996,9206,8079,1127,1081,642,439,99,61,38,55803,20373,35430,324,145,179
Total,INDIA,Jain,Age not stated,15191,7710,7481,4611,3844,767,606,312,294,130,79,51,9974,3554,6420,274,128,146
Total,INDIA,Jain,15-59,2961402,1510033,1451369,1294410,1104930,189480,97580,48438,49142,27472,16775,10697,1569412,356665,1212747,137587,57363,80224
Total,INDIA,Jain,60+,553762,270300,283462,157713,142087,15626,13274,7105,6169,1335,762,573,382775,121108,261667,3778,1519,2259
Total,INDIA,Other religious communities,Total,7937734,3952064,3985670,2001370,1291787,709583,1848267,811485,1036782,1053445,535954,517491,4088097,1848792,2239305,329249,140112,189137
Total,INDIA,Other religious communities,5-9,972778,493681,479097,7652,3991,3661,20885,10087,10798,3094,1537,1557,944241,479603,464638,9285,4755,4530
Total,INDIA,Other religious communities,10-14,968883,491056,477827,24128,13300,10828,85326,40574,44752,22492,11135,11357,859429,437182,422247,24240,12427,11813
Total,INDIA,Other religious communities,15-19,792176,404989,387187,110629,65036,45593,209515,101478,108037,123275,64938,58337,472032,238475,233557,96803,51595,45208
Total,INDIA,Other religious communities,20-24,689218,333573,355645,211857,129140,82717,262617,117479,145138,173703,89226,84477,214744,86954,127790,77700,36936,40764
Total,INDIA,Other religious communities,25-29,623090,309519,313571,261822,169414,92408,243778,109183,134595,159246,83081,76165,117490,30922,86568,42335,15817,26518
Total,INDIA,Other religious communities,30-34,528517,258210,270307,250508,160735,89773,202349,84969,117380,129136,64404,64732,75660,12506,63154,22098,5868,16230
Total,INDIA,Other religious communities,35-39,519601,256471,263130,260961,168459,92502,194539,80226,114313,121754,59620,62134,64101,7786,56315,16222,3195,13027
Total,INDIA,Other religious communities,40-49,854155,429928,424227,442875,290797,152078,309801,127277,182524,182087,89642,92445,101479,11854,89625,19295,3472,15823
Total,INDIA,Other religious communities,50-59,542521,269604,272917,263933,177394,86539,184318,76795,107523,91281,46479,44802,94270,15415,78855,10540,2352,8188
Total,INDIA,Other religious communities,60-69,384490,177784,206706,126599,85494,41105,104489,47685,56804,37982,20537,17445,153402,44605,108797,7766,2526,5240
Total,INDIA,Other religious communities,70-79,138086,62541,75545,29327,20673,8654,22226,11531,10695,6136,3569,2567,86533,30337,56196,1997,763,1234
Total,INDIA,Other religious communities,80+,45271,20400,24871,7152,4831,2321,5331,2769,2562,1784,1007,777,32788,12800,19988,495,193,302
Total,INDIA,Other religious communities,Age not stated,17054,8628,8426,3927,2523,1404,3093,1432,1661,1475,779,696,10034,4673,5361,473,213,260
Total,INDIA,Other religious communities,15-59,4549278,2262294,2286984,1802585,1160975,641610,1606917,697407,909510,980482,497390,483092,1139776,403912,735864,284993,119235,165758
Total,INDIA,Other religious communities,60+,567847,260725,307122,163078,110998,52080,132046,61985,70061,45902,25113,20789,272723,87742,184981,10258,3482,6776
Rural,INDIA,All religious communities,Total,833748852,427781058,405967794,245868421,178095330,67773091,102874671,48741683,54132988,48332810,28802771,19530039,485005760,200944045,284061715,38254008,15370813,22883195
Rural,INDIA,All religious communities,5-9,93807612,48825259,44982353,807814,452342,355472,1078165,550365,527800,233906,126235,107671,91921633,47822552,44099081,769746,406387,363359
Rural,INDIA,All religious communities,10-14,96804494,50488158,46316336,2461196,1490267,970929,3755166,1897085,1858081,1059224,604721,454503,90588132,47100806,43487326,2084893,1140156,944737
Rural,INDIA,All religious communities,15-19,83902472,44570557,39331915,13265532,9213257,4052275,10959538,5982597,4976941,5681644,3610314,2071330,59677402,29374703,30302699,10312059,5709844,4602215
Rural,INDIA,All religious communities,20-24,73835046,38138662,35696384,26970254,19459188,7511066,14414344,7464632,6949712,8231955,5197306,3034649,32450448,11214842,21235606,9422772,4472469,4950303
Rural,INDIA,All religious communities,25-29,66068270,33375989,32692281,32040359,23336334,8704025,13492967,6479788,7013179,7373418,4448826,2924592,20534944,3559867,16975077,5215130,1665344,3549786
Rural,INDIA,All religious communities,30-34,57911779,28934192,28977587,30774663,22207414,8567249,11708048,5193379,6514669,6060012,3481314,2578698,15429068,1533399,13895669,3030242,618714,2411528
Rural,INDIA,All religious communities,35-39,56062707,28125561,27937146,31321754,22346701,8975053,11091946,4763822,6328124,5541217,3113522,2427695,13649007,1015038,12633969,2331394,341982,1989412
Rural,INDIA,All religious communities,40-49,88269236,45429505,42839731,50854565,36838786,14015779,16600765,7067048,9533717,7580725,4289468,3291257,20813906,1523671,19290235,2668226,377721,2290505
Rural,INDIA,All religious communities,50-59,57893302,29326076,28567226,31470188,23149486,8320702,10079182,4323929,5755253,3816549,2194916,1621633,16343932,1852661,14491271,1249675,235613,1014062
Rural,INDIA,All religious communities,60-69,45207515,22139903,23067612,18310474,13647640,4662834,6771821,3338910,3432911,2025840,1252261,773579,20125220,5153353,14971867,801282,250171,551111
Rural,INDIA,All religious communities,70-79,20191317,10091603,10099714,5456662,4339618,1117044,2032102,1189190,842912,463504,316068,147436,12702553,4562795,8139758,229666,91875,137791
Rural,INDIA,All religious communities,80+,7894990,3765796,4129194,1374336,1074898,299438,551231,320666,230565,134785,87954,46831,5969423,2370232,3599191,74825,29769,45056
Rural,INDIA,All religious communities,Age not stated,2913452,1533420,1380032,760624,539399,221225,339396,170272,169124,130031,79866,50165,1813432,823749,989683,64098,30768,33330
Rural,INDIA,All religious communities,15-59,483942812,247900542,236042270,216697315,156551166,60146149,88346790,41275195,47071595,44285520,26335666,17949854,178898707,50074181,128824526,34229498,13421687,20807811
Rural,INDIA,All religious communities,60+,73293822,35997302,37296520,25141472,19062156,6079316,9355154,4848766,4506388,2624129,1656283,967846,38797196,12086380,26710816,1105773,371815,733958
Rural,INDIA,Hindu,Total,684093951,351423647,332670304,207832710,148237459,59595251,86597119,40215927,46381192,40161698,23636019,16525679,389664122,162970261,226693861,29401527,12206828,17194699
Rural,INDIA,Hindu,5-9,75229304,39208999,36020305,660177,367862,292315,856554,436805,419749,180600,97237,83363,73712573,38404332,35308241,566979,299936,267043
Rural,INDIA,Hindu,10-14,78270614,40869523,37401091,1980506,1167940,812566,3002066,1493343,1508723,818918,456659,362259,73288042,38208240,35079802,1489405,815502,673903
Rural,INDIA,Hindu,15-19,68004920,36272394,31732526,10790423,7313957,3476466,8924306,4779343,4144963,4565898,2856887,1709011,48290191,24179094,24111097,7934673,4487421,3447252
Rural,INDIA,Hindu,20-24,60309704,31249789,29059915,22466321,15900743,6565578,11990078,6095127,5894951,6785770,4240180,2545590,25853305,9253919,16599386,7384625,3636833,3747792
Rural,INDIA,Hindu,25-29,54572123,27624340,26947783,27001139,19343327,7657812,11362512,5356161,6006351,6149827,3672525,2477302,16208472,2924852,13283620,4046417,1366472,2679945
Rural,INDIA,Hindu,30-34,48192438,24119112,24073326,26095553,18539741,7555812,9940474,4324269,5616205,5094088,2893646,2200442,12156411,1255102,10901309,2327125,507570,1819555
Rural,INDIA,Hindu,35-39,46748373,23501182,23247191,26618881,18695003,7923878,9433410,3975523,5457887,4663858,2592210,2071648,10696082,830656,9865426,1765555,278769,1486786
Rural,INDIA,Hindu,40-49,73692727,37995885,35696842,43230334,30860285,12370049,14130554,5893457,8237097,6372557,3562102,2810455,16331839,1242143,15089696,2008882,304145,1704737
Rural,INDIA,Hindu,50-59,48591722,24596423,23995299,26853066,19478464,7374602,8622214,3612744,5009470,3212885,1820702,1392183,13116442,1505215,11611227,954045,186485,767560
Rural,INDIA,Hindu,60-69,38169883,18656445,19513438,15663265,11532299,4130966,5821412,2820183,3001229,1705560,1041285,664275,16685206,4303963,12381243,629218,200233,428985
Rural,INDIA,Hindu,70-79,17137392,8554587,8582805,4666355,3685322,981033,1755036,1016088,738948,389677,263421,126256,10716001,3853177,6862824,183724,74304,109420
Rural,INDIA,Hindu,80+,6589162,3137404,3451758,1155854,896622,259232,468915,270296,198619,111503,72014,39489,4964393,1970486,2993907,57909,23653,34256
Rural,INDIA,Hindu,Age not stated,2419286,1266610,1152676,650836,455894,194942,289588,142588,147000,110557,67151,43406,1478862,668128,810734,52970,25505,27465
Rural,INDIA,Hindu,15-59,400112007,205359125,194752882,183055717,130131520,52924197,74403548,34036624,40366924,36844883,21638252,15206631,142652742,41190981,101461761,26421322,10767695,15653627
Rural,INDIA,Hindu,60+,61896437,30348436,31548001,21485474,16114243,5371231,8045363,4106567,3938796,2206740,1376720,830020,32365600,10127626,22237974,870851,298190,572661
Rural,INDIA,Muslim,Total,103504739,52870001,50634738,23778782,19660488,4118294,10787196,6069202,4717994,5507116,3768640,1738476,68938761,27140311,41798450,6397050,2187999,4209051
Rural,INDIA,Muslim,5-9,13976403,7207530,6768873,101321,58712,42609,142239,73494,68745,37183,20544,16639,13732843,7075324,6657519,151235,79458,71777
Rural,INDIA,Muslim,10-14,13643255,7044386,6598869,352607,244195,108412,499972,277292,222680,175243,113807,61436,12790676,6522899,6267777,479204,262490,216714
Rural,INDIA,Muslim,15-19,11298400,5870436,5427964,1805681,1440135,365546,1432245,892240,540005,797402,574172,223230,8060474,3538061,4522413,1742423,877530,864893
Rural,INDIA,Muslim,20-24,9320924,4764687,4556237,3013421,2508599,504822,1648231,995758,652473,978291,698649,279642,4659272,1260330,3398942,1398440,540050,858390
Rural,INDIA,Muslim,25-29,7783051,3892129,3890922,3215776,2691425,524351,1422062,801143,620919,811746,555107,256639,3145213,399561,2745652,817035,186019,631016
Rural,INDIA,Muslim,30-34,6507530,3220159,3287371,2924570,2419603,504967,1179810,624059,555751,644246,424852,219394,2403150,176497,2226653,510457,70556,439901
Rural,INDIA,Muslim,35-39,6201346,3086711,3114635,2925861,2404529,521332,1099457,565847,533610,583364,378057,205307,2176028,116335,2059693,422434,40760,381674
Rural,INDIA,Muslim,40-49,9265802,4768850,4496952,4541237,3781005,760232,1579855,820382,759473,785405,519249,266156,3144710,167463,2977247,488333,46340,441993
Rural,INDIA,Muslim,50-59,5751712,2942781,2808931,2683893,2254061,429832,912390,486115,426275,393301,267022,126279,2155429,202605,1952824,217021,31919,185102
Rural,INDIA,Muslim,60-69,4286108,2157779,2128329,1559390,1303748,255642,602738,358961,243777,217997,155914,62083,2123980,495070,1628910,118583,33073,85510
Rural,INDIA,Muslim,70-79,1783497,908068,875429,455160,390045,65115,178575,118702,59873,52809,39904,12905,1149762,399321,750441,31840,11997,19843
Rural,INDIA,Muslim,80+,743313,360093,383220,130548,109742,20806,56267,35903,20364,17382,12499,4883,556498,214448,342050,12603,4406,8197
Rural,INDIA,Muslim,Age not stated,330717,173474,157243,69317,54689,14628,33355,19306,14049,12747,8864,3883,228045,99479,128566,7442,3401,4041
Rural,INDIA,Muslim,15-59,56128765,28545753,27583012,21110439,17499357,3611082,9274050,5185544,4088506,4993755,3417108,1576647,25744276,5860852,19883424,5596143,1793174,3802969
Rural,INDIA,Muslim,60+,6812918,3425940,3386978,2145098,1803535,341563,837580,513566,324014,288188,208317,79871,3830240,1108839,2721401,163026,49476,113550
Rural,INDIA,Christian,Total,16657065,8295745,8361320,5376480,3507247,1869233,2022743,896121,1126622,883515,445941,437574,9257842,3892377,5365465,1076273,407929,668344
Rural,INDIA,Christian,5-9,1714933,875491,839442,15658,8263,7395,37494,18694,18800,7285,3694,3591,1661781,848534,813247,25299,12930,12369
Rural,INDIA,Christian,10-14,1799107,916668,882439,46865,26437,20428,112737,56218,56519,24864,12755,12109,1639505,834013,805492,50034,25577,24457
Rural,INDIA,Christian,15-19,1600668,812101,788567,220686,131379,89307,222759,111596,111163,104757,56026,48731,1157223,569126,588097,253416,129652,123764
Rural,INDIA,Christian,20-24,1446637,711684,734953,502297,305557,196740,276560,129679,146881,159283,84004,75279,667780,276448,391332,283017,129608,153409
Rural,INDIA,Christian,25-29,1331015,650199,680816,679066,434188,244878,259018,115407,143611,144894,75025,69869,392931,100604,292327,167649,53863,113786
Rural,INDIA,Christian,30-34,1153940,565884,588056,672496,438421,234075,210103,86787,123316,107866,53136,54730,271341,40676,230665,94565,19358,75207
Rural,INDIA,Christian,35-39,1132974,549710,583264,694545,446685,247860,200653,77768,122885,97152,45161,51991,237776,25257,212519,69939,10137,59802
Rural,INDIA,Christian,40-49,1965881,972871,993010,1229121,803867,425254,325143,127401,197742,134838,63916,70922,411617,41603,370014,77958,11598,66360
Rural,INDIA,Christian,50-59,1372335,685312,687023,787120,537609,249511,206924,87511,119413,65288,32383,32905,378291,60192,318099,32185,7416,24769
Rural,INDIA,Christian,60-69,920135,449107,471028,375797,264042,111755,121611,57557,64054,28313,14812,13501,422727,127508,295219,16128,5451,10677
Rural,INDIA,Christian,70-79,440680,210151,230529,115103,84345,30758,36546,20399,16147,5807,3346,2461,289031,105407,183624,3872,1424,2448
Rural,INDIA,Christian,80+,192552,87202,105350,29447,21208,8239,9446,5366,4080,1624,895,729,153659,60628,93031,1293,501,792
Rural,INDIA,Christian,Age not stated,29278,15131,14147,8279,5246,3033,3749,1738,2011,1544,788,756,17250,8147,9103,918,414,504
Rural,INDIA,Christian,15-59,10003450,4947761,5055689,4785331,3097706,1687625,1701160,736149,965011,814078,409651,404427,3516959,1113906,2403053,978729,361632,617097
Rural,INDIA,Christian,60+,1553367,746460,806907,520347,369595,150752,167603,83322,84281,35744,19053,16691,865417,293543,571874,21293,7376,13917
Rural,INDIA,Sikh,Total,14930792,7839048,7091744,4533909,3912729,621180,969659,459102,510557,429545,254384,175161,9427224,3467217,5960007,796866,307188,489678
Rural,INDIA,Sikh,5-9,1256155,695155,561000,11433,7148,4285,11627,6382,5245,3561,2024,1537,1233095,681625,551470,12062,6810,5252
Rural,INDIA,Sikh,10-14,1416188,794583,621605,34084,25345,8739,32931,18253,14678,11877,7105,4772,1349173,750985,598188,32464,19022,13442
Rural,INDIA,Sikh,15-19,1554141,860367,693774,222692,190889,31803,109706,65302,44404,60422,40156,20266,1221743,604176,617567,214804,123085,91719
Rural,INDIA,Sikh,20-24,1459120,756203,702917,516668,450087,66581,144074,79447,64627,81421,53082,28339,798378,226669,571709,207945,90719,117226
Rural,INDIA,Sikh,25-29,1233899,627823,606076,582236,503035,79201,120806,58611,62195,60856,36751,24105,530857,66177,464680,105842,27718,78124
Rural,INDIA,Sikh,30-34,1083488,544896,538592,547745,468301,79444,105373,43993,61380,48237,26180,22057,430370,32602,397768,58487,9765,48722
Rural,INDIA,Sikh,35-39,1033622,518486,515136,536499,455292,81207,98857,38502,60355,42892,22195,20697,398266,24692,373574,44974,5895,39079
Rural,INDIA,Sikh,40-49,1805569,914604,890965,943378,808304,135074,157021,60650,96371,61491,32615,28876,705170,45650,659520,59659,8413,51246
Rural,INDIA,Sikh,50-59,1167506,601346,566160,584361,512359,72002,87790,36053,51737,29582,16509,13073,495355,52934,442421,28248,5213,23035
Rural,INDIA,Sikh,60-69,1032640,513730,518910,384478,339614,44864,70375,33773,36602,21354,12584,8770,577787,140343,437444,23272,6778,16494
Rural,INDIA,Sikh,70-79,480247,255270,224977,124679,112748,11931,21685,13063,8622,5343,3655,1688,333883,129459,204424,6167,2585,3582
Rural,INDIA,Sikh,80+,250558,126188,124370,37157,32684,4473,6906,3961,2945,1568,988,580,206495,89543,116952,1971,782,1189
Rural,INDIA,Sikh,Age not stated,32246,17049,15197,8499,6923,1576,2508,1112,1396,941,540,401,21239,9014,12225,971,403,568
Rural,INDIA,Sikh,15-59,9337345,4823725,4513620,3933579,3388267,545312,823627,382558,441069,384901,227488,157413,4580139,1052900,3527239,719959,270808,449151
Rural,INDIA,Sikh,60+,1763445,895188,868257,546314,485046,61268,98966,50797,48169,28265,17227,11038,1118165,359345,758820,31410,10145,21265
Rural,INDIA,Buddhist,Total,4814849,2457022,2357827,1868660,1135278,733382,475284,212910,262374,228955,123675,105280,2470905,1108834,1362071,184949,86216,98733
Rural,INDIA,Buddhist,5-9,448418,230738,217680,6080,3161,2919,3867,2014,1853,658,351,307,438471,225563,212908,3205,1639,1566
Rural,INDIA,Buddhist,10-14,506625,261553,245072,15014,8324,6690,12817,6357,6460,2901,1576,1325,478794,246872,231922,7280,3772,3508
Rural,INDIA,Buddhist,15-19,481908,255376,226532,86193,52496,33697,40217,21063,19154,20229,11976,8253,355498,181817,173681,49302,27396,21906
Rural,INDIA,Buddhist,20-24,460808,241419,219389,204027,124912,79115,66991,33590,33401,40282,23806,16476,189790,82917,106873,55196,28919,26277
Rural,INDIA,Buddhist,25-29,404762,208882,195880,241319,150047,91272,63595,29548,34047,36922,20634,16288,99848,29287,70561,29406,12615,16791
Rural,INDIA,Buddhist,30-34,346040,176206,169834,233004,142100,90904,53139,22755,30384,29388,15429,13959,59897,11351,48546,13251,4200,9051
Rural,INDIA,Buddhist,35-39,332202,168381,163821,235323,141046,94277,49707,20688,29019,26282,13438,12844,47172,6647,40525,8372,1999,6373
Rural,INDIA,Buddhist,40-49,528773,273009,255764,382910,232595,150315,75921,30738,45183,36485,18366,18119,69942,9676,60266,8695,2175,6520
Rural,INDIA,Buddhist,50-59,354662,177918,176744,239622,145689,93933,50400,19891,30509,19692,9812,9880,64640,12338,52302,4523,1363,3160
Rural,INDIA,Buddhist,60-69,314115,141373,172742,158956,90924,68032,40105,16491,23614,11882,5835,6047,115054,33958,81096,3719,1293,2426
Rural,INDIA,Buddhist,70-79,156828,76216,80612,50842,34107,16735,14139,7452,6687,3005,1755,1250,91847,34657,57190,1344,530,814
Rural,INDIA,Buddhist,80+,50877,24215,26662,10157,6747,3410,3037,1695,1342,605,369,236,37683,15773,21910,373,165,208
Rural,INDIA,Buddhist,Age not stated,13821,7324,6497,5213,3130,2083,1349,628,721,624,328,296,7259,3566,3693,283,150,133
Rural,INDIA,Buddhist,15-59,2909155,1501191,1407964,1622398,988885,633513,399970,178273,221697,209280,113461,95819,886787,334033,552754,168745,78667,90078
Rural,INDIA,Buddhist,60+,521820,241804,280016,219955,131778,88177,57281,25638,31643,15492,7959,7533,244584,84388,160196,5436,1988,3448
Rural,INDIA,Jain,Total,904809,467577,437232,306551,250585,55966,49659,19677,29982,13368,8156,5212,548599,197315,351284,33601,14492,19109
Rural,INDIA,Jain,5-9,68020,36516,31504,527,316,211,478,252,226,66,37,29,67015,35948,31067,352,179,173
Rural,INDIA,Jain,10-14,76766,41157,35609,1087,708,379,1174,631,543,198,112,86,74505,39818,34687,797,426,371
Rural,INDIA,Jain,15-19,79315,42448,36867,6617,5180,1437,3587,1995,1592,1252,815,437,69111,35273,33838,7022,4055,2967
Rural,INDIA,Jain,20-24,82129,43040,39089,25467,20748,4719,6638,3336,3302,2855,1893,962,50024,18956,31068,11411,5902,5509
Rural,INDIA,Jain,25-29,74489,39246,35243,37264,31106,6158,6291,2867,3424,2322,1556,766,30934,5273,25661,5416,2179,3237
Rural,INDIA,Jain,30-34,66407,34286,32121,36920,30335,6585,5416,2008,3408,1667,1029,638,24071,1943,22128,2608,627,1981
Rural,INDIA,Jain,35-39,65757,32867,32890,37800,29952,7848,5377,1659,3718,1372,754,618,22580,1256,21324,1775,273,1502
Rural,INDIA,Jain,40-49,119286,61530,57756,70690,56751,13939,8752,2644,6108,1933,1085,848,39844,2135,37709,2205,329,1876
Rural,INDIA,Jain,50-59,86831,44664,42167,48476,40233,8243,5858,1736,4122,1015,515,500,32497,2695,29802,1045,198,847
Rural,INDIA,Jain,60-69,67171,32147,35024,27922,23322,4600,3960,1452,2508,473,229,244,35289,7373,27916,619,183,436
Rural,INDIA,Jain,70-79,38189,18328,19861,10516,9195,1321,1566,812,754,132,78,54,26107,8321,17786,186,74,112
Rural,INDIA,Jain,80+,15463,6876,8587,2355,2001,354,399,223,176,42,27,15,12709,4652,8057,90,38,52
Rural,INDIA,Jain,Age not stated,2955,1511,1444,910,738,172,163,62,101,41,26,15,1882,711,1171,75,29,46
Rural,INDIA,Jain,15-59,574214,298081,276133,263234,214305,48929,41919,16245,25674,12416,7647,4769,269061,67531,201530,31482,13563,17919
Rural,INDIA,Jain,60+,120823,57351,63472,40793,34518,6275,5925,2487,3438,647,334,313,74105,20346,53759,895,295,600
Rural,INDIA,Other religious communities,Total,7199007,3583894,3615113,1796148,1148919,647229,1790302,781220,1009082,1023370,518026,505344,3612557,1653755,1958802,271381,114407,156974
Rural,INDIA,Other religious communities,5-9,901447,456831,444616,7218,3756,3462,20204,9730,10474,2893,1429,1464,874025,443345,430680,8326,4262,4064
Rural,INDIA,Other religious communities,10-14,888511,450922,437589,22784,12568,10216,83515,39709,43806,21891,10832,11059,782212,398645,383567,21787,11200,10587
Rural,INDIA,Other religious communities,15-19,712216,365031,347185,103750,60533,43217,203993,98477,105516,120050,63076,56974,404473,206021,198452,83706,44760,38946
Rural,INDIA,Other religious communities,20-24,615617,298031,317586,193785,116647,77138,254206,112879,141327,168363,85995,82368,167626,68505,99121,61263,29078,32185
Rural,INDIA,Other religious communities,25-29,555543,276333,279210,232516,149247,83269,235073,104371,130702,153977,79810,74167,87954,22715,65239,31629,11314,20315
Rural,INDIA,Other religious communities,30-34,471927,230464,241463,220780,140327,80453,195019,81101,113918,124911,61798,63113,56128,9036,47092,16762,3994,12768
Rural,INDIA,Other religious communities,35-39,467090,230566,236524,231603,148165,83438,187740,76794,110946,117986,57409,60577,47747,5607,42140,12759,2194,10565
Rural,INDIA,Other religious communities,40-49,771893,387778,384115,394636,256582,138054,299904,122365,177539,177498,86941,90557,77353,8831,68522,16111,2550,13561
Rural,INDIA,Other religious communities,50-59,490015,243116,246899,235527,157070,78457,179221,74316,104905,89392,45375,44017,75267,11730,63537,9337,1880,7457
Rural,INDIA,Other religious communities,60-69,350847,161587,189260,117388,78973,38415,101911,46362,55549,37289,20164,17125,131548,36252,95296,7116,2206,4910
Rural,INDIA,Other religious communities,70-79,121763,54899,66864,26722,18827,7895,21587,11186,10401,6015,3504,2511,73454,24886,48568,1822,668,1154
Rural,INDIA,Other religious communities,80+,37355,16967,20388,6308,4248,2060,5127,2661,2466,1739,980,759,25920,10058,15862,422,157,265
Rural,INDIA,Other religious communities,Age not stated,13970,7041,6929,3131,1976,1155,2802,1269,1533,1366,713,653,8037,3796,4241,341,144,197
Rural,INDIA,Other religious communities,15-59,4084301,2031319,2052982,1612597,1028571,584026,1555156,670303,884853,952177,480404,471773,916548,332445,584103,231567,95770,135797
Rural,INDIA,Other religious communities,60+,509965,233453,276512,150418,102048,48370,128625,60209,68416,45043,24648,20395,230922,71196,159726,9360,3031,6329
Urban,INDIA,All religious communities,Total,377106125,195489200,181616925,116697150,95114646,21582504,16448626,9988216,6460410,7144284,4738898,2405386,243960349,90386338,153574011,22455391,9299459,13155932
Urban,INDIA,All religious communities,5-9,33120514,17475207,15645307,300994,178533,122461,346665,184832,161833,94748,51914,42834,32472855,17111842,15361013,315037,169967,145070
Urban,INDIA,All religious communities,10-14,35904718,18930677,16974041,783243,542905,240338,595420,332586,262834,204183,121794,82389,34526055,18055186,16470869,768998,437177,331821
Urban,INDIA,All religious communities,15-19,36623977,19411839,17212138,4437778,3508634,929144,1553532,993192,560340,820095,555651,264444,30632667,14910013,15722654,4822869,2713656,2109213
Urban,INDIA,All religious communities,20-24,37589176,19446031,18143145,11693916,9518223,2175693,2385846,1556485,829361,1346795,929008,417787,23509414,8371323,15138091,6340794,3130005,3210789
Urban,INDIA,All religious communities,25-29,35345695,17968219,17377476,16625939,13565241,3060698,2300646,1452110,848536,1187421,801974,385447,16419110,2950868,13468242,3918645,1391814,2526831
Urban,INDIA,All religious communities,30-34,30683172,15726482,14956690,16377748,13392909,2984839,1926864,1155540,771324,896383,587943,308440,12378560,1178033,11200527,2071106,497096,1574010
Urban,INDIA,All religious communities,35-39,29077977,14793820,14284157,16181917,13025828,3156089,1813213,1035479,777734,796501,504618,291883,11082847,732513,10350334,1507859,253732,1254127
Urban,INDIA,All religious communities,40-49,46487203,24253995,22233208,26441078,21558287,4882791,2676131,1548155,1127976,1020547,665213,355334,17369994,1147553,16222441,1541870,274499,1267371
Urban,INDIA,All religious communities,50-59,30322007,15973202,14348805,15969816,13306733,2663083,1523794,904193,619601,453868,303215,150653,12828397,1762276,11066121,620901,178995,441906
Urban,INDIA,All religious communities,60-69,18911175,9506172,9405003,5529889,4568964,960925,863398,531997,331401,215689,145881,69808,12517888,4405211,8112677,373316,171347,201969
Urban,INDIA,All religious communities,70-79,8250028,4050499,4199529,1461077,1220713,240364,269205,174718,94487,52449,35858,16591,6519746,2655068,3864678,89477,41802,47675
Urban,INDIA,All religious communities,80+,3394015,1517899,1876116,476616,388888,87728,96531,59350,37181,23204,14836,8368,2820868,1069661,1751207,40361,17019,23342
Urban,INDIA,All religious communities,Age not stated,1576350,839461,736889,417139,338788,78351,97381,59579,37802,32401,20993,11408,1061830,441094,620736,44158,22350,21808
Urban,INDIA,All religious communities,15-59,246129207,127573588,118555619,107728192,87875855,19852337,14180026,8645154,5534872,6521610,4347622,2173988,124220989,31052579,93168410,20824044,8439797,12384247
Urban,INDIA,All religious communities,60+,30555218,15074570,15480648,7467582,6178565,1289017,1229134,766065,463069,291342,196575,94767,21858502,8129940,13728562,503154,230168,272986
Urban,INDIA,Hindu,Total,282163402,146883321,135280081,90016347,72895001,17121346,12138664,7273145,4865519,5269142,3447882,1821260,180008391,66715175,113293216,16913227,6954344,9958883
Urban,INDIA,Hindu,5-9,23612998,12543265,11069733,210565,125025,85540,243478,130173,113305,65798,35987,29811,23158955,12288067,10870888,216629,116974,99655
Urban,INDIA,Hindu,10-14,25837186,13703606,12133580,516569,351901,164668,402730,223548,179182,136998,80502,56496,24917887,13128157,11789730,519760,292345,227415
Urban,INDIA,Hindu,15-19,26458600,14152841,12305759,2988924,2331704,657220,1050612,668807,381805,560995,377162,183833,22419064,11152330,11266734,3460991,1953172,1507819
Urban,INDIA,Hindu,20-24,27792527,14424461,13368066,8587605,6907724,1679881,1713032,1106355,606677,978298,668097,310201,17491890,6410382,11081508,4822656,2393009,2429647
Urban,INDIA,Hindu,25-29,26825878,13683294,13142584,12800738,10357070,2443668,1711123,1068559,642564,888192,593880,294312,12314017,2257665,10056352,3025784,1082524,1943260
Urban,INDIA,Hindu,30-34,23539096,12111156,11427940,12759460,10363477,2395983,1450746,858247,592499,677569,438360,239209,9328890,889432,8439458,1605513,384960,1220553
Urban,INDIA,Hindu,35-39,22395595,11432086,10963509,12651860,10111599,2540261,1372675,771227,601448,605324,377040,228284,8371060,549260,7821800,1169624,194105,975519
Urban,INDIA,Hindu,40-49,36096240,18885653,17210587,20792780,16865587,3927193,2031278,1155544,875734,773384,494818,278566,13272182,864522,12407660,1197662,209220,988442
Urban,INDIA,Hindu,50-59,23681549,12544877,11136672,12665368,10525852,2139516,1160051,676482,483569,342174,223787,118387,9856130,1342543,8513587,476208,134729,341479
Urban,INDIA,Hindu,60-69,14606728,7352434,7254294,4237903,3470306,767597,655951,396334,259617,160824,106372,54452,9712874,3485794,6227080,285896,132151,153745
Urban,INDIA,Hindu,70-79,6424815,3159156,3265659,1127495,936453,191042,205983,132244,73739,39145,26268,12877,5091337,2090459,3000878,68337,31811,36526
Urban,INDIA,Hindu,80+,2623049,1174520,1448529,366690,298068,68622,72570,44289,28281,17127,10784,6343,2183789,832163,1351626,31273,13045,18228
Urban,INDIA,Hindu,Age not stated,1114601,590894,523707,310390,250235,60155,68435,41336,27099,23314,14825,8489,735776,299323,436453,32894,16299,16595
Urban,INDIA,Hindu,15-59,186789485,97234368,89555117,83246735,67463013,15783722,10489517,6305221,4184296,4825936,3173144,1652792,93053233,23466134,69587099,15758438,6351719,9406719
Urban,INDIA,Hindu,60+,23654592,11686110,11968482,5732088,4704827,1027261,934504,572867,361637,217096,143424,73672,16988000,6408416,10579584,385506,177007,208499
Urban,INDIA,Muslim,Total,68740419,35403944,33336475,18301316,15860541,2440775,3238505,2111655,1126850,1436562,1028255,408307,47200598,17431748,29768850,3923054,1683235,2239819
Urban,INDIA,Muslim,5-9,7502133,3876288,3625845,71842,42755,29087,78393,41530,36863,22601,12504,10097,7351898,3792003,3559895,78278,42419,35859
Urban,INDIA,Muslim,10-14,7808187,4040295,3767892,227848,165845,62003,153363,87887,65476,55535,34722,20813,7426976,3786563,3640413,207217,121974,85243
Urban,INDIA,Muslim,15-19,7803214,4030237,3772977,1249784,1031812,217972,416996,273620,143376,214834,151298,63536,6136434,2724805,3411629,1053967,590684,463283
Urban,INDIA,Muslim,20-24,7319393,3781388,3538005,2409006,2100519,308487,524644,362178,162466,283132,208226,74906,4385743,1318691,3067052,1043823,506461,537362
Urban,INDIA,Muslim,25-29,6144736,3113910,3030826,2685045,2357821,327224,441446,297655,143791,221792,161064,60728,3018245,458434,2559811,592410,200602,391808
Urban,INDIA,Muslim,30-34,5032925,2569047,2463878,2457543,2148075,309468,352312,228437,123875,162699,116647,46052,2223070,192535,2030535,308660,72021,236639
Urban,INDIA,Muslim,35-39,4672538,2379463,2293075,2377903,2054123,323780,325739,203606,122133,142776,100208,42568,1968896,121734,1847162,226354,38137,188217
Urban,INDIA,Muslim,40-49,6916519,3642600,3273919,3626573,3163122,463451,464941,297101,167840,184596,133736,50860,2825005,182377,2642628,226418,41166,185252
Urban,INDIA,Muslim,50-59,4143256,2170577,1972679,1986069,1746137,239932,252607,165123,87484,83921,62173,21748,1904580,259317,1645263,96448,28878,67570
Urban,INDIA,Muslim,60-69,2705906,1374165,1331741,848003,737856,110147,145737,99062,46675,42468,31728,10740,1712166,537247,1174919,59706,26639,33067
Urban,INDIA,Muslim,70-79,1076884,535579,541305,211938,184712,27226,42847,29989,12858,10296,7665,2631,822099,320878,501221,15064,7163,7901
Urban,INDIA,Muslim,80+,459015,206717,252298,73693,62573,11120,17158,11084,6074,4867,3347,1520,368164,133060,235104,6716,2956,3760
Urban,INDIA,Muslim,Age not stated,333158,175685,157473,76069,65191,10878,22322,14383,7939,7045,4937,2108,234767,96111,138656,7993,4135,3858
Urban,INDIA,Muslim,15-59,42032581,21687222,20345359,16791923,14601609,2190314,2778685,1827720,950965,1293750,933352,360398,22461973,5257893,17204080,3548080,1477949,2070131
Urban,INDIA,Muslim,60+,4241805,2116461,2125344,1133634,985141,148493,205742,140135,65607,57631,42740,14891,2902429,991185,1911244,81486,36758,44728
Urban,INDIA,Christian,Total,11162523,5455286,5707237,3731475,2586925,1144550,527815,284438,243377,212676,119774,92902,6903233,2583923,4319310,833671,308883,524788
Urban,INDIA,Christian,5-9,845342,431045,414297,6014,3375,2639,9481,4803,4678,2578,1335,1243,829847,422867,406980,9970,5092,4878
Urban,INDIA,Christian,10-14,961819,486140,475679,13174,7771,5403,16330,8363,7967,4765,2510,2255,932315,470006,462309,20734,10720,10014
Urban,INDIA,Christian,15-19,970215,481676,488539,72138,47116,25022,36062,19672,16390,18287,10224,8063,862015,414888,447127,150987,77748,73239
Urban,INDIA,Christian,20-24,994718,477897,516821,284453,183189,101264,68253,37748,30505,40857,23448,17409,642012,256960,385052,235573,107955,127618
Urban,INDIA,Christian,25-29,974863,463304,511559,486193,328555,157638,71105,38814,32291,38940,22143,16797,417565,95935,321630,154553,50771,103782
Urban,INDIA,Christian,30-34,892491,431237,461254,515434,359443,155991,62009,32823,29186,28789,15821,12968,315048,38971,276077,86387,18565,67822
Urban,INDIA,Christian,35-39,871662,417681,453981,531117,363646,167471,58662,29531,29131,24990,13232,11758,281883,24504,257379,63981,10021,53960
Urban,INDIA,Christian,40-49,1539621,754130,785491,955233,661655,293578,95352,49224,46128,32044,17919,14125,489036,43251,445785,67537,11950,55587
Urban,INDIA,Christian,50-59,1128648,557247,571401,615283,444611,170672,62202,34710,27492,14001,8516,5485,451163,77926,373237,26321,8128,18193
Urban,INDIA,Christian,60-69,705613,337929,367684,184370,138625,45745,32885,19584,13301,5243,3326,1917,488358,179720,308638,13248,6026,7222
Urban,INDIA,Christian,70-79,339470,153666,185804,46912,34528,12384,10528,6387,4141,1161,731,430,282030,112751,169279,2583,1147,1436
Urban,INDIA,Christian,80+,137952,55530,82422,12896,8821,4075,3078,1776,1302,463,252,211,121978,44933,77045,972,365,607
Urban,INDIA,Christian,Age not stated,26634,13342,13292,8258,5590,2668,1868,1003,865,558,317,241,16508,6749,9759,825,395,430
Urban,INDIA,Christian,15-59,7372218,3583172,3789046,3459851,2388215,1071636,453645,242522,211123,197908,111303,86605,3458722,952435,2506287,785339,285138,500201
Urban,INDIA,Christian,60+,1183035,547125,635910,244178,181974,62204,46491,27747,18744,6867,4309,2558,892366,337404,554962,16803,7538,9265
Urban,INDIA,Sikh,Total,5902324,3109383,2792941,1868658,1577388,291270,194963,119199,75764,82280,53404,28876,3838703,1412796,2425907,323948,142516,181432
Urban,INDIA,Sikh,5-9,431239,240112,191127,4185,2570,1615,6641,3708,2933,1593,923,670,420413,233834,186579,4400,2481,1919
Urban,INDIA,Sikh,10-14,488805,276230,212575,9840,7271,2569,10159,5914,4245,3135,1947,1188,468806,263045,205761,9804,5987,3817
Urban,INDIA,Sikh,15-19,557453,310258,247195,55435,46974,8461,20752,13596,7156,11298,7729,3569,481266,249688,231578,69120,42185,26935
Urban,INDIA,Sikh,20-24,592865,314154,278711,175403,147628,27775,29998,19601,10397,17414,11692,5722,387464,146925,240539,98093,50076,48017
Urban,INDIA,Sikh,25-29,540567,279804,260763,259911,215978,43933,25669,16021,9648,13026,8427,4599,254987,47805,207182,55828,20153,35675
Urban,INDIA,Sikh,30-34,465101,239154,225947,248128,208518,39610,19736,11785,7951,8626,5350,3276,197237,18851,178386,26431,6595,19836
Urban,INDIA,Sikh,35-39,440069,220824,219245,237599,198033,39566,17697,10090,7607,7177,4360,2817,184773,12701,172072,18718,3362,15356
Urban,INDIA,Sikh,40-49,781699,392781,388918,423125,355403,67722,28651,16272,12379,10375,6435,3940,329923,21106,308817,21829,4103,17726
Urban,INDIA,Sikh,50-59,568694,293261,275433,292650,250193,42457,17568,10591,6977,5125,3458,1667,258476,32477,225999,10060,3066,6994
Urban,INDIA,Sikh,60-69,387497,196816,190681,115293,102927,12366,11727,7491,4236,3129,2129,1000,260477,86398,174079,7031,3214,3817
Urban,INDIA,Sikh,70-79,172955,90542,82413,33535,30235,3300,4165,2767,1398,870,623,247,135255,57540,77715,1652,825,827
Urban,INDIA,Sikh,80+,77056,39182,37874,10302,8972,1330,1633,1024,609,331,217,114,65121,29186,35935,640,316,324
Urban,INDIA,Sikh,Age not stated,11094,5930,5164,3252,2686,566,567,339,228,181,114,67,7275,2905,4370,342,153,189
Urban,INDIA,Sikh,15-59,3946448,2050236,1896212,1692251,1422727,269524,160071,97956,62115,73041,47451,25590,2094126,529553,1564573,300079,129540,170539
Urban,INDIA,Sikh,60+,637508,326540,310968,159130,142134,16996,17525,11282,6243,4330,2969,1361,460853,173124,287729,9323,4355,4968
Urban,INDIA,Buddhist,Total,3628123,1838988,1789135,1151572,857595,293977,147626,87864,59762,66041,42785,23256,2328925,893529,1435396,189990,88396,101594
Urban,INDIA,Buddhist,5-9,292360,152351,140009,2993,1633,1360,2373,1266,1107,471,240,231,286994,149452,137542,2095,1095,1000
Urban,INDIA,Buddhist,10-14,334135,173426,160709,6512,4074,2438,3831,2092,1739,1053,628,425,323792,167260,156532,4276,2332,1944
Urban,INDIA,Buddhist,15-19,345510,178332,167178,34183,24826,9357,10504,6652,3852,5314,3518,1796,300823,146854,153969,34017,19525,14492
Urban,INDIA,Buddhist,20-24,390280,193807,196473,108008,81138,26870,20756,13469,7287,11394,7806,3588,261516,99200,162316,58840,30644,28196
Urban,INDIA,Buddhist,25-29,370270,184352,185918,169088,127298,41790,22744,14346,8398,11901,7967,3934,178438,42708,135730,40653,18227,22426
Urban,INDIA,Buddhist,30-34,312663,157873,154790,173531,130045,43486,19260,11533,7727,9329,6066,3263,119872,16295,103577,19606,6959,12647
Urban,INDIA,Buddhist,35-39,290770,145448,145322,172467,126046,46421,18161,10330,7831,8384,5255,3129,100142,9072,91070,11726,3146,8580
Urban,INDIA,Buddhist,40-49,451291,230628,220663,272553,202977,69576,25584,14339,11245,10493,6594,3899,153154,13312,139842,10441,2800,7641
Urban,INDIA,Buddhist,50-59,284425,148113,136312,153137,118334,34803,13464,7756,5708,4497,2820,1677,117824,22023,95801,4239,1625,2614
Urban,INDIA,Buddhist,60-69,175174,83288,91886,41353,28542,12811,7369,4043,3326,2226,1309,917,126452,50703,75749,2714,1390,1324
Urban,INDIA,Buddhist,70-79,71624,33194,38430,10080,7173,2907,2186,1270,916,546,339,207,59358,24751,34607,697,326,371
Urban,INDIA,Buddhist,80+,26787,11535,15252,3876,2762,1114,686,373,313,178,105,73,22225,8400,13825,319,145,174
Urban,INDIA,Buddhist,Age not stated,11978,6311,5667,3791,2747,1044,708,395,313,255,138,117,7479,3169,4310,367,182,185
Urban,INDIA,Buddhist,15-59,2445209,1238553,1206656,1082967,810664,272303,130473,78425,52048,61312,40026,21286,1231769,349464,882305,179522,82926,96596
Urban,INDIA,Buddhist,60+,273585,128017,145568,55309,38477,16832,10241,5686,4555,2950,1753,1197,208035,83854,124181,3730,1861,1869
Urban,INDIA,Jain,Total,3546944,1810520,1736424,1157475,1005066,152409,67917,39470,28447,16838,10178,6660,2321552,765984,1555568,113262,47277,65985
Urban,INDIA,Jain,5-9,238093,126843,111250,2091,1203,888,2021,1080,941,432,248,184,233981,124560,109421,1478,761,717
Urban,INDIA,Jain,10-14,264186,140885,123301,3587,2563,1024,2443,1329,1114,573,321,252,258156,136993,121163,2597,1393,1204
Urban,INDIA,Jain,15-19,279822,148364,131458,11568,9110,2458,4341,2576,1765,1760,1071,689,263913,136678,127235,18601,10615,7986
Urban,INDIA,Jain,20-24,299461,152718,146743,76307,60149,16158,8970,5308,3662,4019,2382,1637,214184,87261,126923,39757,20099,19658
Urban,INDIA,Jain,25-29,311173,155331,155842,152701,126813,25888,8855,5375,3480,3004,1854,1150,149617,23143,126474,21222,7550,13672
Urban,INDIA,Jain,30-34,299410,149727,149683,157708,136480,21228,7360,4325,3035,1737,1047,690,134342,8922,125420,9419,2151,7268
Urban,INDIA,Jain,35-39,282544,139940,142604,150452,130112,20340,6778,3762,3016,1453,849,604,125314,6066,119248,6618,1166,5452
Urban,INDIA,Jain,40-49,515966,260554,255412,278379,244250,34129,11346,6212,5134,2040,1260,780,226241,10092,216149,7152,1301,5851
Urban,INDIA,Jain,50-59,398812,205318,193494,204061,183711,20350,8011,4635,3376,1043,665,378,186740,16972,169768,3336,918,2418
Urban,INDIA,Jain,60-69,254466,128179,126287,84186,77601,6585,4612,2895,1717,496,316,180,165668,47683,117985,2087,870,1217
Urban,INDIA,Jain,70-79,127846,62552,65294,25883,23890,1993,2055,1304,751,135,78,57,99908,37358,62550,562,247,315
Urban,INDIA,Jain,80+,50627,22218,28409,6851,6078,773,682,419,263,57,34,23,43094,15721,27373,234,107,127
Urban,INDIA,Jain,Age not stated,12236,6199,6037,3701,3106,595,443,250,193,89,53,36,8092,2843,5249,199,99,100
Urban,INDIA,Jain,15-59,2387188,1211952,1175236,1031176,890625,140551,55661,32193,23468,15056,9128,5928,1300351,289134,1011217,106105,43800,62305
Urban,INDIA,Jain,60+,432939,212949,219990,116920,107569,9351,7349,4618,2731,688,428,260,308670,100762,207908,2883,1224,1659
Urban,INDIA,Other religious communities,Total,738727,368170,370557,205222,142868,62354,57965,30265,27700,30075,17928,12147,475540,195037,280503,57868,25705,32163
Urban,INDIA,Other religious communities,5-9,71331,36850,34481,434,235,199,681,357,324,201,108,93,70216,36258,33958,959,493,466
Urban,INDIA,Other religious communities,10-14,80372,40134,40238,1344,732,612,1811,865,946,601,303,298,77217,38537,38680,2453,1227,1226
Urban,INDIA,Other religious communities,15-19,79960,39958,40002,6879,4503,2376,5522,3001,2521,3225,1862,1363,67559,32454,35105,13097,6835,6262
Urban,INDIA,Other religious communities,20-24,73601,35542,38059,18072,12493,5579,8411,4600,3811,5340,3231,2109,47118,18449,28669,16437,7858,8579
Urban,INDIA,Other religious communities,25-29,67547,33186,34361,29306,20167,9139,8705,4812,3893,5269,3271,1998,29536,8207,21329,10706,4503,6203
Urban,INDIA,Other religious communities,30-34,56590,27746,28844,29728,20408,9320,7330,3868,3462,4225,2606,1619,19532,3470,16062,5336,1874,3462
Urban,INDIA,Other religious communities,35-39,52511,25905,26606,29358,20294,9064,6799,3432,3367,3768,2211,1557,16354,2179,14175,3463,1001,2462
Urban,INDIA,Other religious communities,40-49,82262,42150,40112,48239,34215,14024,9897,4912,4985,4589,2701,1888,24126,3023,21103,3184,922,2262
Urban,INDIA,Other religious communities,50-59,52506,26488,26018,28406,20324,8082,5097,2479,2618,1889,1104,785,19003,3685,15318,1203,472,731
Urban,INDIA,Other religious communities,60-69,33643,16197,17446,9211,6521,2690,2578,1323,1255,693,373,320,21854,8353,13501,650,320,330
Urban,INDIA,Other religious communities,70-79,16323,7642,8681,2605,1846,759,639,345,294,121,65,56,13079,5451,7628,175,95,80
Urban,INDIA,Other religious communities,80+,7916,3433,4483,844,583,261,204,108,96,45,27,18,6868,2742,4126,73,36,37
Urban,INDIA,Other religious communities,Age not stated,3084,1587,1497,796,547,249,291,163,128,109,66,43,1997,877,1120,132,69,63
Urban,INDIA,Other religious communities,15-59,464977,230975,234002,189988,132404,57584,51761,27104,24657,28305,16986,11319,223228,71467,151761,53426,23465,29961
Urban,INDIA,Other religious communities,60+,57882,27272,30610,12660,8950,3710,3421,1776,1645,859,465,394,41801,16546,25255,898,451,447
Total,State - JAMMU & KASHMIR,All religious communities,Total,12541302,6640662,5900640,2644149,2305788,338361,1678564,889302,789262,836801,542984,293817,8218589,3445572,4773017,1137893,454392,683501
Total,State - JAMMU & KASHMIR,All religious communities,5-9,1411973,746818,665155,7874,4589,3285,22915,11893,11022,6745,3617,3128,1381184,730336,650848,27707,14901,12806
Total,State - JAMMU & KASHMIR,All religious communities,10-14,1413853,744855,668998,17654,11585,6069,66480,33290,33190,21792,11904,9888,1329719,699980,629739,71182,37415,33767
Total,State - JAMMU & KASHMIR,All religious communities,15-19,1237462,640362,597100,69907,54025,15882,158419,82888,75531,89504,53040,36464,1009136,503449,505687,270213,140812,129401
Total,State - JAMMU & KASHMIR,All religious communities,20-24,1160913,603578,557335,240918,206153,34765,237987,126911,111076,148434,92570,55864,682008,270514,411494,297423,137793,159630
Total,State - JAMMU & KASHMIR,All religious communities,25-29,1086122,584559,501563,407604,356210,51394,234709,122381,112328,137491,87118,50373,443809,105968,337841,182209,62944,119265
Total,State - JAMMU & KASHMIR,All religious communities,30-34,926903,495746,431157,399616,347849,51767,203729,105258,98471,111720,72731,38989,323558,42639,280919,97984,22875,75109
Total,State - JAMMU & KASHMIR,All religious communities,35-39,837945,441265,396680,374782,325547,49235,182640,93068,89572,94360,62069,32291,280523,22650,257873,66218,9987,56231
Total,State - JAMMU & KASHMIR,All religious communities,40-49,1304875,699299,605576,597742,525918,71824,273346,139270,134076,124703,84557,40146,433787,34111,399676,69253,9940,59313
Total,State - JAMMU & KASHMIR,All religious communities,50-59,808597,428352,380245,333370,297609,35761,159168,84630,74538,59739,42652,17087,316059,46113,269946,29572,6998,22574
Total,State - JAMMU & KASHMIR,All religious communities,60-69,526691,276170,250521,129505,117406,12099,92798,57690,35108,29265,22562,6703,304388,101074,203314,17158,6802,10356
Total,State - JAMMU & KASHMIR,All religious communities,70-79,269095,140566,128529,46418,42256,4162,33717,23392,10325,9090,7258,1832,188960,74918,114042,5685,2532,3153
Total,State - JAMMU & KASHMIR,All religious communities,80+,126870,65844,61026,15840,14064,1776,11422,7880,3542,3415,2543,872,99608,43900,55708,2596,1084,1512
Total,State - JAMMU & KASHMIR,All religious communities,Age not stated,15119,9747,5372,2919,2577,342,1234,751,483,543,363,180,10966,6419,4547,693,309,384
Total,State - JAMMU & KASHMIR,All religious communities,15-59,7362817,3893161,3469656,2423939,2113311,310628,1449998,754406,695592,765951,494737,271214,3488880,1025444,2463436,1012872,391349,621523
Total,State - JAMMU & KASHMIR,All religious communities,60+,922656,482580,440076,191763,173726,18037,137937,88962,48975,41770,32363,9407,592956,219892,373064,25439,10418,15021
Total,State - JAMMU & KASHMIR,Hindu,Total,3566674,1987021,1579653,1045928,926009,119919,380488,201620,178868,155780,102991,52789,2140258,859392,1280866,264959,105577,159382
Total,State - JAMMU & KASHMIR,Hindu,5-9,320916,175655,145261,1558,919,639,4272,2232,2040,1116,607,509,315086,172504,142582,4254,2368,1886
Total,State - JAMMU & KASHMIR,Hindu,10-14,336090,182086,154004,3696,2538,1158,14262,7178,7084,3154,1776,1378,318132,172370,145762,10409,5685,4724
Total,State - JAMMU & KASHMIR,Hindu,15-19,321129,172742,148387,20050,16129,3921,34371,18641,15730,16512,10382,6130,266708,137972,128736,59013,32558,26455
Total,State - JAMMU & KASHMIR,Hindu,20-24,348796,195604,153192,103351,91816,11535,55562,31029,24533,31462,20776,10686,189883,72759,117124,77399,36255,41144
Total,State - JAMMU & KASHMIR,Hindu,25-29,378998,231569,147429,194565,175890,18675,55398,29552,25846,28222,18425,9797,129035,26127,102908,46589,15088,31501
Total,State - JAMMU & KASHMIR,Hindu,30-34,313095,184697,128398,169686,150956,18730,46408,24010,22398,21348,14125,7223,97001,9731,87270,24175,4842,19333
Total,State - JAMMU & KASHMIR,Hindu,35-39,271507,154148,117359,144967,127730,17237,40766,20904,19862,17558,11690,5868,85774,5514,80260,15872,2085,13787
Total,State - JAMMU & KASHMIR,Hindu,40-49,424771,239661,185110,225282,198441,26841,60288,30038,30250,20783,14150,6633,139201,11182,128019,15835,2628,13207
Total,State - JAMMU & KASHMIR,Hindu,50-59,260074,140589,119485,119829,105448,14381,36178,18367,17811,9475,6633,2842,104067,16774,87293,6350,1949,4401
Total,State - JAMMU & KASHMIR,Hindu,60-69,160191,82010,78181,40309,35863,4446,21451,12274,9177,4303,3109,1194,98431,33873,64558,3431,1464,1967
Total,State - JAMMU & KASHMIR,Hindu,70-79,85822,42490,43332,15672,14051,1621,8408,5350,3058,1229,896,333,61742,23089,38653,1066,427,639
Total,State - JAMMU & KASHMIR,Hindu,80+,43654,21056,22598,5963,5326,637,2850,1870,980,532,363,169,34841,13860,20981,441,178,263
Total,State - JAMMU & KASHMIR,Hindu,Age not stated,3611,2366,1245,1000,902,98,274,175,99,86,59,27,2337,1289,1048,125,50,75
Total,State - JAMMU & KASHMIR,Hindu,15-59,2318370,1319010,999360,977730,866410,111320,328971,172541,156430,145360,96181,49179,1011669,280059,731610,245233,95405,149828
Total,State - JAMMU & KASHMIR,Hindu,60+,289667,145556,144111,61944,55240,6704,32709,19494,13215,6064,4368,1696,195014,70822,124192,4938,2069,2869
Total,State - JAMMU & KASHMIR,Muslim,Total,8567485,4428774,4138711,1472259,1276737,195522,1260201,668483,591718,664487,430685,233802,5835025,2483554,3351471,834513,332830,501683
Total,State - JAMMU & KASHMIR,Muslim,5-9,1058931,553506,505425,6063,3516,2547,17961,9298,8663,5440,2905,2535,1034907,540692,494215,22712,12138,10574
Total,State - JAMMU & KASHMIR,Muslim,10-14,1043207,543825,499382,13464,8714,4750,50825,25398,25427,18179,9886,8293,978918,509713,469205,59207,30849,28358
Total,State - JAMMU & KASHMIR,Muslim,15-19,881127,448848,432279,48151,36597,11554,121414,62788,58626,71426,41747,29679,711562,349463,362099,203145,103888,99257
Total,State - JAMMU & KASHMIR,Muslim,20-24,773509,386794,386715,127217,105440,21777,177956,93479,84477,114063,70178,43885,468336,187875,280461,209269,96542,112727
Total,State - JAMMU & KASHMIR,Muslim,25-29,664749,327511,337238,191334,161752,29582,174207,90283,83924,106377,67157,39220,299208,75476,223732,128569,45243,83326
Total,State - JAMMU & KASHMIR,Muslim,30-34,578134,290253,287881,209382,179995,29387,153017,79147,73870,88183,57426,30757,215735,31111,184624,70308,17089,53219
Total,State - JAMMU & KASHMIR,Muslim,35-39,535466,270192,265274,212520,183988,28532,137921,70230,67691,74931,49320,25611,185025,15974,169051,47950,7411,40539
Total,State - JAMMU & KASHMIR,Muslim,40-49,828947,431745,397202,344296,304838,39458,206792,106245,100547,101538,69040,32498,277859,20662,257197,50977,6779,44198
Total,State - JAMMU & KASHMIR,Muslim,50-59,515078,270244,244834,197524,179310,18214,118734,64276,54458,49087,35324,13763,198820,26658,172162,22226,4721,17505
Total,State - JAMMU & KASHMIR,Muslim,60-69,344970,182934,162036,83593,77091,6502,68475,43872,24603,24358,19061,5297,192902,61971,130931,13143,5064,8079
Total,State - JAMMU & KASHMIR,Muslim,70-79,171113,91673,79440,28416,26339,2077,24001,17283,6718,7674,6234,1440,118696,48051,70645,4443,2024,2419
Total,State - JAMMU & KASHMIR,Muslim,80+,77056,41517,35539,8972,8013,959,8074,5714,2360,2814,2133,681,60010,27790,32220,2062,869,1193
Total,State - JAMMU & KASHMIR,Muslim,Age not stated,8858,5457,3401,1327,1144,183,824,470,354,417,274,143,6707,3843,2864,502,213,289
Total,State - JAMMU & KASHMIR,Muslim,15-59,4777010,2425587,2351423,1330424,1151920,178504,1090041,566448,523593,605605,390192,215413,2356545,707219,1649326,732444,281673,450771
Total,State - JAMMU & KASHMIR,Muslim,60+,593139,316124,277015,120981,111443,9538,100550,66869,33681,34846,27428,7418,371608,137812,233796,19648,7957,11691
Total,State - JAMMU & KASHMIR,Christian,Total,35631,21523,14108,14049,12223,1826,2659,1547,1112,1243,822,421,18923,7753,11170,2988,1166,1822
Total,State - JAMMU & KASHMIR,Christian,5-9,3005,1576,1429,15,9,6,50,30,20,17,12,5,2940,1537,1403,78,37,41
Total,State - JAMMU & KASHMIR,Christian,10-14,3069,1654,1415,54,43,11,94,46,48,32,16,16,2921,1565,1356,134,83,51
Total,State - JAMMU & KASHMIR,Christian,15-19,2999,1586,1413,247,214,33,226,138,88,139,88,51,2526,1234,1292,754,377,377
Total,State - JAMMU & KASHMIR,Christian,20-24,3794,2321,1473,1588,1457,131,421,234,187,259,159,100,1785,630,1155,801,362,439
Total,State - JAMMU & KASHMIR,Christian,25-29,4773,3404,1369,3084,2884,200,435,252,183,219,136,83,1254,268,986,540,165,375
Total,State - JAMMU & KASHMIR,Christian,30-34,3636,2557,1079,2508,2268,240,309,195,114,136,112,24,819,94,725,221,50,171
Total,State - JAMMU & KASHMIR,Christian,35-39,2940,1863,1077,1913,1642,271,298,159,139,129,81,48,729,62,667,180,21,159
Total,State - JAMMU & KASHMIR,Christian,40-49,4336,2803,1533,3011,2472,539,413,235,178,186,125,61,912,96,816,147,32,115
Total,State - JAMMU & KASHMIR,Christian,50-59,2065,1108,957,1160,847,313,205,125,80,76,56,20,700,136,564,62,19,43
Total,State - JAMMU & KASHMIR,Christian,60-69,1066,567,499,293,234,59,137,81,56,34,23,11,636,252,384,47,10,37
Total,State - JAMMU & KASHMIR,Christian,70-79,554,287,267,105,88,17,50,36,14,9,7,2,399,163,236,14,2,12
Total,State - JAMMU & KASHMIR,Christian,80+,268,150,118,54,49,5,18,14,4,5,5,0,196,87,109,9,7,2
Total,State - JAMMU & KASHMIR,Christian,Age not stated,38,31,7,17,16,1,3,2,1,2,2,0,18,13,5,1,1,0
Total,State - JAMMU & KASHMIR,Christian,15-59,24543,15642,8901,13511,11784,1727,2307,1338,969,1144,757,387,8725,2520,6205,2705,1026,1679
Total,State - JAMMU & KASHMIR,Christian,60+,1888,1004,884,452,371,81,205,131,74,48,35,13,1231,502,729,70,19,51
Total,State - JAMMU & KASHMIR,Sikh,Total,234848,132897,101951,74094,65686,8408,13555,7387,6168,6160,3592,2568,147199,59824,87375,24322,10448,13874
Total,State - JAMMU & KASHMIR,Sikh,5-9,16642,9586,7056,89,59,30,204,113,91,84,44,40,16349,9414,6935,359,199,160
Total,State - JAMMU & KASHMIR,Sikh,10-14,18007,10206,7801,173,127,46,348,188,160,155,80,75,17486,9891,7595,848,484,364
Total,State - JAMMU & KASHMIR,Sikh,15-19,19521,10773,8748,633,544,89,816,490,326,538,327,211,18072,9739,8333,4867,2787,2080
Total,State - JAMMU & KASHMIR,Sikh,20-24,22256,12658,9598,5842,5380,462,1645,922,723,1104,634,470,14769,6356,8413,6886,3385,3501
Total,State - JAMMU & KASHMIR,Sikh,25-29,25007,15700,9307,13116,11970,1146,1861,1005,856,1069,608,461,10030,2725,7305,4480,1766,2714
Total,State - JAMMU & KASHMIR,Sikh,30-34,21265,12779,8486,12242,10849,1393,1596,843,753,844,487,357,7427,1087,6340,2315,640,1675
Total,State - JAMMU & KASHMIR,Sikh,35-39,18630,10314,8316,10199,8853,1346,1513,781,732,734,422,312,6918,680,6238,1594,328,1266
Total,State - JAMMU & KASHMIR,Sikh,40-49,32672,17908,14764,17562,15242,2320,2468,1264,1204,946,552,394,12642,1402,11240,1747,346,1401
Total,State - JAMMU & KASHMIR,Sikh,50-59,21351,11387,9964,9939,8727,1212,1568,819,749,398,238,160,9844,1841,8003,667,217,450
Total,State - JAMMU & KASHMIR,Sikh,60-69,13340,6996,6344,2767,2529,238,925,566,359,209,150,59,9648,3901,5747,397,217,180
Total,State - JAMMU & KASHMIR,Sikh,70-79,7333,3919,3414,1037,967,70,407,259,148,49,28,21,5889,2693,3196,106,61,45
Total,State - JAMMU & KASHMIR,Sikh,80+,3791,2050,1741,402,360,42,195,132,63,29,21,8,3194,1558,1636,45,14,31
Total,State - JAMMU & KASHMIR,Sikh,Age not stated,216,150,66,93,79,14,9,5,4,1,1,0,114,66,48,11,4,7
Total,State - JAMMU & KASHMIR,Sikh,15-59,160702,91519,69183,69533,61565,7968,11467,6124,5343,5633,3268,2365,79702,23830,55872,22556,9469,13087
Total,State - JAMMU & KASHMIR,Sikh,60+,24464,12965,11499,4206,3856,350,1527,957,570,287,199,88,18731,8152,10579,548,292,256
Total,State - JAMMU & KASHMIR,Buddhist,Total,112584,56442,56142,32866,20909,11957,19526,8953,10573,8114,4174,3940,60192,26580,33612,9132,3494,5638
Total,State - JAMMU & KASHMIR,Buddhist,5-9,9666,4957,4709,116,64,52,380,189,191,72,38,34,9170,4704,4466,254,133,121
Total,State - JAMMU & KASHMIR,Buddhist,10-14,10982,5680,5302,218,132,86,856,429,427,232,122,110,9908,5119,4789,487,256,231
Total,State - JAMMU & KASHMIR,Buddhist,15-19,10798,5380,5418,676,434,242,1369,701,668,762,420,342,8753,4245,4508,1964,968,996
Total,State - JAMMU & KASHMIR,Buddhist,20-24,10690,5156,5534,2403,1625,778,2106,1074,1032,1375,713,662,6181,2457,3724,2553,1001,1552
Total,State - JAMMU & KASHMIR,Buddhist,25-29,10604,5109,5495,4583,2883,1700,2474,1079,1395,1426,668,758,3547,1147,2400,1706,547,1159
Total,State - JAMMU & KASHMIR,Buddhist,30-34,9182,4520,4662,5014,3098,1916,2134,903,1231,1088,493,595,2034,519,1515,795,212,583
Total,State - JAMMU & KASHMIR,Buddhist,35-39,8194,4040,4154,4580,2827,1753,1942,861,1081,913,477,436,1672,352,1320,509,111,398
Total,State - JAMMU & KASHMIR,Buddhist,40-49,12479,6287,6192,6819,4283,2536,3106,1325,1781,1123,593,530,2554,679,1875,454,132,322
Total,State - JAMMU & KASHMIR,Buddhist,50-59,9111,4600,4511,4555,2984,1571,2358,977,1381,655,365,290,2198,639,1559,221,73,148
Total,State - JAMMU & KASHMIR,Buddhist,60-69,6416,3322,3094,2352,1525,827,1721,842,879,325,191,134,2343,955,1388,107,33,74
Total,State - JAMMU & KASHMIR,Buddhist,70-79,3879,1991,1888,1102,741,361,806,429,377,107,74,33,1971,821,1150,47,15,32
Total,State - JAMMU & KASHMIR,Buddhist,80+,1875,959,916,413,287,126,268,140,128,32,18,14,1194,532,662,32,12,20
Total,State - JAMMU & KASHMIR,Buddhist,Age not stated,142,85,57,35,26,9,6,4,2,4,2,2,101,55,46,3,1,2
Total,State - JAMMU & KASHMIR,Buddhist,15-59,71058,35092,35966,28630,18134,10496,15489,6920,8569,7342,3729,3613,26939,10038,16901,8202,3044,5158
Total,State - JAMMU & KASHMIR,Buddhist,60+,12170,6272,5898,3867,2553,1314,2795,1411,1384,464,283,181,5508,2308,3200,186,60,126
Total,State - JAMMU & KASHMIR,Jain,Total,2490,1310,1180,823,719,104,108,58,50,46,29,17,1559,533,1026,190,77,113
Total,State - JAMMU & KASHMIR,Jain,5-9,182,96,86,1,0,1,1,0,1,0,0,0,180,96,84,4,3,1
Total,State - JAMMU & KASHMIR,Jain,10-14,205,102,103,1,1,0,4,2,2,1,1,0,200,99,101,5,5,0
Total,State - JAMMU & KASHMIR,Jain,15-19,194,101,93,8,7,1,10,4,6,6,2,4,176,90,86,40,24,16
Total,State - JAMMU & KASHMIR,Jain,20-24,203,112,91,45,40,5,23,16,7,15,11,4,135,56,79,63,27,36
Total,State - JAMMU & KASHMIR,Jain,25-29,241,141,100,127,107,20,16,12,4,8,7,1,98,22,76,37,13,24
Total,State - JAMMU & KASHMIR,Jain,30-34,211,107,104,109,95,14,14,8,6,7,3,4,88,4,84,14,1,13
Total,State - JAMMU & KASHMIR,Jain,35-39,180,102,78,108,91,17,7,6,1,3,2,1,65,5,60,8,1,7
Total,State - JAMMU & KASHMIR,Jain,40-49,348,174,174,185,161,24,20,6,14,5,3,2,143,7,136,10,1,9
Total,State - JAMMU & KASHMIR,Jain,50-59,234,120,114,128,112,16,7,2,5,0,0,0,99,6,93,5,2,3
Total,State - JAMMU & KASHMIR,Jain,60-69,182,82,100,69,64,5,4,1,3,1,0,1,109,17,92,2,0,2
Total,State - JAMMU & KASHMIR,Jain,70-79,100,49,51,35,34,1,2,1,1,0,0,0,63,14,49,2,0,2
Total,State - JAMMU & KASHMIR,Jain,80+,34,19,15,7,7,0,0,0,0,0,0,0,27,12,15,0,0,0
Total,State - JAMMU & KASHMIR,Jain,Age not stated,5,4,1,0,0,0,0,0,0,0,0,0,5,4,1,0,0,0
Total,State - JAMMU & KASHMIR,Jain,15-59,1611,857,754,710,613,97,97,54,43,44,28,16,804,190,614,177,69,108
Total,State - JAMMU & KASHMIR,Jain,60+,316,150,166,111,105,6,6,2,4,1,0,1,199,43,156,4,0,4
Total,State - JAMMU & KASHMIR,Other religious communities,Total,1508,802,706,123,102,21,357,276,81,202,175,27,1028,424,604,45,16,29
Total,State - JAMMU & KASHMIR,Other religious communities,5-9,227,116,111,0,0,0,2,2,0,1,1,0,225,114,111,2,2,0
Total,State - JAMMU & KASHMIR,Other religious communities,10-14,183,97,86,1,1,0,3,1,2,2,1,1,179,95,84,5,3,2
Total,State - JAMMU & KASHMIR,Other religious communities,15-19,122,61,61,6,3,3,29,17,12,14,9,5,87,41,46,8,3,5
Total,State - JAMMU & KASHMIR,Other religious communities,20-24,132,74,58,13,11,2,46,36,10,31,26,5,73,27,46,11,6,5
Total,State - JAMMU & KASHMIR,Other religious communities,25-29,117,59,58,22,18,4,51,38,13,36,30,6,44,3,41,5,1,4
Total,State - JAMMU & KASHMIR,Other religious communities,30-34,105,57,48,19,15,4,49,40,9,23,23,0,37,2,35,3,0,3
Total,State - JAMMU & KASHMIR,Other religious communities,35-39,93,47,46,14,11,3,46,36,10,27,25,2,33,0,33,3,0,3
Total,State - JAMMU & KASHMIR,Other religious communities,40-49,136,76,60,30,27,3,61,48,13,33,29,4,45,1,44,4,0,4
Total,State - JAMMU & KASHMIR,Other religious communities,50-59,64,34,30,10,8,2,33,25,8,14,11,3,21,1,20,1,0,1
Total,State - JAMMU & KASHMIR,Other religious communities,60-69,43,24,19,6,6,0,18,16,2,9,8,1,19,2,17,2,0,2
Total,State - JAMMU & KASHMIR,Other religious communities,70-79,33,21,12,1,1,0,17,16,1,11,11,0,15,4,11,0,0,0
Total,State - JAMMU & KASHMIR,Other religious communities,80+,10,6,4,1,1,0,2,1,1,1,1,0,7,4,3,1,1,0
Total,State - JAMMU & KASHMIR,Other religious communities,Age not stated,2,1,1,0,0,0,0,0,0,0,0,0,2,1,1,0,0,0
Total,State - JAMMU & KASHMIR,Other religious communities,15-59,769,408,361,114,93,21,315,240,75,178,153,25,340,75,265,35,10,25
Total,State - JAMMU & KASHMIR,Other religious communities,60+,86,51,35,8,8,0,37,33,4,21,20,1,41,10,31,3,1,2
Rural,State - JAMMU & KASHMIR,All religious communities,Total,9108060,4774477,4333583,1669814,1453157,216657,1443267,758849,684418,709016,466812,242204,5994979,2562471,3432508,738195,296792,441403
Rural,State - JAMMU & KASHMIR,All religious communities,5-9,1109056,584994,524062,5608,3224,2384,17437,8919,8518,4757,2527,2230,1086011,572851,513160,19023,10169,8854
Rural,State - JAMMU & KASHMIR,All religious communities,10-14,1097236,575511,521725,12708,8235,4473,56602,28019,28583,17396,9475,7921,1027926,539257,488669,51059,26473,24586
Rural,State - JAMMU & KASHMIR,All religious communities,15-19,926108,477098,449010,52092,39705,12387,137157,71170,65987,75221,44894,30327,736859,366223,370636,187499,98384,89115
Rural,State - JAMMU & KASHMIR,All religious communities,20-24,827361,423292,404069,161264,135551,25713,203849,108116,95733,124437,78895,45542,462248,179625,282623,188140,87841,100299
Rural,State - JAMMU & KASHMIR,All religious communities,25-29,738568,385544,353024,251544,218431,33113,199410,102979,96431,114635,73967,40668,287614,64134,223480,106366,36202,70164
Rural,State - JAMMU & KASHMIR,All religious communities,30-34,636137,333062,303075,250752,217976,32776,174834,89468,85366,94772,62599,32173,210551,25618,184933,58617,12951,45666
Rural,State - JAMMU & KASHMIR,All religious communities,35-39,568825,294268,274557,231362,201105,30257,156950,79265,77685,80630,53690,26940,180513,13898,166615,40831,5826,35005
Rural,State - JAMMU & KASHMIR,All religious communities,40-49,879181,462024,417157,361922,320179,41743,235999,119174,116825,107881,74119,33762,281260,22671,258589,47261,6895,40366
Rural,State - JAMMU & KASHMIR,All religious communities,50-59,547487,288445,259042,205864,185691,20173,138899,73276,65623,52260,37730,14530,202724,29478,173246,21142,4883,16259
Rural,State - JAMMU & KASHMIR,All religious communities,60-69,366725,192020,174705,90322,81437,8885,81482,50272,31210,25656,19902,5754,194921,60311,134610,11905,4422,7483
Rural,State - JAMMU & KASHMIR,All religious communities,70-79,191002,100757,90245,33521,30291,3230,29701,20640,9061,8010,6468,1542,127780,49826,77954,4070,1759,2311
Rural,State - JAMMU & KASHMIR,All religious communities,80+,94242,49712,44530,11215,9918,1297,9979,6971,3008,2936,2254,682,73048,32823,40225,1776,741,1035
Rural,State - JAMMU & KASHMIR,All religious communities,Age not stated,10843,6859,3984,1640,1414,226,968,580,388,425,292,133,8235,4865,3370,506,246,260
Rural,State - JAMMU & KASHMIR,All religious communities,15-59,5123667,2663733,2459934,1514800,1318638,196162,1247098,643448,603650,649836,425894,223942,2361769,701647,1660122,649856,252982,396874
Rural,State - JAMMU & KASHMIR,All religious communities,60+,651969,342489,309480,135058,121646,13412,121162,77883,43279,36602,28624,7978,395749,142960,252789,17751,6922,10829
Rural,State - JAMMU & KASHMIR,Hindu,Total,2516370,1361954,1154416,632599,557284,75315,339094,174934,164160,137103,90899,46204,1544677,629736,914941,174836,70288,104548
Rural,State - JAMMU & KASHMIR,Hindu,5-9,249928,136172,113756,980,572,408,3226,1655,1571,797,427,370,245722,133945,111777,2915,1611,1304
Rural,State - JAMMU & KASHMIR,Hindu,10-14,260639,139873,120766,2617,1739,878,12632,6228,6404,2588,1428,1160,245390,131906,113484,7450,4009,3441
Rural,State - JAMMU & KASHMIR,Hindu,15-19,242580,129257,113323,15431,12276,3155,31050,16536,14514,14551,9147,5404,196099,100445,95654,42561,23498,19063
Rural,State - JAMMU & KASHMIR,Hindu,20-24,242603,130433,112170,64307,55861,8446,49513,27126,22387,27586,18334,9252,128783,47446,81337,50282,23511,26771
Rural,State - JAMMU & KASHMIR,Hindu,25-29,245838,140462,105376,111254,99524,11730,48552,25035,23517,24533,16092,8441,86032,15903,70129,28133,8960,19173
Rural,State - JAMMU & KASHMIR,Hindu,30-34,208102,116713,91389,101908,90075,11833,41253,20674,20579,18803,12439,6364,64941,5964,58977,14843,2834,12009
Rural,State - JAMMU & KASHMIR,Hindu,35-39,179479,97703,81776,86794,76223,10571,36266,18006,18260,15491,10334,5157,56419,3474,52945,9835,1251,8584
Rural,State - JAMMU & KASHMIR,Hindu,40-49,275118,149023,126095,130830,115517,15313,53760,25811,27949,18628,12686,5942,90528,7695,82833,10666,1844,8822
Rural,State - JAMMU & KASHMIR,Hindu,50-59,171528,91595,79933,72291,64491,7800,32788,16164,16624,8584,6014,2570,66449,10940,55509,4569,1390,3179
Rural,State - JAMMU & KASHMIR,Hindu,60-69,110408,56042,54366,29461,26098,3363,19621,11018,8603,3901,2814,1087,61326,18926,42400,2399,925,1474
Rural,State - JAMMU & KASHMIR,Hindu,70-79,60755,29898,30857,11942,10642,1300,7690,4883,2807,1122,825,297,41123,14373,26750,776,287,489
Rural,State - JAMMU & KASHMIR,Hindu,80+,32424,15659,16765,4245,3786,459,2554,1681,873,457,317,140,25625,10192,15433,320,127,193
Rural,State - JAMMU & KASHMIR,Hindu,Age not stated,2443,1541,902,539,480,59,189,117,72,62,42,20,1715,944,771,87,41,46
Rural,State - JAMMU & KASHMIR,Hindu,15-59,1565248,855186,710062,582815,513967,68848,293182,149352,143830,128176,85046,43130,689251,191867,497384,160889,63288,97601
Rural,State - JAMMU & KASHMIR,Hindu,60+,203587,101599,101988,45648,40526,5122,29865,17582,12283,5480,3956,1524,128074,43491,84583,3495,1339,2156
Rural,State - JAMMU & KASHMIR,Muslim,Total,6356473,3284844,3071629,970653,842878,127775,1074059,569428,504631,558724,368542,190182,4311761,1872538,2439223,542751,217819,324932
Rural,State - JAMMU & KASHMIR,Muslim,5-9,838822,437655,401167,4449,2545,1904,13704,6999,6705,3814,2020,1794,820669,428111,392558,15700,8341,7359
Rural,State - JAMMU & KASHMIR,Muslim,10-14,814986,423846,391140,9747,6275,3472,42806,21204,21602,14429,7849,6580,762433,396367,366066,42644,21931,20713
Rural,State - JAMMU & KASHMIR,Muslim,15-19,662379,336694,325685,35561,26632,8929,103970,53480,50490,59408,35003,24405,522848,256582,266266,140224,72328,67896
Rural,State - JAMMU & KASHMIR,Muslim,20-24,562639,280935,281704,90896,74620,16276,150904,79203,71701,94593,59312,35281,320839,127112,193727,132149,61709,70440
Rural,State - JAMMU & KASHMIR,Muslim,25-29,469076,231309,237767,128638,109096,19542,146926,76121,70805,87810,56675,31135,193512,46092,147420,74800,25997,48803
Rural,State - JAMMU & KASHMIR,Muslim,30-34,408154,205087,203067,137897,119083,18814,130237,67278,62959,74240,49237,25003,140020,18726,121294,42029,9654,32375
Rural,State - JAMMU & KASHMIR,Muslim,35-39,372983,187976,185007,136064,118299,17765,117614,59862,57752,63638,42531,21107,119305,9815,109490,29841,4333,25508
Rural,State - JAMMU & KASHMIR,Muslim,40-49,577218,298848,278370,217620,194096,23524,177327,91162,86165,87340,60335,27005,182271,13590,168681,35294,4734,30560
Rural,State - JAMMU & KASHMIR,Muslim,50-59,357845,187458,170387,125526,114911,10615,102570,55551,47019,42701,31139,11562,129749,16996,112753,15965,3285,12680
Rural,State - JAMMU & KASHMIR,Muslim,60-69,244100,129732,114368,57264,52669,4595,59428,38015,21413,21262,16778,4484,127408,39048,88360,9152,3334,5818
Rural,State - JAMMU & KASHMIR,Muslim,70-79,122985,67070,55915,19903,18386,1517,20896,15125,5771,6741,5543,1198,82186,33559,48627,3178,1415,1763
Rural,State - JAMMU & KASHMIR,Muslim,80+,57937,32033,25904,6351,5657,694,7007,5050,1957,2420,1896,524,44579,21326,23253,1410,593,817
Rural,State - JAMMU & KASHMIR,Muslim,Age not stated,6431,3879,2552,737,609,128,670,378,292,328,224,104,5024,2892,2132,365,165,200
Rural,State - JAMMU & KASHMIR,Muslim,15-59,3410294,1728307,1681987,872202,756737,115465,929548,482657,446891,509730,334232,175498,1608544,488913,1119631,470302,182040,288262
Rural,State - JAMMU & KASHMIR,Muslim,60+,425022,228835,196187,83518,76712,6806,87331,58190,29141,30423,24217,6206,254173,93933,160240,13740,5342,8398
Rural,State - JAMMU & KASHMIR,Christian,Total,15522,9591,5931,5570,5136,434,1745,1010,735,858,585,273,8207,3445,4762,1083,439,644
Rural,State - JAMMU & KASHMIR,Christian,5-9,1362,718,644,6,4,2,25,17,8,9,9,0,1331,697,634,31,16,15
Rural,State - JAMMU & KASHMIR,Christian,10-14,1451,782,669,22,19,3,66,33,33,24,13,11,1363,730,633,63,41,22
Rural,State - JAMMU & KASHMIR,Christian,15-19,1339,710,629,101,89,12,150,85,65,91,58,33,1088,536,552,291,154,137
Rural,State - JAMMU & KASHMIR,Christian,20-24,1701,1094,607,764,715,49,269,156,113,164,110,54,668,223,445,282,126,156
Rural,State - JAMMU & KASHMIR,Christian,25-29,2093,1568,525,1394,1336,58,266,145,121,134,81,53,433,87,346,148,43,105
Rural,State - JAMMU & KASHMIR,Christian,30-34,1567,1191,376,1102,1041,61,195,123,72,90,74,16,270,27,243,71,12,59
Rural,State - JAMMU & KASHMIR,Christian,35-39,1116,720,396,654,594,60,192,102,90,97,61,36,270,24,246,57,7,50
Rural,State - JAMMU & KASHMIR,Christian,40-49,1586,1047,539,938,842,96,273,160,113,150,104,46,375,45,330,73,20,53
Rural,State - JAMMU & KASHMIR,Christian,50-59,794,422,372,364,297,67,147,83,64,60,45,15,283,42,241,36,7,29
Rural,State - JAMMU & KASHMIR,Christian,60-69,504,264,240,132,115,17,108,64,44,27,19,8,264,85,179,18,5,13
Rural,State - JAMMU & KASHMIR,Christian,70-79,282,151,131,58,50,8,37,29,8,6,5,1,187,72,115,5,2,3
Rural,State - JAMMU & KASHMIR,Christian,80+,143,78,65,27,27,0,14,11,3,4,4,0,102,40,62,7,5,2
Rural,State - JAMMU & KASHMIR,Christian,Age not stated,21,16,5,8,7,1,3,2,1,2,2,0,10,7,3,1,1,0
Rural,State - JAMMU & KASHMIR,Christian,15-59,10196,6752,3444,5317,4914,403,1492,854,638,786,533,253,3387,984,2403,958,369,589
Rural,State - JAMMU & KASHMIR,Christian,60+,929,493,436,217,192,25,159,104,55,37,28,9,553,197,356,30,12,18
Rural,State - JAMMU & KASHMIR,Sikh,Total,116731,65442,51289,32803,29469,3334,9350,4795,4555,4291,2512,1779,74578,31178,43400,11699,5212,6487
Rural,State - JAMMU & KASHMIR,Sikh,5-9,9226,5400,3826,35,24,11,97,51,46,58,26,32,9094,5325,3769,137,71,66
Rural,State - JAMMU & KASHMIR,Sikh,10-14,9833,5604,4229,80,58,22,198,104,94,106,52,54,9555,5442,4113,415,234,181
Rural,State - JAMMU & KASHMIR,Sikh,15-19,10212,5664,4548,320,282,38,512,309,203,339,217,122,9380,5073,4307,2652,1543,1109
Rural,State - JAMMU & KASHMIR,Sikh,20-24,10975,6195,4780,3007,2802,205,998,527,471,673,384,289,6970,2866,4104,3253,1630,1623
Rural,State - JAMMU & KASHMIR,Sikh,25-29,12295,7626,4669,6282,5849,433,1220,619,601,728,424,304,4793,1158,3635,1926,760,1166
Rural,State - JAMMU & KASHMIR,Sikh,30-34,10408,6165,4243,5682,5123,559,1104,550,554,587,352,235,3622,492,3130,1028,284,744
Rural,State - JAMMU & KASHMIR,Sikh,35-39,8537,4504,4033,4201,3660,541,1085,524,561,562,318,244,3251,320,2931,692,147,545
Rural,State - JAMMU & KASHMIR,Sikh,40-49,15049,7972,7077,7170,6268,902,1762,823,939,710,404,306,6117,881,5236,876,212,664
Rural,State - JAMMU & KASHMIR,Sikh,50-59,9883,5256,4627,4026,3584,442,1193,580,613,307,182,125,4664,1092,3572,391,148,243
Rural,State - JAMMU & KASHMIR,Sikh,60-69,6174,3173,3001,1243,1124,119,713,407,306,160,110,50,4218,1642,2576,234,132,102
Rural,State - JAMMU & KASHMIR,Sikh,70-79,3623,1916,1707,534,496,38,320,203,117,38,25,13,2769,1217,1552,69,42,27
Rural,State - JAMMU & KASHMIR,Sikh,80+,2090,1096,994,193,175,18,142,95,47,22,17,5,1755,826,929,17,5,12
Rural,State - JAMMU & KASHMIR,Sikh,Age not stated,100,67,33,30,24,6,6,3,3,1,1,0,64,40,24,9,4,5
Rural,State - JAMMU & KASHMIR,Sikh,15-59,77359,43382,33977,30688,27568,3120,7874,3932,3942,3906,2281,1625,38797,11882,26915,10818,4724,6094
Rural,State - JAMMU & KASHMIR,Sikh,60+,11887,6185,5702,1970,1795,175,1175,705,470,220,152,68,8742,3685,5057,320,179,141
Rural,State - JAMMU & KASHMIR,Buddhist,Total,87463,43724,43739,25820,16436,9384,17347,7673,9674,7193,3655,3538,44296,19615,24681,6607,2479,4128
Rural,State - JAMMU & KASHMIR,Buddhist,5-9,7688,3949,3739,113,63,50,361,180,181,66,35,31,7214,3706,3508,208,112,96
Rural,State - JAMMU & KASHMIR,Buddhist,10-14,8588,4437,4151,205,123,82,835,415,420,225,118,107,7548,3899,3649,410,209,201
Rural,State - JAMMU & KASHMIR,Buddhist,15-19,8363,4116,4247,578,355,223,1302,663,639,730,404,326,6483,3098,3385,1475,718,757
Rural,State - JAMMU & KASHMIR,Buddhist,20-24,8299,4014,4285,1991,1310,681,1932,975,957,1282,664,618,4376,1729,2647,1882,722,1160
Rural,State - JAMMU & KASHMIR,Buddhist,25-29,8231,3960,4271,3582,2283,1299,2188,908,1280,1282,591,691,2461,769,1692,1185,364,821
Rural,State - JAMMU & KASHMIR,Buddhist,30-34,7067,3443,3624,3812,2358,1454,1846,728,1118,953,420,533,1409,357,1052,546,139,407
Rural,State - JAMMU & KASHMIR,Buddhist,35-39,6107,3038,3069,3402,2126,1276,1637,671,966,763,380,383,1068,241,827,338,75,263
Rural,State - JAMMU & KASHMIR,Buddhist,40-49,9388,4710,4678,5058,3203,1855,2650,1083,1567,937,501,436,1680,424,1256,287,71,216
Rural,State - JAMMU & KASHMIR,Buddhist,50-59,6976,3505,3471,3509,2296,1213,2095,839,1256,566,317,249,1372,370,1002,149,39,110
Rural,State - JAMMU & KASHMIR,Buddhist,60-69,5137,2599,2538,2122,1351,771,1531,715,816,272,154,118,1484,533,951,75,12,63
Rural,State - JAMMU & KASHMIR,Buddhist,70-79,3133,1595,1538,1043,688,355,719,369,350,84,53,31,1371,538,833,34,10,24
Rural,State - JAMMU & KASHMIR,Buddhist,80+,1499,774,725,379,259,120,247,125,122,30,17,13,873,390,483,15,7,8
Rural,State - JAMMU & KASHMIR,Buddhist,Age not stated,114,70,44,26,21,5,4,2,2,3,1,2,84,47,37,3,1,2
Rural,State - JAMMU & KASHMIR,Buddhist,15-59,54431,26786,27645,21932,13931,8001,13650,5867,7783,6513,3277,3236,18849,6988,11861,5862,2128,3734
Rural,State - JAMMU & KASHMIR,Buddhist,60+,9769,4968,4801,3544,2298,1246,2497,1209,1288,386,224,162,3728,1461,2267,124,29,95
Rural,State - JAMMU & KASHMIR,Jain,Total,355,180,175,88,70,18,57,28,29,27,16,11,210,82,128,29,11,18
Rural,State - JAMMU & KASHMIR,Jain,5-9,34,12,22,0,0,0,0,0,0,0,0,0,34,12,22,1,1,0
Rural,State - JAMMU & KASHMIR,Jain,10-14,37,18,19,0,0,0,2,1,1,0,0,0,35,17,18,1,1,0
Rural,State - JAMMU & KASHMIR,Jain,15-19,40,20,20,3,3,0,7,2,5,4,1,3,30,15,15,9,5,4
Rural,State - JAMMU & KASHMIR,Jain,20-24,38,24,14,11,11,0,11,7,4,7,5,2,16,6,10,6,2,4
Rural,State - JAMMU & KASHMIR,Jain,25-29,45,28,17,27,20,7,6,5,1,4,4,0,12,3,9,3,2,1
Rural,State - JAMMU & KASHMIR,Jain,30-34,23,14,9,12,12,0,5,2,3,4,2,2,6,0,6,3,0,3
Rural,State - JAMMU & KASHMIR,Jain,35-39,25,15,10,15,10,5,6,5,1,3,2,1,4,0,4,0,0,0
Rural,State - JAMMU & KASHMIR,Jain,40-49,29,9,20,9,6,3,10,3,7,4,2,2,10,0,10,4,0,4
Rural,State - JAMMU & KASHMIR,Jain,50-59,17,7,10,8,6,2,5,1,4,0,0,0,4,0,4,0,0,0
Rural,State - JAMMU & KASHMIR,Jain,60-69,13,3,10,3,2,1,3,1,2,1,0,1,7,0,7,1,0,1
Rural,State - JAMMU & KASHMIR,Jain,70-79,7,3,4,0,0,0,2,1,1,0,0,0,5,2,3,1,0,1
Rural,State - JAMMU & KASHMIR,Jain,80+,3,2,1,0,0,0,0,0,0,0,0,0,3,2,1,0,0,0
Rural,State - JAMMU & KASHMIR,Jain,Age not stated,2,2,0,0,0,0,0,0,0,0,0,0,2,2,0,0,0,0
Rural,State - JAMMU & KASHMIR,Jain,15-59,217,117,100,85,68,17,50,25,25,26,16,10,82,24,58,25,9,16
Rural,State - JAMMU & KASHMIR,Jain,60+,23,8,15,3,2,1,5,2,3,1,0,1,15,4,11,2,0,2
Rural,State - JAMMU & KASHMIR,Other religious communities,Total,1266,664,602,58,53,5,321,252,69,194,170,24,887,359,528,34,15,19
Rural,State - JAMMU & KASHMIR,Other religious communities,5-9,196,98,98,0,0,0,1,1,0,1,1,0,195,97,98,2,2,0
Rural,State - JAMMU & KASHMIR,Other religious communities,10-14,164,88,76,1,1,0,2,1,1,1,1,0,161,86,75,5,3,2
Rural,State - JAMMU & KASHMIR,Other religious communities,15-19,100,48,52,0,0,0,25,14,11,14,9,5,75,34,41,8,3,5
Rural,State - JAMMU & KASHMIR,Other religious communities,20-24,107,59,48,5,5,0,40,32,8,30,26,4,62,22,40,7,5,2
Rural,State - JAMMU & KASHMIR,Other religious communities,25-29,93,47,46,13,10,3,48,36,12,35,29,6,32,1,31,3,1,2
Rural,State - JAMMU & KASHMIR,Other religious communities,30-34,82,44,38,11,9,2,43,34,9,22,22,0,28,1,27,1,0,1
Rural,State - JAMMU & KASHMIR,Other religious communities,35-39,72,38,34,5,5,0,40,33,7,26,24,2,27,0,27,2,0,2
Rural,State - JAMMU & KASHMIR,Other religious communities,40-49,107,59,48,13,13,0,56,45,11,32,28,4,38,1,37,2,0,2
Rural,State - JAMMU & KASHMIR,Other religious communities,50-59,51,26,25,3,3,0,29,23,6,12,10,2,19,0,19,1,0,1
Rural,State - JAMMU & KASHMIR,Other religious communities,60-69,41,22,19,5,5,0,18,16,2,9,8,1,18,1,17,2,0,2
Rural,State - JAMMU & KASHMIR,Other religious communities,70-79,32,21,11,1,1,0,17,16,1,11,11,0,14,4,10,0,0,0
Rural,State - JAMMU & KASHMIR,Other religious communities,80+,9,5,4,1,1,0,2,1,1,1,1,0,6,3,3,1,1,0
Rural,State - JAMMU & KASHMIR,Other religious communities,Age not stated,1,1,0,0,0,0,0,0,0,0,0,0,1,1,0,0,0,0
Rural,State - JAMMU & KASHMIR,Other religious communities,15-59,612,321,291,50,45,5,281,217,64,171,148,23,281,59,222,24,9,15
Rural,State - JAMMU & KASHMIR,Other religious communities,60+,82,48,34,7,7,0,37,33,4,21,20,1,38,8,30,3,1,2
Urban,State - JAMMU & KASHMIR,All religious communities,Total,3433242,1866185,1567057,974335,852631,121704,235297,130453,104844,127785,76172,51613,2223610,883101,1340509,399698,157600,242098
Urban,State - JAMMU & KASHMIR,All religious communities,5-9,302917,161824,141093,2266,1365,901,5478,2974,2504,1988,1090,898,295173,157485,137688,8684,4732,3952
Urban,State - JAMMU & KASHMIR,All religious communities,10-14,316617,169344,147273,4946,3350,1596,9878,5271,4607,4396,2429,1967,301793,160723,141070,20123,10942,9181
Urban,State - JAMMU & KASHMIR,All religious communities,15-19,311354,163264,148090,17815,14320,3495,21262,11718,9544,14283,8146,6137,272277,137226,135051,82714,42428,40286
Urban,State - JAMMU & KASHMIR,All religious communities,20-24,333552,180286,153266,79654,70602,9052,34138,18795,15343,23997,13675,10322,219760,90889,128871,109283,49952,59331
Urban,State - JAMMU & KASHMIR,All religious communities,25-29,347554,199015,148539,156060,137779,18281,35299,19402,15897,22856,13151,9705,156195,41834,114361,75843,26742,49101
Urban,State - JAMMU & KASHMIR,All religious communities,30-34,290766,162684,128082,148864,129873,18991,28895,15790,13105,16948,10132,6816,113007,17021,95986,39367,9924,29443
Urban,State - JAMMU & KASHMIR,All religious communities,35-39,269120,146997,122123,143420,124442,18978,25690,13803,11887,13730,8379,5351,100010,8752,91258,25387,4161,21226
Urban,State - JAMMU & KASHMIR,All religious communities,40-49,425694,237275,188419,235820,205739,30081,37347,20096,17251,16822,10438,6384,152527,11440,141087,21992,3045,18947
Urban,State - JAMMU & KASHMIR,All religious communities,50-59,261110,139907,121203,127506,111918,15588,20269,11354,8915,7479,4922,2557,113335,16635,96700,8430,2115,6315
Urban,State - JAMMU & KASHMIR,All religious communities,60-69,159966,84150,75816,39183,35969,3214,11316,7418,3898,3609,2660,949,109467,40763,68704,5253,2380,2873
Urban,State - JAMMU & KASHMIR,All religious communities,70-79,78093,39809,38284,12897,11965,932,4016,2752,1264,1080,790,290,61180,25092,36088,1615,773,842
Urban,State - JAMMU & KASHMIR,All religious communities,80+,32628,16132,16496,4625,4146,479,1443,909,534,479,289,190,26560,11077,15483,820,343,477
Urban,State - JAMMU & KASHMIR,All religious communities,Age not stated,4276,2888,1388,1279,1163,116,266,171,95,118,71,47,2731,1554,1177,187,63,124
Urban,State - JAMMU & KASHMIR,All religious communities,15-59,2239150,1229428,1009722,909139,794673,114466,202900,110958,91942,116115,68843,47272,1127111,323797,803314,363016,138367,224649
Urban,State - JAMMU & KASHMIR,All religious communities,60+,270687,140091,130596,56705,52080,4625,16775,11079,5696,5168,3739,1429,197207,76932,120275,7688,3496,4192
Urban,State - JAMMU & KASHMIR,Hindu,Total,1050304,625067,425237,413329,368725,44604,41394,26686,14708,18677,12092,6585,595581,229656,365925,90123,35289,54834
Urban,State - JAMMU & KASHMIR,Hindu,5-9,70988,39483,31505,578,347,231,1046,577,469,319,180,139,69364,38559,30805,1339,757,582
Urban,State - JAMMU & KASHMIR,Hindu,10-14,75451,42213,33238,1079,799,280,1630,950,680,566,348,218,72742,40464,32278,2959,1676,1283
Urban,State - JAMMU & KASHMIR,Hindu,15-19,78549,43485,35064,4619,3853,766,3321,2105,1216,1961,1235,726,70609,37527,33082,16452,9060,7392
Urban,State - JAMMU & KASHMIR,Hindu,20-24,106193,65171,41022,39044,35955,3089,6049,3903,2146,3876,2442,1434,61100,25313,35787,27117,12744,14373
Urban,State - JAMMU & KASHMIR,Hindu,25-29,133160,91107,42053,83311,76366,6945,6846,4517,2329,3689,2333,1356,43003,10224,32779,18456,6128,12328
Urban,State - JAMMU & KASHMIR,Hindu,30-34,104993,67984,37009,67778,60881,6897,5155,3336,1819,2545,1686,859,32060,3767,28293,9332,2008,7324
Urban,State - JAMMU & KASHMIR,Hindu,35-39,92028,56445,35583,58173,51507,6666,4500,2898,1602,2067,1356,711,29355,2040,27315,6037,834,5203
Urban,State - JAMMU & KASHMIR,Hindu,40-49,149653,90638,59015,94452,82924,11528,6528,4227,2301,2155,1464,691,48673,3487,45186,5169,784,4385
Urban,State - JAMMU & KASHMIR,Hindu,50-59,88546,48994,39552,47538,40957,6581,3390,2203,1187,891,619,272,37618,5834,31784,1781,559,1222
Urban,State - JAMMU & KASHMIR,Hindu,60-69,49783,25968,23815,10848,9765,1083,1830,1256,574,402,295,107,37105,14947,22158,1032,539,493
Urban,State - JAMMU & KASHMIR,Hindu,70-79,25067,12592,12475,3730,3409,321,718,467,251,107,71,36,20619,8716,11903,290,140,150
Urban,State - JAMMU & KASHMIR,Hindu,80+,11230,5397,5833,1718,1540,178,296,189,107,75,46,29,9216,3668,5548,121,51,70
Urban,State - JAMMU & KASHMIR,Hindu,Age not stated,1168,825,343,461,422,39,85,58,27,24,17,7,622,345,277,38,9,29
Urban,State - JAMMU & KASHMIR,Hindu,15-59,753122,463824,289298,394915,352443,42472,35789,23189,12600,17184,11135,6049,322418,88192,234226,84344,32117,52227
Urban,State - JAMMU & KASHMIR,Hindu,60+,86080,43957,42123,16296,14714,1582,2844,1912,932,584,412,172,66940,27331,39609,1443,730,713
Urban,State - JAMMU & KASHMIR,Muslim,Total,2211012,1143930,1067082,501606,433859,67747,186142,99055,87087,105763,62143,43620,1523264,611016,912248,291762,115011,176751
Urban,State - JAMMU & KASHMIR,Muslim,5-9,220109,115851,104258,1614,971,643,4257,2299,1958,1626,885,741,214238,112581,101657,7012,3797,3215
Urban,State - JAMMU & KASHMIR,Muslim,10-14,228221,119979,108242,3717,2439,1278,8019,4194,3825,3750,2037,1713,216485,113346,103139,16563,8918,7645
Urban,State - JAMMU & KASHMIR,Muslim,15-19,218748,112154,106594,12590,9965,2625,17444,9308,8136,12018,6744,5274,188714,92881,95833,62921,31560,31361
Urban,State - JAMMU & KASHMIR,Muslim,20-24,210870,105859,105011,36321,30820,5501,27052,14276,12776,19470,10866,8604,147497,60763,86734,77120,34833,42287
Urban,State - JAMMU & KASHMIR,Muslim,25-29,195673,96202,99471,62696,52656,10040,27281,14162,13119,18567,10482,8085,105696,29384,76312,53769,19246,34523
Urban,State - JAMMU & KASHMIR,Muslim,30-34,169980,85166,84814,71485,60912,10573,22780,11869,10911,13943,8189,5754,75715,12385,63330,28279,7435,20844
Urban,State - JAMMU & KASHMIR,Muslim,35-39,162483,82216,80267,76456,65689,10767,20307,10368,9939,11293,6789,4504,65720,6159,59561,18109,3078,15031
Urban,State - JAMMU & KASHMIR,Muslim,40-49,251729,132897,118832,126676,110742,15934,29465,15083,14382,14198,8705,5493,95588,7072,88516,15683,2045,13638
Urban,State - JAMMU & KASHMIR,Muslim,50-59,157233,82786,74447,71998,64399,7599,16164,8725,7439,6386,4185,2201,69071,9662,59409,6261,1436,4825
Urban,State - JAMMU & KASHMIR,Muslim,60-69,100870,53202,47668,26329,24422,1907,9047,5857,3190,3096,2283,813,65494,22923,42571,3991,1730,2261
Urban,State - JAMMU & KASHMIR,Muslim,70-79,48128,24603,23525,8513,7953,560,3105,2158,947,933,691,242,36510,14492,22018,1265,609,656
Urban,State - JAMMU & KASHMIR,Muslim,80+,19119,9484,9635,2621,2356,265,1067,664,403,394,237,157,15431,6464,8967,652,276,376
Urban,State - JAMMU & KASHMIR,Muslim,Age not stated,2427,1578,849,590,535,55,154,92,62,89,50,39,1683,951,732,137,48,89
Urban,State - JAMMU & KASHMIR,Muslim,15-59,1366716,697280,669436,458222,395183,63039,160493,83791,76702,95875,55960,39915,748001,218306,529695,262142,99633,162509
Urban,State - JAMMU & KASHMIR,Muslim,60+,168117,87289,80828,37463,34731,2732,13219,8679,4540,4423,3211,1212,117435,43879,73556,5908,2615,3293
Urban,State - JAMMU & KASHMIR,Christian,Total,20109,11932,8177,8479,7087,1392,914,537,377,385,237,148,10716,4308,6408,1905,727,1178
Urban,State - JAMMU & KASHMIR,Christian,5-9,1643,858,785,9,5,4,25,13,12,8,3,5,1609,840,769,47,21,26
Urban,State - JAMMU & KASHMIR,Christian,10-14,1618,872,746,32,24,8,28,13,15,8,3,5,1558,835,723,71,42,29
Urban,State - JAMMU & KASHMIR,Christian,15-19,1660,876,784,146,125,21,76,53,23,48,30,18,1438,698,740,463,223,240
Urban,State - JAMMU & KASHMIR,Christian,20-24,2093,1227,866,824,742,82,152,78,74,95,49,46,1117,407,710,519,236,283
Urban,State - JAMMU & KASHMIR,Christian,25-29,2680,1836,844,1690,1548,142,169,107,62,85,55,30,821,181,640,392,122,270
Urban,State - JAMMU & KASHMIR,Christian,30-34,2069,1366,703,1406,1227,179,114,72,42,46,38,8,549,67,482,150,38,112
Urban,State - JAMMU & KASHMIR,Christian,35-39,1824,1143,681,1259,1048,211,106,57,49,32,20,12,459,38,421,123,14,109
Urban,State - JAMMU & KASHMIR,Christian,40-49,2750,1756,994,2073,1630,443,140,75,65,36,21,15,537,51,486,74,12,62
Urban,State - JAMMU & KASHMIR,Christian,50-59,1271,686,585,796,550,246,58,42,16,16,11,5,417,94,323,26,12,14
Urban,State - JAMMU & KASHMIR,Christian,60-69,562,303,259,161,119,42,29,17,12,7,4,3,372,167,205,29,5,24
Urban,State - JAMMU & KASHMIR,Christian,70-79,272,136,136,47,38,9,13,7,6,3,2,1,212,91,121,9,0,9
Urban,State - JAMMU & KASHMIR,Christian,80+,125,72,53,27,22,5,4,3,1,1,1,0,94,47,47,2,2,0
Urban,State - JAMMU & KASHMIR,Christian,Age not stated,17,15,2,9,9,0,0,0,0,0,0,0,8,6,2,0,0,0
Urban,State - JAMMU & KASHMIR,Christian,15-59,14347,8890,5457,8194,6870,1324,815,484,331,358,224,134,5338,1536,3802,1747,657,1090
Urban,State - JAMMU & KASHMIR,Christian,60+,959,511,448,235,179,56,46,27,19,11,7,4,678,305,373,40,7,33
Urban,State - JAMMU & KASHMIR,Sikh,Total,118117,67455,50662,41291,36217,5074,4205,2592,1613,1869,1080,789,72621,28646,43975,12623,5236,7387
Urban,State - JAMMU & KASHMIR,Sikh,5-9,7416,4186,3230,54,35,19,107,62,45,26,18,8,7255,4089,3166,222,128,94
Urban,State - JAMMU & KASHMIR,Sikh,10-14,8174,4602,3572,93,69,24,150,84,66,49,28,21,7931,4449,3482,433,250,183
Urban,State - JAMMU & KASHMIR,Sikh,15-19,9309,5109,4200,313,262,51,304,181,123,199,110,89,8692,4666,4026,2215,1244,971
Urban,State - JAMMU & KASHMIR,Sikh,20-24,11281,6463,4818,2835,2578,257,647,395,252,431,250,181,7799,3490,4309,3633,1755,1878
Urban,State - JAMMU & KASHMIR,Sikh,25-29,12712,8074,4638,6834,6121,713,641,386,255,341,184,157,5237,1567,3670,2554,1006,1548
Urban,State - JAMMU & KASHMIR,Sikh,30-34,10857,6614,4243,6560,5726,834,492,293,199,257,135,122,3805,595,3210,1287,356,931
Urban,State - JAMMU & KASHMIR,Sikh,35-39,10093,5810,4283,5998,5193,805,428,257,171,172,104,68,3667,360,3307,902,181,721
Urban,State - JAMMU & KASHMIR,Sikh,40-49,17623,9936,7687,10392,8974,1418,706,441,265,236,148,88,6525,521,6004,871,134,737
Urban,State - JAMMU & KASHMIR,Sikh,50-59,11468,6131,5337,5913,5143,770,375,239,136,91,56,35,5180,749,4431,276,69,207
Urban,State - JAMMU & KASHMIR,Sikh,60-69,7166,3823,3343,1524,1405,119,212,159,53,49,40,9,5430,2259,3171,163,85,78
Urban,State - JAMMU & KASHMIR,Sikh,70-79,3710,2003,1707,503,471,32,87,56,31,11,3,8,3120,1476,1644,37,19,18
Urban,State - JAMMU & KASHMIR,Sikh,80+,1701,954,747,209,185,24,53,37,16,7,4,3,1439,732,707,28,9,19
Urban,State - JAMMU & KASHMIR,Sikh,Age not stated,116,83,33,63,55,8,3,2,1,0,0,0,50,26,24,2,0,2
Urban,State - JAMMU & KASHMIR,Sikh,15-59,83343,48137,35206,38845,33997,4848,3593,2192,1401,1727,987,740,40905,11948,28957,11738,4745,6993
Urban,State - JAMMU & KASHMIR,Sikh,60+,12577,6780,5797,2236,2061,175,352,252,100,67,47,20,9989,4467,5522,228,113,115
Urban,State - JAMMU & KASHMIR,Buddhist,Total,25121,12718,12403,7046,4473,2573,2179,1280,899,921,519,402,15896,6965,8931,2525,1015,1510
Urban,State - JAMMU & KASHMIR,Buddhist,5-9,1978,1008,970,3,1,2,19,9,10,6,3,3,1956,998,958,46,21,25
Urban,State - JAMMU & KASHMIR,Buddhist,10-14,2394,1243,1151,13,9,4,21,14,7,7,4,3,2360,1220,1140,77,47,30
Urban,State - JAMMU & KASHMIR,Buddhist,15-19,2435,1264,1171,98,79,19,67,38,29,32,16,16,2270,1147,1123,489,250,239
Urban,State - JAMMU & KASHMIR,Buddhist,20-24,2391,1142,1249,412,315,97,174,99,75,93,49,44,1805,728,1077,671,279,392
Urban,State - JAMMU & KASHMIR,Buddhist,25-29,2373,1149,1224,1001,600,401,286,171,115,144,77,67,1086,378,708,521,183,338
Urban,State - JAMMU & KASHMIR,Buddhist,30-34,2115,1077,1038,1202,740,462,288,175,113,135,73,62,625,162,463,249,73,176
Urban,State - JAMMU & KASHMIR,Buddhist,35-39,2087,1002,1085,1178,701,477,305,190,115,150,97,53,604,111,493,171,36,135
Urban,State - JAMMU & KASHMIR,Buddhist,40-49,3091,1577,1514,1761,1080,681,456,242,214,186,92,94,874,255,619,167,61,106
Urban,State - JAMMU & KASHMIR,Buddhist,50-59,2135,1095,1040,1046,688,358,263,138,125,89,48,41,826,269,557,72,34,38
Urban,State - JAMMU & KASHMIR,Buddhist,60-69,1279,723,556,230,174,56,190,127,63,53,37,16,859,422,437,32,21,11
Urban,State - JAMMU & KASHMIR,Buddhist,70-79,746,396,350,59,53,6,87,60,27,23,21,2,600,283,317,13,5,8
Urban,State - JAMMU & KASHMIR,Buddhist,80+,376,185,191,34,28,6,21,15,6,2,1,1,321,142,179,17,5,12
Urban,State - JAMMU & KASHMIR,Buddhist,Age not stated,28,15,13,9,5,4,2,2,0,1,1,0,17,8,9,0,0,0
Urban,State - JAMMU & KASHMIR,Buddhist,15-59,16627,8306,8321,6698,4203,2495,1839,1053,786,829,452,377,8090,3050,5040,2340,916,1424
Urban,State - JAMMU & KASHMIR,Buddhist,60+,2401,1304,1097,323,255,68,298,202,96,78,59,19,1780,847,933,62,31,31
Urban,State - JAMMU & KASHMIR,Jain,Total,2135,1130,1005,735,649,86,51,30,21,19,13,6,1349,451,898,161,66,95
Urban,State - JAMMU & KASHMIR,Jain,5-9,148,84,64,1,0,1,1,0,1,0,0,0,146,84,62,3,2,1
Urban,State - JAMMU & KASHMIR,Jain,10-14,168,84,84,1,1,0,2,1,1,1,1,0,165,82,83,4,4,0
Urban,State - JAMMU & KASHMIR,Jain,15-19,154,81,73,5,4,1,3,2,1,2,1,1,146,75,71,31,19,12
Urban,State - JAMMU & KASHMIR,Jain,20-24,165,88,77,34,29,5,12,9,3,8,6,2,119,50,69,57,25,32
Urban,State - JAMMU & KASHMIR,Jain,25-29,196,113,83,100,87,13,10,7,3,4,3,1,86,19,67,34,11,23
Urban,State - JAMMU & KASHMIR,Jain,30-34,188,93,95,97,83,14,9,6,3,3,1,2,82,4,78,11,1,10
Urban,State - JAMMU & KASHMIR,Jain,35-39,155,87,68,93,81,12,1,1,0,0,0,0,61,5,56,8,1,7
Urban,State - JAMMU & KASHMIR,Jain,40-49,319,165,154,176,155,21,10,3,7,1,1,0,133,7,126,6,1,5
Urban,State - JAMMU & KASHMIR,Jain,50-59,217,113,104,120,106,14,2,1,1,0,0,0,95,6,89,5,2,3
Urban,State - JAMMU & KASHMIR,Jain,60-69,169,79,90,66,62,4,1,0,1,0,0,0,102,17,85,1,0,1
Urban,State - JAMMU & KASHMIR,Jain,70-79,93,46,47,35,34,1,0,0,0,0,0,0,58,12,46,1,0,1
Urban,State - JAMMU & KASHMIR,Jain,80+,31,17,14,7,7,0,0,0,0,0,0,0,24,10,14,0,0,0
Urban,State - JAMMU & KASHMIR,Jain,Age not stated,3,2,1,0,0,0,0,0,0,0,0,0,3,2,1,0,0,0
Urban,State - JAMMU & KASHMIR,Jain,15-59,1394,740,654,625,545,80,47,29,18,18,12,6,722,166,556,152,60,92
Urban,State - JAMMU & KASHMIR,Jain,60+,293,142,151,108,103,5,1,0,1,0,0,0,184,39,145,2,0,2
Urban,State - JAMMU & KASHMIR,Other religious communities,Total,242,138,104,65,49,16,36,24,12,8,5,3,141,65,76,11,1,10
Urban,State - JAMMU & KASHMIR,Other religious communities,5-9,31,18,13,0,0,0,1,1,0,0,0,0,30,17,13,0,0,0
Urban,State - JAMMU & KASHMIR,Other religious communities,10-14,19,9,10,0,0,0,1,0,1,1,0,1,18,9,9,0,0,0
Urban,State - JAMMU & KASHMIR,Other religious communities,15-19,22,13,9,6,3,3,4,3,1,0,0,0,12,7,5,0,0,0
Urban,State - JAMMU & KASHMIR,Other religious communities,20-24,25,15,10,8,6,2,6,4,2,1,0,1,11,5,6,4,1,3
Urban,State - JAMMU & KASHMIR,Other religious communities,25-29,24,12,12,9,8,1,3,2,1,1,1,0,12,2,10,2,0,2
Urban,State - JAMMU & KASHMIR,Other religious communities,30-34,23,13,10,8,6,2,6,6,0,1,1,0,9,1,8,2,0,2
Urban,State - JAMMU & KASHMIR,Other religious communities,35-39,21,9,12,9,6,3,6,3,3,1,1,0,6,0,6,1,0,1
Urban,State - JAMMU & KASHMIR,Other religious communities,40-49,29,17,12,17,14,3,5,3,2,1,1,0,7,0,7,2,0,2
Urban,State - JAMMU & KASHMIR,Other religious communities,50-59,13,8,5,7,5,2,4,2,2,2,1,1,2,1,1,0,0,0
Urban,State - JAMMU & KASHMIR,Other religious communities,60-69,2,2,0,1,1,0,0,0,0,0,0,0,1,1,0,0,0,0
Urban,State - JAMMU & KASHMIR,Other religious communities,70-79,1,0,1,0,0,0,0,0,0,0,0,0,1,0,1,0,0,0
Urban,State - JAMMU & KASHMIR,Other religious communities,80+,1,1,0,0,0,0,0,0,0,0,0,0,1,1,0,0,0,0
Urban,State - JAMMU & KASHMIR,Other religious communities,Age not stated,1,0,1,0,0,0,0,0,0,0,0,0,1,0,1,0,0,0
Urban,State - JAMMU & KASHMIR,Other religious communities,15-59,157,87,70,64,48,16,34,23,11,7,5,2,59,16,43,11,1,10
Urban,State - JAMMU & KASHMIR,Other religious communities,60+,4,3,1,1,1,0,0,0,0,0,0,0,3,2,1,0,0,0
Total,State - HIMACHAL PRADESH,All religious communities,Total,6864602,3481873,3382729,2062501,1438989,623512,1496921,604384,892537,607677,320831,286846,3305180,1438500,1866680,308724,122735,185989
Total,State - HIMACHAL PRADESH,All religious communities,5-9,591177,311457,279720,4424,2416,2008,27187,13831,13356,1808,986,822,559566,295210,264356,4341,2355,1986
Total,State - HIMACHAL PRADESH,All religious communities,10-14,639224,338240,300984,10577,6047,4530,84428,42392,42036,7628,3879,3749,544219,289801,254418,8330,4583,3747
Total,State - HIMACHAL PRADESH,All religious communities,15-19,640461,336729,303732,59579,39298,20281,141666,70674,70992,50938,27969,22969,439216,226757,212459,62128,34202,27926
Total,State - HIMACHAL PRADESH,All religious communities,20-24,643866,323720,320146,198287,135758,62529,189090,82864,106226,115682,61531,54151,256489,105098,151391,93015,43772,49243
Total,State - HIMACHAL PRADESH,All religious communities,25-29,589160,290125,299035,272500,189861,82639,177635,69631,108004,105030,53965,51065,139025,30633,108392,53394,17110,36284
Total,State - HIMACHAL PRADESH,All religious communities,30-34,546357,271253,275104,283592,198958,84634,159363,59608,99755,86452,44701,41751,103402,12687,90715,29931,6343,23588
Total,State - HIMACHAL PRADESH,All religious communities,35-39,517966,258230,259736,282043,196971,85072,146945,52762,94183,72495,37712,34783,88978,8497,80481,20239,3487,16752
Total,State - HIMACHAL PRADESH,All religious communities,40-49,840688,419911,420777,467133,327335,139798,229200,76657,152543,92138,48289,43849,144355,15919,128436,20973,4477,16496
Total,State - HIMACHAL PRADESH,All religious communities,50-59,597547,300969,296578,305990,219970,86020,163858,55263,108595,47042,25111,21931,127699,25736,101963,9245,3067,6178
Total,State - HIMACHAL PRADESH,All religious communities,60-69,389979,193851,196128,118253,80440,37813,113604,49553,64051,20558,11982,8576,158122,63858,94264,4762,2348,2414
Total,State - HIMACHAL PRADESH,All religious communities,70-79,206293,98559,107734,44032,30638,13394,47141,22787,24354,5615,3396,2219,115120,45134,69986,1398,621,777
Total,State - HIMACHAL PRADESH,All religious communities,80+,106737,48465,58272,13832,9710,4122,15055,7610,7445,1618,953,665,77850,31145,46705,579,220,359
Total,State - HIMACHAL PRADESH,All religious communities,Age not stated,10163,5353,4810,2259,1587,672,1749,752,997,673,357,316,6155,3014,3141,389,150,239
Total,State - HIMACHAL PRADESH,All religious communities,15-59,4376045,2200937,2175108,1869124,1308151,560973,1207757,467459,740298,569777,299278,270499,1299164,425327,873837,288925,112458,176467
Total,State - HIMACHAL PRADESH,All religious communities,60+,703009,340875,362134,176117,120788,55329,175800,79950,95850,27791,16331,11460,351092,140137,210955,6739,3189,3550
Total,State - HIMACHAL PRADESH,Hindu,Total,6532765,3306995,3225770,1956101,1361857,594244,1448202,582475,865727,586611,309073,277538,3128462,1362663,1765799,293929,116998,176931
Total,State - HIMACHAL PRADESH,Hindu,5-9,559950,294908,265042,4111,2241,1870,26266,13386,12880,1730,948,782,529573,279281,250292,4121,2227,1894
Total,State - HIMACHAL PRADESH,Hindu,10-14,604962,319949,285013,9662,5461,4201,81515,40965,40550,7131,3647,3484,513785,273523,240262,7802,4296,3506
Total,State - HIMACHAL PRADESH,Hindu,15-19,606791,318808,287983,54954,35882,19072,136095,67838,68257,48367,26534,21833,415742,215088,200654,58719,32439,26280
Total,State - HIMACHAL PRADESH,Hindu,20-24,610018,305640,304378,186401,126600,59801,181705,79348,102357,111366,59115,52251,241912,99692,142220,88699,41883,46816
Total,State - HIMACHAL PRADESH,Hindu,25-29,559563,274497,285066,257802,178906,78896,171516,66928,104588,101534,52062,49472,130245,28663,101582,50856,16323,34533
Total,State - HIMACHAL PRADESH,Hindu,30-34,520197,257574,262623,269101,188455,80646,154250,57437,96813,83770,43255,40515,96846,11682,85164,28533,6038,22495
Total,State - HIMACHAL PRADESH,Hindu,35-39,494153,245601,248552,268224,186988,81236,142166,50760,91406,70192,36407,33785,83763,7853,75910,19341,3326,16015
Total,State - HIMACHAL PRADESH,Hindu,40-49,804110,400584,403526,445258,311729,133529,222235,73829,148406,89306,46669,42637,136617,15026,121591,20109,4301,15808
Total,State - HIMACHAL PRADESH,Hindu,50-59,573048,288083,284965,291958,209931,82027,159368,53454,105914,45620,24288,21332,121722,24698,97024,8908,2958,5950
Total,State - HIMACHAL PRADESH,Hindu,60-69,374524,186065,188459,112126,76266,35860,110833,48265,62568,19931,11589,8342,151565,61534,90031,4577,2260,2317
Total,State - HIMACHAL PRADESH,Hindu,70-79,197473,94098,103375,41531,28893,12638,45896,22154,23742,5441,3287,2154,110046,43051,66995,1332,595,737
Total,State - HIMACHAL PRADESH,Hindu,80+,102052,46031,56021,12935,9050,3885,14659,7389,7270,1575,930,645,74458,29592,44866,558,211,347
Total,State - HIMACHAL PRADESH,Hindu,Age not stated,9555,5023,4532,2038,1455,583,1698,722,976,648,342,306,5819,2846,2973,374,141,233
Total,State - HIMACHAL PRADESH,Hindu,15-59,4167880,2090787,2077093,1773698,1238491,535207,1167335,449594,717741,550155,288330,261825,1226847,402702,824145,275165,107268,167897
Total,State - HIMACHAL PRADESH,Hindu,60+,674049,326194,347855,166592,114209,52383,171388,77808,93580,26947,15806,11141,336069,134177,201892,6467,3066,3401
Total,State - HIMACHAL PRADESH,Muslim,Total,149881,80763,69118,43369,34886,8483,29579,13129,16450,13178,7440,5738,76933,32748,44185,5519,1995,3524
Total,State - HIMACHAL PRADESH,Muslim,5-9,16454,8582,7872,161,84,77,622,302,320,47,25,22,15671,8196,7475,115,67,48
Total,State - HIMACHAL PRADESH,Muslim,10-14,16635,8814,7821,596,362,234,2013,994,1019,357,163,194,14026,7458,6568,279,149,130
Total,State - HIMACHAL PRADESH,Muslim,15-19,15926,8713,7213,3215,2466,749,3803,1921,1882,1806,1026,780,8908,4326,4582,1443,719,724
Total,State - HIMACHAL PRADESH,Muslim,20-24,16350,9155,7195,6641,5501,1140,4743,2240,2503,2725,1555,1170,4966,1414,3552,1462,588,874
Total,State - HIMACHAL PRADESH,Muslim,25-29,13510,7396,6114,6563,5412,1151,3676,1579,2097,2092,1173,919,3271,405,2866,848,208,640
Total,State - HIMACHAL PRADESH,Muslim,30-34,11073,5986,5087,5633,4548,1085,2981,1234,1747,1570,872,698,2459,204,2255,474,72,402
Total,State - HIMACHAL PRADESH,Muslim,35-39,10097,5527,4570,5243,4219,1024,2864,1162,1702,1424,793,631,1990,146,1844,345,51,294
Total,State - HIMACHAL PRADESH,Muslim,40-49,15010,8264,6746,8019,6454,1565,4100,1582,2518,1753,980,773,2891,228,2663,313,52,261
Total,State - HIMACHAL PRADESH,Muslim,50-59,9210,4981,4229,4554,3642,912,2578,1030,1548,894,525,369,2078,309,1769,139,38,101
Total,State - HIMACHAL PRADESH,Muslim,60-69,5439,2858,2581,1844,1457,387,1447,676,771,376,242,134,2148,725,1423,71,37,34
Total,State - HIMACHAL PRADESH,Muslim,70-79,2713,1439,1274,639,523,116,563,303,260,102,70,32,1511,613,898,19,7,12
Total,State - HIMACHAL PRADESH,Muslim,80+,1385,738,647,226,188,38,176,97,79,28,14,14,983,453,530,6,4,2
Total,State - HIMACHAL PRADESH,Muslim,Age not stated,150,83,67,35,30,5,13,9,4,4,2,2,102,44,58,5,3,2
Total,State - HIMACHAL PRADESH,Muslim,15-59,91176,50022,41154,39868,32242,7626,24745,10748,13997,12264,6924,5340,26563,7032,19531,5024,1728,3296
Total,State - HIMACHAL PRADESH,Muslim,60+,9537,5035,4502,2709,2168,541,2186,1076,1110,506,326,180,4642,1791,2851,96,48,48
Total,State - HIMACHAL PRADESH,Christian,Total,12646,6844,5802,4937,3577,1360,1235,580,655,661,361,300,6474,2687,3787,764,275,489
Total,State - HIMACHAL PRADESH,Christian,5-9,1092,562,530,16,9,7,19,10,9,6,3,3,1057,543,514,4,3,1
Total,State - HIMACHAL PRADESH,Christian,10-14,1198,625,573,27,17,10,64,29,35,14,5,9,1107,579,528,20,8,12
Total,State - HIMACHAL PRADESH,Christian,15-19,1028,527,501,154,106,48,105,59,46,70,36,34,769,362,407,145,80,65
Total,State - HIMACHAL PRADESH,Christian,20-24,1418,802,616,660,511,149,172,83,89,110,57,53,586,208,378,216,93,123
Total,State - HIMACHAL PRADESH,Christian,25-29,1320,762,558,810,616,194,151,63,88,105,44,61,359,83,276,145,41,104
Total,State - HIMACHAL PRADESH,Christian,30-34,1138,643,495,757,565,192,137,58,79,86,40,46,244,20,224,70,14,56
Total,State - HIMACHAL PRADESH,Christian,35-39,1004,570,434,639,476,163,145,76,69,92,63,29,220,18,202,68,10,58
Total,State - HIMACHAL PRADESH,Christian,40-49,1521,834,687,994,695,299,215,96,119,102,64,38,312,43,269,65,11,54
Total,State - HIMACHAL PRADESH,Christian,50-59,987,542,445,609,426,183,118,47,71,46,26,20,260,69,191,17,6,11
Total,State - HIMACHAL PRADESH,Christian,60-69,573,286,287,196,114,82,65,37,28,23,17,6,312,135,177,7,5,2
Total,State - HIMACHAL PRADESH,Christian,70-79,242,111,131,48,27,21,30,13,17,5,4,1,164,71,93,4,3,1
Total,State - HIMACHAL PRADESH,Christian,80+,124,58,66,16,7,9,11,6,5,0,0,0,97,45,52,3,1,2
Total,State - HIMACHAL PRADESH,Christian,Age not stated,22,14,8,11,8,3,3,3,0,2,2,0,8,3,5,0,0,0
Total,State - HIMACHAL PRADESH,Christian,15-59,8416,4680,3736,4623,3395,1228,1043,482,561,611,330,281,2750,803,1947,726,255,471
Total,State - HIMACHAL PRADESH,Christian,60+,939,455,484,260,148,112,106,56,50,28,21,7,573,251,322,14,9,5
Total,State - HIMACHAL PRADESH,Sikh,Total,79896,41494,38402,24615,19336,5279,7278,3638,3640,2914,1954,960,48003,18520,29483,4420,1648,2772
Total,State - HIMACHAL PRADESH,Sikh,5-9,6375,3554,2821,47,25,22,42,25,17,4,4,0,6286,3504,2782,41,27,14
Total,State - HIMACHAL PRADESH,Sikh,10-14,7517,4159,3358,86,55,31,192,100,92,26,15,11,7239,4004,3235,106,64,42
Total,State - HIMACHAL PRADESH,Sikh,15-19,7742,3992,3750,518,385,133,557,307,250,236,151,85,6667,3300,3367,833,491,342
Total,State - HIMACHAL PRADESH,Sikh,20-24,7687,3768,3919,2252,1779,473,937,485,452,557,346,211,4498,1504,2994,1386,609,777
Total,State - HIMACHAL PRADESH,Sikh,25-29,6636,3265,3371,3127,2490,637,850,414,436,445,283,162,2659,361,2298,791,195,596
Total,State - HIMACHAL PRADESH,Sikh,30-34,6344,3132,3212,3308,2561,747,815,389,426,404,258,146,2221,182,2039,470,81,389
Total,State - HIMACHAL PRADESH,Sikh,35-39,6200,3144,3056,3416,2643,773,864,391,473,390,270,120,1920,110,1810,304,47,257
Total,State - HIMACHAL PRADESH,Sikh,40-49,10027,5225,4802,5614,4371,1243,1305,631,674,486,357,129,3108,223,2885,298,58,240
Total,State - HIMACHAL PRADESH,Sikh,50-59,7120,3796,3324,3836,3088,748,832,394,438,211,158,53,2452,314,2138,104,38,66
Total,State - HIMACHAL PRADESH,Sikh,60-69,4680,2403,2277,1595,1247,348,551,295,256,108,82,26,2534,861,1673,50,23,27
Total,State - HIMACHAL PRADESH,Sikh,70-79,2563,1309,1254,599,504,95,250,152,98,35,23,12,1714,653,1061,29,11,18
Total,State - HIMACHAL PRADESH,Sikh,80+,1406,769,637,205,179,26,80,53,27,10,6,4,1121,537,584,8,4,4
Total,State - HIMACHAL PRADESH,Sikh,Age not stated,51,26,25,12,9,3,3,2,1,2,1,1,36,15,21,0,0,0
Total,State - HIMACHAL PRADESH,Sikh,15-59,51756,26322,25434,22071,17317,4754,6160,3011,3149,2729,1823,906,23525,5994,17531,4186,1519,2667
Total,State - HIMACHAL PRADESH,Sikh,60+,8649,4481,4168,2399,1930,469,881,500,381,153,111,42,5369,2051,3318,87,38,49
Total,State - HIMACHAL PRADESH,Buddhist,Total,78659,40233,38426,30813,17483,13330,9070,3899,5171,3652,1666,1986,38776,18851,19925,3476,1563,1913
Total,State - HIMACHAL PRADESH,Buddhist,5-9,6060,3169,2891,67,46,21,175,84,91,15,5,10,5818,3039,2779,46,27,19
Total,State - HIMACHAL PRADESH,Buddhist,10-14,7707,4025,3682,166,125,41,504,232,272,87,44,43,7037,3668,3369,107,54,53
Total,State - HIMACHAL PRADESH,Buddhist,15-19,7899,4110,3789,615,375,240,927,457,470,391,182,209,6357,3278,3079,836,388,448
Total,State - HIMACHAL PRADESH,Buddhist,20-24,7291,3807,3484,1997,1136,861,1284,592,692,771,375,396,4010,2079,1931,1049,518,531
Total,State - HIMACHAL PRADESH,Buddhist,25-29,7170,3716,3454,3761,2136,1625,1204,536,668,706,323,383,2205,1044,1161,651,303,348
Total,State - HIMACHAL PRADESH,Buddhist,30-34,6850,3535,3315,4419,2556,1863,997,414,583,518,222,296,1434,565,869,324,121,203
Total,State - HIMACHAL PRADESH,Buddhist,35-39,5919,3104,2815,4209,2433,1776,766,319,447,342,150,192,944,352,592,157,47,110
Total,State - HIMACHAL PRADESH,Buddhist,40-49,9173,4605,4568,6766,3759,3007,1188,474,714,431,195,236,1219,372,847,163,50,113
Total,State - HIMACHAL PRADESH,Buddhist,50-59,6582,3278,3304,4719,2659,2060,855,303,552,233,99,134,1008,316,692,63,22,41
Total,State - HIMACHAL PRADESH,Buddhist,60-69,4431,2076,2355,2371,1266,1105,647,257,390,109,49,60,1413,553,860,55,23,32
Total,State - HIMACHAL PRADESH,Buddhist,70-79,3099,1524,1575,1164,659,505,380,159,221,30,11,19,1555,706,849,14,5,9
Total,State - HIMACHAL PRADESH,Buddhist,80+,1637,809,828,428,271,157,121,61,60,5,3,2,1088,477,611,4,0,4
Total,State - HIMACHAL PRADESH,Buddhist,Age not stated,242,124,118,131,62,69,22,11,11,14,8,6,89,51,38,7,5,2
Total,State - HIMACHAL PRADESH,Buddhist,15-59,50884,26155,24729,26486,15054,11432,7221,3095,4126,3392,1546,1846,17177,8006,9171,3243,1449,1794
Total,State - HIMACHAL PRADESH,Buddhist,60+,9167,4409,4758,3963,2196,1767,1148,477,671,144,63,81,4056,1736,2320,73,28,45
Total,State - HIMACHAL PRADESH,Jain,Total,1805,945,860,604,512,92,121,35,86,28,13,15,1080,398,682,83,26,57
Total,State - HIMACHAL PRADESH,Jain,5-9,171,91,80,1,1,0,6,3,3,0,0,0,164,87,77,0,0,0
Total,State - HIMACHAL PRADESH,Jain,10-14,151,79,72,0,0,0,4,3,1,0,0,0,147,76,71,3,3,0
Total,State - HIMACHAL PRADESH,Jain,15-19,130,80,50,9,7,2,11,5,6,6,3,3,110,68,42,14,11,3
Total,State - HIMACHAL PRADESH,Jain,20-24,148,61,87,36,25,11,15,5,10,5,2,3,97,31,66,26,7,19
Total,State - HIMACHAL PRADESH,Jain,25-29,167,84,83,92,73,19,21,3,18,7,2,5,54,8,46,10,1,9
Total,State - HIMACHAL PRADESH,Jain,30-34,163,76,87,85,73,12,13,2,11,3,2,1,65,1,64,15,1,14
Total,State - HIMACHAL PRADESH,Jain,35-39,152,83,69,90,76,14,15,6,9,2,2,0,47,1,46,7,1,6
Total,State - HIMACHAL PRADESH,Jain,40-49,233,124,109,141,118,23,13,2,11,2,1,1,79,4,75,5,1,4
Total,State - HIMACHAL PRADESH,Jain,50-59,179,94,85,90,82,8,16,5,11,2,1,1,73,7,66,2,1,1
Total,State - HIMACHAL PRADESH,Jain,60-69,96,52,44,39,36,3,6,1,5,1,0,1,51,15,36,1,0,1
Total,State - HIMACHAL PRADESH,Jain,70-79,52,31,21,14,14,0,0,0,0,0,0,0,38,17,21,0,0,0
Total,State - HIMACHAL PRADESH,Jain,80+,24,11,13,6,6,0,1,0,1,0,0,0,17,5,12,0,0,0
Total,State - HIMACHAL PRADESH,Jain,Age not stated,2,1,1,1,1,0,0,0,0,0,0,0,1,0,1,0,0,0
Total,State - HIMACHAL PRADESH,Jain,15-59,1172,602,570,543,454,89,104,28,76,27,13,14,525,120,405,79,23,56
Total,State - HIMACHAL PRADESH,Jain,60+,172,94,78,59,56,3,7,1,6,1,0,1,106,37,69,1,0,1
Total,State - HIMACHAL PRADESH,Other religious communities,Total,856,461,395,321,227,94,126,49,77,66,33,33,409,185,224,30,13,17
Total,State - HIMACHAL PRADESH,Other religious communities,5-9,97,41,56,1,1,0,5,1,4,3,0,3,91,39,52,4,0,4
Total,State - HIMACHAL PRADESH,Other religious communities,10-14,90,51,39,3,1,2,10,3,7,2,0,2,77,47,30,4,3,1
Total,State - HIMACHAL PRADESH,Other religious communities,15-19,87,51,36,26,21,5,20,8,12,9,6,3,41,22,19,8,4,4
Total,State - HIMACHAL PRADESH,Other religious communities,20-24,101,61,40,57,43,14,16,10,6,11,9,2,28,8,20,11,6,5
Total,State - HIMACHAL PRADESH,Other religious communities,25-29,95,54,41,61,43,18,13,6,7,10,5,5,21,5,16,1,0,1
Total,State - HIMACHAL PRADESH,Other religious communities,30-34,63,40,23,43,33,10,10,5,5,8,5,3,10,2,8,0,0,0
Total,State - HIMACHAL PRADESH,Other religious communities,35-39,50,25,25,33,21,12,10,3,7,4,2,2,7,1,6,0,0,0
Total,State - HIMACHAL PRADESH,Other religious communities,40-49,90,42,48,49,32,17,27,9,18,15,5,10,14,1,13,1,0,1
Total,State - HIMACHAL PRADESH,Other religious communities,50-59,52,25,27,33,21,12,7,3,4,3,1,2,12,1,11,1,0,1
Total,State - HIMACHAL PRADESH,Other religious communities,60-69,23,13,10,11,8,3,6,1,5,1,0,1,6,4,2,0,0,0
Total,State - HIMACHAL PRADESH,Other religious communities,70-79,11,4,7,1,1,0,2,0,2,0,0,0,8,3,5,0,0,0
Total,State - HIMACHAL PRADESH,Other religious communities,80+,8,3,5,2,1,1,0,0,0,0,0,0,6,2,4,0,0,0
Total,State - HIMACHAL PRADESH,Other religious communities,Age not stated,3,3,0,1,1,0,0,0,0,0,0,0,2,2,0,0,0,0
Total,State - HIMACHAL PRADESH,Other religious communities,15-59,538,298,240,302,214,88,103,44,59,60,33,27,133,40,93,22,10,12
Total,State - HIMACHAL PRADESH,Other religious communities,60+,42,20,22,14,10,4,8,1,7,1,0,1,20,9,11,0,0,0
Rural,State - HIMACHAL PRADESH,All religious communities,Total,6176050,3110345,3065705,1822109,1247874,574235,1467275,588484,878791,594985,312602,282383,2886666,1273987,1612679,253013,101392,151621
Rural,State - HIMACHAL PRADESH,All religious communities,5-9,537559,282441,255118,3971,2141,1830,26727,13576,13151,1718,934,784,506861,266724,240137,3768,2027,1741
Rural,State - HIMACHAL PRADESH,All religious communities,10-14,580265,305500,274765,9623,5393,4230,83582,41955,41627,7432,3760,3672,487060,258152,228908,7244,3965,3279
Rural,State - HIMACHAL PRADESH,All religious communities,15-19,575991,300554,275437,53412,34073,19339,139310,69175,70135,49744,27149,22595,383269,197306,185963,53133,29015,24118
Rural,State - HIMACHAL PRADESH,All religious communities,20-24,573439,285167,288272,177218,118214,59004,184883,80354,104529,113176,59988,53188,211338,86599,124739,75888,35648,40240
Rural,State - HIMACHAL PRADESH,All religious communities,25-29,523605,255016,268589,240181,163679,76502,173411,67274,106137,102610,52454,50156,110013,24063,85950,41980,13331,28649
Rural,State - HIMACHAL PRADESH,All religious communities,30-34,485375,239272,246103,249101,171351,77750,155541,57709,97832,84584,43581,41003,80733,10212,70521,23238,5026,18212
Rural,State - HIMACHAL PRADESH,All religious communities,35-39,459275,227906,231369,247010,169790,77220,143326,51044,92282,70897,36699,34198,68939,7072,61867,15707,2888,12819
Rural,State - HIMACHAL PRADESH,All religious communities,40-49,745428,368626,376802,406497,280678,125819,224109,74171,149938,90357,47039,43318,114822,13777,101045,17427,3857,13570
Rural,State - HIMACHAL PRADESH,All religious communities,50-59,535504,265790,269714,267974,189661,78313,161037,53810,107227,46359,24586,21773,106493,22319,84174,8244,2673,5571
Rural,State - HIMACHAL PRADESH,All religious communities,60-69,358359,177281,181078,110671,74071,36600,112104,48681,63423,20298,11772,8526,135584,54529,81055,4222,2049,2173
Rural,State - HIMACHAL PRADESH,All religious communities,70-79,190890,90811,100079,41566,28503,13063,46614,22482,24132,5547,3350,2197,102710,39826,62884,1282,567,715
Rural,State - HIMACHAL PRADESH,All religious communities,80+,100043,45339,54704,12931,8983,3948,14909,7524,7385,1597,940,657,72203,28832,43371,527,206,321
Rural,State - HIMACHAL PRADESH,All religious communities,Age not stated,9386,4899,4487,1954,1337,617,1722,729,993,666,350,316,5710,2833,2877,353,140,213
Rural,State - HIMACHAL PRADESH,All religious communities,15-59,3898617,1942331,1956286,1641393,1127446,513947,1181617,453537,728080,557727,291496,266231,1075607,361348,714259,235617,92438,143179
Rural,State - HIMACHAL PRADESH,All religious communities,60+,649292,313431,335861,165168,111557,53611,173627,78687,94940,27442,16062,11380,310497,123187,187310,6031,2822,3209
Rural,State - HIMACHAL PRADESH,Hindu,Total,5911715,2973048,2938667,1739391,1190056,549335,1421272,568266,853006,575019,301603,273416,2751052,1214726,1536326,242523,97275,145248
Rural,State - HIMACHAL PRADESH,Hindu,5-9,511804,268757,243047,3711,2002,1709,25859,13158,12701,1651,903,748,482234,253597,228637,3603,1933,1670
Rural,State - HIMACHAL PRADESH,Hindu,10-14,552449,290724,261725,8849,4916,3933,80753,40572,40181,6956,3541,3415,462847,245236,217611,6808,3736,3072
Rural,State - HIMACHAL PRADESH,Hindu,15-19,548909,286369,262540,49605,31397,18208,133977,66506,67471,47308,25816,21492,365327,188466,176861,50467,27680,22787
Rural,State - HIMACHAL PRADESH,Hindu,20-24,546679,271259,275420,167934,111327,56607,177935,77133,100802,109080,57711,51369,200810,82799,118011,72802,34295,38507
Rural,State - HIMACHAL PRADESH,Hindu,25-29,500876,243330,257546,229148,155753,73395,167704,64828,102876,99317,50679,48638,104024,22749,81275,40300,12819,27481
Rural,State - HIMACHAL PRADESH,Hindu,30-34,465373,229035,236338,238198,163734,74464,150781,55757,95024,82060,42240,39820,76394,9544,66850,22389,4843,17546
Rural,State - HIMACHAL PRADESH,Hindu,35-39,440807,218236,222571,236469,162401,74068,138847,49211,89636,68716,35482,33234,65491,6624,58867,15157,2782,12375
Rural,State - HIMACHAL PRADESH,Hindu,40-49,716808,353813,362995,389626,269028,120598,217582,71609,145973,87674,45534,42140,109600,13176,96424,16843,3736,13107
Rural,State - HIMACHAL PRADESH,Hindu,50-59,516282,255852,260430,256999,182074,74925,156778,52136,104642,44992,23806,21186,102505,21642,80863,7994,2593,5401
Rural,State - HIMACHAL PRADESH,Hindu,60-69,346081,171185,174896,105542,70725,34817,109446,47461,61985,19694,11395,8299,131093,52999,78094,4081,1981,2100
Rural,State - HIMACHAL PRADESH,Hindu,70-79,183877,87336,96541,39408,27061,12347,45407,21877,23530,5375,3243,2132,99062,38398,60664,1227,547,680
Rural,State - HIMACHAL PRADESH,Hindu,80+,96228,43388,52840,12149,8419,3730,14530,7317,7213,1554,917,637,69549,27652,41897,514,199,315
Rural,State - HIMACHAL PRADESH,Hindu,Age not stated,8838,4603,4235,1753,1219,534,1673,701,972,642,336,306,5412,2683,2729,338,131,207
Rural,State - HIMACHAL PRADESH,Hindu,15-59,3735734,1857894,1877840,1567979,1075714,492265,1143604,437180,706424,539147,281268,257879,1024151,345000,679151,225952,88748,137204
Rural,State - HIMACHAL PRADESH,Hindu,60+,626186,301909,324277,157099,106205,50894,169383,76655,92728,26623,15555,11068,299704,119049,180655,5822,2727,3095
Rural,State - HIMACHAL PRADESH,Muslim,Total,127901,67345,60556,34705,26977,7728,28316,12226,16090,12634,7024,5610,64880,28142,36738,4125,1519,2606
Rural,State - HIMACHAL PRADESH,Muslim,5-9,14555,7616,6939,145,73,72,600,290,310,38,19,19,13810,7253,6557,80,46,34
Rural,State - HIMACHAL PRADESH,Muslim,10-14,14715,7752,6963,528,306,222,1979,976,1003,347,157,190,12208,6470,5738,243,126,117
Rural,State - HIMACHAL PRADESH,Muslim,15-19,13813,7360,6453,2608,1893,715,3666,1817,1849,1726,957,769,7539,3650,3889,1194,578,616
Rural,State - HIMACHAL PRADESH,Muslim,20-24,13491,7209,6282,5172,4104,1068,4494,2057,2437,2620,1482,1138,3825,1048,2777,1078,446,632
Rural,State - HIMACHAL PRADESH,Muslim,25-29,10904,5727,5177,5063,4022,1041,3469,1427,2042,1991,1101,890,2372,278,2094,573,138,435
Rural,State - HIMACHAL PRADESH,Muslim,30-34,9063,4749,4314,4463,3491,972,2826,1120,1706,1497,818,679,1774,138,1636,302,42,260
Rural,State - HIMACHAL PRADESH,Muslim,35-39,8312,4432,3880,4161,3259,902,2720,1063,1657,1363,746,617,1431,110,1321,227,32,195
Rural,State - HIMACHAL PRADESH,Muslim,40-49,12487,6593,5894,6366,4968,1398,3912,1450,2462,1687,924,763,2209,175,2034,230,39,191
Rural,State - HIMACHAL PRADESH,Muslim,50-59,7891,4155,3736,3766,2945,821,2495,972,1523,867,501,366,1630,238,1392,114,30,84
Rural,State - HIMACHAL PRADESH,Muslim,60-69,4719,2452,2267,1614,1248,366,1415,657,758,366,235,131,1690,547,1143,56,29,27
Rural,State - HIMACHAL PRADESH,Muslim,70-79,2399,1271,1128,580,470,110,554,294,260,100,68,32,1265,507,758,19,7,12
Rural,State - HIMACHAL PRADESH,Muslim,80+,1266,676,590,208,172,36,173,94,79,28,14,14,885,410,475,4,3,1
Rural,State - HIMACHAL PRADESH,Muslim,Age not stated,138,77,61,31,26,5,13,9,4,4,2,2,94,42,52,5,3,2
Rural,State - HIMACHAL PRADESH,Muslim,15-59,75961,40225,35736,31599,24682,6917,23582,9906,13676,11751,6529,5222,20780,5637,15143,3718,1305,2413
Rural,State - HIMACHAL PRADESH,Muslim,60+,8384,4399,3985,2402,1890,512,2142,1045,1097,494,317,177,3840,1464,2376,79,39,40
Rural,State - HIMACHAL PRADESH,Christian,Total,8081,4426,3655,3048,2212,836,1106,504,602,598,322,276,3927,1710,2217,413,137,276
Rural,State - HIMACHAL PRADESH,Christian,5-9,753,404,349,12,6,6,16,9,7,5,3,2,725,389,336,3,3,0
Rural,State - HIMACHAL PRADESH,Christian,10-14,881,453,428,18,12,6,58,26,32,14,5,9,805,415,390,14,5,9
Rural,State - HIMACHAL PRADESH,Christian,15-19,678,369,309,128,89,39,96,53,43,64,31,33,454,227,227,85,43,42
Rural,State - HIMACHAL PRADESH,Christian,20-24,913,537,376,473,372,101,147,66,81,91,46,45,293,99,194,109,43,66
Rural,State - HIMACHAL PRADESH,Christian,25-29,804,451,353,481,351,130,135,57,78,93,38,55,188,43,145,78,21,57
Rural,State - HIMACHAL PRADESH,Christian,30-34,704,392,312,466,335,131,126,51,75,79,37,42,112,6,106,29,4,25
Rural,State - HIMACHAL PRADESH,Christian,35-39,619,356,263,391,284,107,132,69,63,85,58,27,96,3,93,34,1,33
Rural,State - HIMACHAL PRADESH,Christian,40-49,928,523,405,585,421,164,192,82,110,96,59,37,151,20,131,37,5,32
Rural,State - HIMACHAL PRADESH,Christian,50-59,556,309,247,325,234,91,105,39,66,42,23,19,126,36,90,13,5,8
Rural,State - HIMACHAL PRADESH,Christian,60-69,325,171,154,120,79,41,59,33,26,23,17,6,146,59,87,5,4,1
Rural,State - HIMACHAL PRADESH,Christian,70-79,146,67,79,34,19,15,30,13,17,5,4,1,82,35,47,3,2,1
Rural,State - HIMACHAL PRADESH,Christian,80+,78,36,42,6,3,3,9,5,4,0,0,0,63,28,35,3,1,2
Rural,State - HIMACHAL PRADESH,Christian,Age not stated,17,11,6,9,7,2,1,1,0,1,1,0,7,3,4,0,0,0
Rural,State - HIMACHAL PRADESH,Christian,15-59,5202,2937,2265,2849,2086,763,933,417,516,550,292,258,1420,434,986,385,122,263
Rural,State - HIMACHAL PRADESH,Christian,60+,549,274,275,160,101,59,98,51,47,28,21,7,291,122,169,11,7,4
Rural,State - HIMACHAL PRADESH,Sikh,Total,58217,29888,28329,17297,13085,4212,6594,3218,3376,2585,1733,852,34326,13585,20741,2925,1079,1846
Rural,State - HIMACHAL PRADESH,Sikh,5-9,4772,2668,2104,29,15,14,29,18,11,3,3,0,4714,2635,2079,27,17,10
Rural,State - HIMACHAL PRADESH,Sikh,10-14,5637,3132,2505,58,34,24,169,87,82,17,10,7,5410,3011,2399,69,39,30
Rural,State - HIMACHAL PRADESH,Sikh,15-19,5914,3003,2911,428,304,124,507,271,236,210,133,77,4979,2428,2551,560,322,238
Rural,State - HIMACHAL PRADESH,Sikh,20-24,5724,2712,3012,1637,1247,390,837,420,417,494,305,189,3250,1045,2205,980,416,564
Rural,State - HIMACHAL PRADESH,Sikh,25-29,4597,2187,2410,2117,1609,508,758,360,398,391,251,140,1722,218,1504,506,118,388
Rural,State - HIMACHAL PRADESH,Sikh,30-34,4341,2032,2309,2181,1584,597,724,334,390,347,219,128,1436,114,1322,280,44,236
Rural,State - HIMACHAL PRADESH,Sikh,35-39,4413,2215,2198,2376,1791,585,785,352,433,350,241,109,1252,72,1180,182,32,150
Rural,State - HIMACHAL PRADESH,Sikh,40-49,7245,3752,3493,4024,3030,994,1183,559,624,432,319,113,2038,163,1875,193,41,152
Rural,State - HIMACHAL PRADESH,Sikh,50-59,5005,2658,2347,2669,2097,572,779,359,420,196,147,49,1557,202,1355,68,26,42
Rural,State - HIMACHAL PRADESH,Sikh,60-69,3343,1691,1652,1158,868,290,509,266,243,98,75,23,1676,557,1119,35,15,20
Rural,State - HIMACHAL PRADESH,Sikh,70-79,1920,973,947,459,370,89,237,142,95,35,23,12,1224,461,763,20,6,14
Rural,State - HIMACHAL PRADESH,Sikh,80+,1071,582,489,150,128,22,74,48,26,10,6,4,847,406,441,5,3,2
Rural,State - HIMACHAL PRADESH,Sikh,Age not stated,45,23,22,11,8,3,3,2,1,2,1,1,31,13,18,0,0,0
Rural,State - HIMACHAL PRADESH,Sikh,15-59,37239,18559,18680,15432,11662,3770,5573,2655,2918,2420,1615,805,16234,4242,11992,2769,999,1770
Rural,State - HIMACHAL PRADESH,Sikh,60+,6334,3246,3088,1767,1366,401,820,456,364,143,104,39,3747,1424,2323,60,24,36
Rural,State - HIMACHAL PRADESH,Buddhist,Total,61644,31295,30349,25675,14248,11427,8513,3635,4878,3507,1596,1911,27456,13412,14044,2509,1164,1345
Rural,State - HIMACHAL PRADESH,Buddhist,5-9,4667,2443,2224,57,36,21,161,78,83,15,5,10,4449,2329,2120,42,25,17
Rural,State - HIMACHAL PRADESH,Buddhist,10-14,5634,2911,2723,133,101,32,486,224,262,86,43,43,5015,2586,2429,96,49,47
Rural,State - HIMACHAL PRADESH,Buddhist,15-19,5832,3016,2816,546,327,219,891,440,451,371,174,197,4395,2249,2146,700,323,377
Rural,State - HIMACHAL PRADESH,Buddhist,20-24,5741,3007,2734,1724,976,748,1231,568,663,743,365,378,2786,1463,1323,756,380,376
Rural,State - HIMACHAL PRADESH,Buddhist,25-29,5655,2924,2731,3034,1715,1319,1121,495,626,674,307,367,1500,714,786,430,197,233
Rural,State - HIMACHAL PRADESH,Buddhist,30-34,5322,2761,2561,3508,2009,1499,917,374,543,500,214,286,897,378,519,189,77,112
Rural,State - HIMACHAL PRADESH,Buddhist,35-39,4681,2470,2211,3395,1926,1469,711,297,414,329,144,185,575,247,328,86,35,51
Rural,State - HIMACHAL PRADESH,Buddhist,40-49,7348,3669,3679,5554,3018,2536,1090,428,662,410,181,229,704,223,481,101,32,69
Rural,State - HIMACHAL PRADESH,Buddhist,50-59,5357,2622,2735,3993,2169,1824,785,272,513,224,94,130,579,181,398,44,16,28
Rural,State - HIMACHAL PRADESH,Buddhist,60-69,3662,1678,1984,2155,1097,1058,619,242,377,106,47,59,888,339,549,44,20,24
Rural,State - HIMACHAL PRADESH,Buddhist,70-79,2394,1113,1281,1051,566,485,364,150,214,30,11,19,979,397,582,13,5,8
Rural,State - HIMACHAL PRADESH,Buddhist,80+,1292,609,683,403,252,151,115,56,59,5,3,2,774,301,473,1,0,1
Rural,State - HIMACHAL PRADESH,Buddhist,Age not stated,217,108,109,122,56,66,22,11,11,14,8,6,73,41,32,7,5,2
Rural,State - HIMACHAL PRADESH,Buddhist,15-59,39936,20469,19467,21754,12140,9614,6746,2874,3872,3251,1479,1772,11436,5455,5981,2306,1060,1246
Rural,State - HIMACHAL PRADESH,Buddhist,60+,7348,3400,3948,3609,1915,1694,1098,448,650,141,61,80,2641,1037,1604,58,25,33
Rural,State - HIMACHAL PRADESH,Jain,Total,488,251,237,146,112,34,71,29,42,25,11,14,271,110,161,25,7,18
Rural,State - HIMACHAL PRADESH,Jain,5-9,51,26,25,0,0,0,6,3,3,0,0,0,45,23,22,0,0,0
Rural,State - HIMACHAL PRADESH,Jain,10-14,42,21,21,0,0,0,4,3,1,0,0,0,38,18,20,1,1,0
Rural,State - HIMACHAL PRADESH,Jain,15-19,38,21,17,3,1,2,10,5,5,6,3,3,25,15,10,3,2,1
Rural,State - HIMACHAL PRADESH,Jain,20-24,48,17,31,11,6,5,11,4,7,4,1,3,26,7,19,4,1,3
Rural,State - HIMACHAL PRADESH,Jain,25-29,52,29,23,29,24,5,12,3,9,6,2,4,11,2,9,4,1,3
Rural,State - HIMACHAL PRADESH,Jain,30-34,34,18,16,20,16,4,3,1,2,2,1,1,11,1,10,6,1,5
Rural,State - HIMACHAL PRADESH,Jain,35-39,45,22,23,25,16,9,8,5,3,2,2,0,12,1,11,4,1,3
Rural,State - HIMACHAL PRADESH,Jain,40-49,60,30,30,32,26,6,9,2,7,2,1,1,19,2,17,3,0,3
Rural,State - HIMACHAL PRADESH,Jain,50-59,33,21,12,20,17,3,5,3,2,2,1,1,8,1,7,0,0,0
Rural,State - HIMACHAL PRADESH,Jain,60-69,14,6,8,3,3,0,2,0,2,1,0,1,9,3,6,0,0,0
Rural,State - HIMACHAL PRADESH,Jain,70-79,13,8,5,2,2,0,0,0,0,0,0,0,11,6,5,0,0,0
Rural,State - HIMACHAL PRADESH,Jain,80+,6,2,4,0,0,0,1,0,1,0,0,0,5,2,3,0,0,0
Rural,State - HIMACHAL PRADESH,Jain,Age not stated,2,1,1,1,1,0,0,0,0,0,0,0,1,0,1,0,0,0
Rural,State - HIMACHAL PRADESH,Jain,15-59,310,158,152,140,106,34,58,23,35,24,11,13,112,29,83,24,6,18
Rural,State - HIMACHAL PRADESH,Jain,60+,33,16,17,5,5,0,3,0,3,1,0,1,25,11,14,0,0,0
Rural,State - HIMACHAL PRADESH,Other religious communities,Total,772,414,358,278,197,81,122,48,74,64,32,32,372,169,203,30,13,17
Rural,State - HIMACHAL PRADESH,Other religious communities,5-9,90,40,50,1,1,0,5,1,4,3,0,3,84,38,46,4,0,4
Rural,State - HIMACHAL PRADESH,Other religious communities,10-14,81,46,35,3,1,2,10,3,7,2,0,2,68,42,26,4,3,1
Rural,State - HIMACHAL PRADESH,Other religious communities,15-19,79,45,34,23,19,4,19,8,11,8,6,2,37,18,19,8,4,4
Rural,State - HIMACHAL PRADESH,Other religious communities,20-24,90,55,35,49,38,11,16,10,6,11,9,2,25,7,18,11,6,5
Rural,State - HIMACHAL PRADESH,Other religious communities,25-29,84,47,37,52,36,16,13,6,7,10,5,5,19,5,14,1,0,1
Rural,State - HIMACHAL PRADESH,Other religious communities,30-34,55,37,18,37,30,7,10,5,5,8,5,3,8,2,6,0,0,0
Rural,State - HIMACHAL PRADESH,Other religious communities,35-39,43,21,22,27,17,10,9,3,6,4,2,2,7,1,6,0,0,0
Rural,State - HIMACHAL PRADESH,Other religious communities,40-49,83,37,46,45,28,17,26,8,18,14,4,10,12,1,11,1,0,1
Rural,State - HIMACHAL PRADESH,Other religious communities,50-59,46,21,25,27,17,10,7,3,4,3,1,2,12,1,11,1,0,1
Rural,State - HIMACHAL PRADESH,Other religious communities,60-69,20,11,9,10,7,3,5,1,4,1,0,1,5,3,2,0,0,0
Rural,State - HIMACHAL PRADESH,Other religious communities,70-79,10,4,6,1,1,0,2,0,2,0,0,0,7,3,4,0,0,0
Rural,State - HIMACHAL PRADESH,Other religious communities,80+,7,2,5,2,1,1,0,0,0,0,0,0,5,1,4,0,0,0
Rural,State - HIMACHAL PRADESH,Other religious communities,Age not stated,3,3,0,1,1,0,0,0,0,0,0,0,2,2,0,0,0,0
Rural,State - HIMACHAL PRADESH,Other religious communities,15-59,480,263,217,260,185,75,100,43,57,58,32,26,120,35,85,22,10,12
Rural,State - HIMACHAL PRADESH,Other religious communities,60+,37,17,20,13,9,4,7,1,6,1,0,1,17,7,10,0,0,0
Urban,State - HIMACHAL PRADESH,All religious communities,Total,688552,371528,317024,240392,191115,49277,29646,15900,13746,12692,8229,4463,418514,164513,254001,55711,21343,34368
Urban,State - HIMACHAL PRADESH,All religious communities,5-9,53618,29016,24602,453,275,178,460,255,205,90,52,38,52705,28486,24219,573,328,245
Urban,State - HIMACHAL PRADESH,All religious communities,10-14,58959,32740,26219,954,654,300,846,437,409,196,119,77,57159,31649,25510,1086,618,468
Urban,State - HIMACHAL PRADESH,All religious communities,15-19,64470,36175,28295,6167,5225,942,2356,1499,857,1194,820,374,55947,29451,26496,8995,5187,3808
Urban,State - HIMACHAL PRADESH,All religious communities,20-24,70427,38553,31874,21069,17544,3525,4207,2510,1697,2506,1543,963,45151,18499,26652,17127,8124,9003
Urban,State - HIMACHAL PRADESH,All religious communities,25-29,65555,35109,30446,32319,26182,6137,4224,2357,1867,2420,1511,909,29012,6570,22442,11414,3779,7635
Urban,State - HIMACHAL PRADESH,All religious communities,30-34,60982,31981,29001,34491,27607,6884,3822,1899,1923,1868,1120,748,22669,2475,20194,6693,1317,5376
Urban,State - HIMACHAL PRADESH,All religious communities,35-39,58691,30324,28367,35033,27181,7852,3619,1718,1901,1598,1013,585,20039,1425,18614,4532,599,3933
Urban,State - HIMACHAL PRADESH,All religious communities,40-49,95260,51285,43975,60636,46657,13979,5091,2486,2605,1781,1250,531,29533,2142,27391,3546,620,2926
Urban,State - HIMACHAL PRADESH,All religious communities,50-59,62043,35179,26864,38016,30309,7707,2821,1453,1368,683,525,158,21206,3417,17789,1001,394,607
Urban,State - HIMACHAL PRADESH,All religious communities,60-69,31620,16570,15050,7582,6369,1213,1500,872,628,260,210,50,22538,9329,13209,540,299,241
Urban,State - HIMACHAL PRADESH,All religious communities,70-79,15403,7748,7655,2466,2135,331,527,305,222,68,46,22,12410,5308,7102,116,54,62
Urban,State - HIMACHAL PRADESH,All religious communities,80+,6694,3126,3568,901,727,174,146,86,60,21,13,8,5647,2313,3334,52,14,38
Urban,State - HIMACHAL PRADESH,All religious communities,Age not stated,777,454,323,305,250,55,27,23,4,7,7,0,445,181,264,36,10,26
Urban,State - HIMACHAL PRADESH,All religious communities,15-59,477428,258606,218822,227731,180705,47026,26140,13922,12218,12050,7782,4268,223557,63979,159578,53308,20020,33288
Urban,State - HIMACHAL PRADESH,All religious communities,60+,53717,27444,26273,10949,9231,1718,2173,1263,910,349,269,80,40595,16950,23645,708,367,341
Urban,State - HIMACHAL PRADESH,Hindu,Total,621050,333947,287103,216710,171801,44909,26930,14209,12721,11592,7470,4122,377410,147937,229473,51406,19723,31683
Urban,State - HIMACHAL PRADESH,Hindu,5-9,48146,26151,21995,400,239,161,407,228,179,79,45,34,47339,25684,21655,518,294,224
Urban,State - HIMACHAL PRADESH,Hindu,10-14,52513,29225,23288,813,545,268,762,393,369,175,106,69,50938,28287,22651,994,560,434
Urban,State - HIMACHAL PRADESH,Hindu,15-19,57882,32439,25443,5349,4485,864,2118,1332,786,1059,718,341,50415,26622,23793,8252,4759,3493
Urban,State - HIMACHAL PRADESH,Hindu,20-24,63339,34381,28958,18467,15273,3194,3770,2215,1555,2286,1404,882,41102,16893,24209,15897,7588,8309
Urban,State - HIMACHAL PRADESH,Hindu,25-29,58687,31167,27520,28654,23153,5501,3812,2100,1712,2217,1383,834,26221,5914,20307,10556,3504,7052
Urban,State - HIMACHAL PRADESH,Hindu,30-34,54824,28539,26285,30903,24721,6182,3469,1680,1789,1710,1015,695,20452,2138,18314,6144,1195,4949
Urban,State - HIMACHAL PRADESH,Hindu,35-39,53346,27365,25981,31755,24587,7168,3319,1549,1770,1476,925,551,18272,1229,17043,4184,544,3640
Urban,State - HIMACHAL PRADESH,Hindu,40-49,87302,46771,40531,55632,42701,12931,4653,2220,2433,1632,1135,497,27017,1850,25167,3266,565,2701
Urban,State - HIMACHAL PRADESH,Hindu,50-59,56766,32231,24535,34959,27857,7102,2590,1318,1272,628,482,146,19217,3056,16161,914,365,549
Urban,State - HIMACHAL PRADESH,Hindu,60-69,28443,14880,13563,6584,5541,1043,1387,804,583,237,194,43,20472,8535,11937,496,279,217
Urban,State - HIMACHAL PRADESH,Hindu,70-79,13596,6762,6834,2123,1832,291,489,277,212,66,44,22,10984,4653,6331,105,48,57
Urban,State - HIMACHAL PRADESH,Hindu,80+,5824,2643,3181,786,631,155,129,72,57,21,13,8,4909,1940,2969,44,12,32
Urban,State - HIMACHAL PRADESH,Hindu,Age not stated,717,420,297,285,236,49,25,21,4,6,6,0,407,163,244,36,10,26
Urban,State - HIMACHAL PRADESH,Hindu,15-59,432146,232893,199253,205719,162777,42942,23731,12414,11317,11008,7062,3946,202696,57702,144994,49213,18520,30693
Urban,State - HIMACHAL PRADESH,Hindu,60+,47863,24285,23578,9493,8004,1489,2005,1153,852,324,251,73,36365,15128,21237,645,339,306
Urban,State - HIMACHAL PRADESH,Muslim,Total,21980,13418,8562,8664,7909,755,1263,903,360,544,416,128,12053,4606,7447,1394,476,918
Urban,State - HIMACHAL PRADESH,Muslim,5-9,1899,966,933,16,11,5,22,12,10,9,6,3,1861,943,918,35,21,14
Urban,State - HIMACHAL PRADESH,Muslim,10-14,1920,1062,858,68,56,12,34,18,16,10,6,4,1818,988,830,36,23,13
Urban,State - HIMACHAL PRADESH,Muslim,15-19,2113,1353,760,607,573,34,137,104,33,80,69,11,1369,676,693,249,141,108
Urban,State - HIMACHAL PRADESH,Muslim,20-24,2859,1946,913,1469,1397,72,249,183,66,105,73,32,1141,366,775,384,142,242
Urban,State - HIMACHAL PRADESH,Muslim,25-29,2606,1669,937,1500,1390,110,207,152,55,101,72,29,899,127,772,275,70,205
Urban,State - HIMACHAL PRADESH,Muslim,30-34,2010,1237,773,1170,1057,113,155,114,41,73,54,19,685,66,619,172,30,142
Urban,State - HIMACHAL PRADESH,Muslim,35-39,1785,1095,690,1082,960,122,144,99,45,61,47,14,559,36,523,118,19,99
Urban,State - HIMACHAL PRADESH,Muslim,40-49,2523,1671,852,1653,1486,167,188,132,56,66,56,10,682,53,629,83,13,70
Urban,State - HIMACHAL PRADESH,Muslim,50-59,1319,826,493,788,697,91,83,58,25,27,24,3,448,71,377,25,8,17
Urban,State - HIMACHAL PRADESH,Muslim,60-69,720,406,314,230,209,21,32,19,13,10,7,3,458,178,280,15,8,7
Urban,State - HIMACHAL PRADESH,Muslim,70-79,314,168,146,59,53,6,9,9,0,2,2,0,246,106,140,0,0,0
Urban,State - HIMACHAL PRADESH,Muslim,80+,119,62,57,18,16,2,3,3,0,0,0,0,98,43,55,2,1,1
Urban,State - HIMACHAL PRADESH,Muslim,Age not stated,12,6,6,4,4,0,0,0,0,0,0,0,8,2,6,0,0,0
Urban,State - HIMACHAL PRADESH,Muslim,15-59,15215,9797,5418,8269,7560,709,1163,842,321,513,395,118,5783,1395,4388,1306,423,883
Urban,State - HIMACHAL PRADESH,Muslim,60+,1153,636,517,307,278,29,44,31,13,12,9,3,802,327,475,17,9,8
Urban,State - HIMACHAL PRADESH,Christian,Total,4565,2418,2147,1889,1365,524,129,76,53,63,39,24,2547,977,1570,351,138,213
Urban,State - HIMACHAL PRADESH,Christian,5-9,339,158,181,4,3,1,3,1,2,1,0,1,332,154,178,1,0,1
Urban,State - HIMACHAL PRADESH,Christian,10-14,317,172,145,9,5,4,6,3,3,0,0,0,302,164,138,6,3,3
Urban,State - HIMACHAL PRADESH,Christian,15-19,350,158,192,26,17,9,9,6,3,6,5,1,315,135,180,60,37,23
Urban,State - HIMACHAL PRADESH,Christian,20-24,505,265,240,187,139,48,25,17,8,19,11,8,293,109,184,107,50,57
Urban,State - HIMACHAL PRADESH,Christian,25-29,516,311,205,329,265,64,16,6,10,12,6,6,171,40,131,67,20,47
Urban,State - HIMACHAL PRADESH,Christian,30-34,434,251,183,291,230,61,11,7,4,7,3,4,132,14,118,41,10,31
Urban,State - HIMACHAL PRADESH,Christian,35-39,385,214,171,248,192,56,13,7,6,7,5,2,124,15,109,34,9,25
Urban,State - HIMACHAL PRADESH,Christian,40-49,593,311,282,409,274,135,23,14,9,6,5,1,161,23,138,28,6,22
Urban,State - HIMACHAL PRADESH,Christian,50-59,431,233,198,284,192,92,13,8,5,4,3,1,134,33,101,4,1,3
Urban,State - HIMACHAL PRADESH,Christian,60-69,248,115,133,76,35,41,6,4,2,0,0,0,166,76,90,2,1,1
Urban,State - HIMACHAL PRADESH,Christian,70-79,96,44,52,14,8,6,0,0,0,0,0,0,82,36,46,1,1,0
Urban,State - HIMACHAL PRADESH,Christian,80+,46,22,24,10,4,6,2,1,1,0,0,0,34,17,17,0,0,0
Urban,State - HIMACHAL PRADESH,Christian,Age not stated,5,3,2,2,1,1,2,2,0,1,1,0,1,0,1,0,0,0
Urban,State - HIMACHAL PRADESH,Christian,15-59,3214,1743,1471,1774,1309,465,110,65,45,61,38,23,1330,369,961,341,133,208
Urban,State - HIMACHAL PRADESH,Christian,60+,390,181,209,100,47,53,8,5,3,0,0,0,282,129,153,3,2,1
Urban,State - HIMACHAL PRADESH,Sikh,Total,21679,11606,10073,7318,6251,1067,684,420,264,329,221,108,13677,4935,8742,1495,569,926
Urban,State - HIMACHAL PRADESH,Sikh,5-9,1603,886,717,18,10,8,13,7,6,1,1,0,1572,869,703,14,10,4
Urban,State - HIMACHAL PRADESH,Sikh,10-14,1880,1027,853,28,21,7,23,13,10,9,5,4,1829,993,836,37,25,12
Urban,State - HIMACHAL PRADESH,Sikh,15-19,1828,989,839,90,81,9,50,36,14,26,18,8,1688,872,816,273,169,104
Urban,State - HIMACHAL PRADESH,Sikh,20-24,1963,1056,907,615,532,83,100,65,35,63,41,22,1248,459,789,406,193,213
Urban,State - HIMACHAL PRADESH,Sikh,25-29,2039,1078,961,1010,881,129,92,54,38,54,32,22,937,143,794,285,77,208
Urban,State - HIMACHAL PRADESH,Sikh,30-34,2003,1100,903,1127,977,150,91,55,36,57,39,18,785,68,717,190,37,153
Urban,State - HIMACHAL PRADESH,Sikh,35-39,1787,929,858,1040,852,188,79,39,40,40,29,11,668,38,630,122,15,107
Urban,State - HIMACHAL PRADESH,Sikh,40-49,2782,1473,1309,1590,1341,249,122,72,50,54,38,16,1070,60,1010,105,17,88
Urban,State - HIMACHAL PRADESH,Sikh,50-59,2115,1138,977,1167,991,176,53,35,18,15,11,4,895,112,783,36,12,24
Urban,State - HIMACHAL PRADESH,Sikh,60-69,1337,712,625,437,379,58,42,29,13,10,7,3,858,304,554,15,8,7
Urban,State - HIMACHAL PRADESH,Sikh,70-79,643,336,307,140,134,6,13,10,3,0,0,0,490,192,298,9,5,4
Urban,State - HIMACHAL PRADESH,Sikh,80+,335,187,148,55,51,4,6,5,1,0,0,0,274,131,143,3,1,2
Urban,State - HIMACHAL PRADESH,Sikh,Age not stated,6,3,3,1,1,0,0,0,0,0,0,0,5,2,3,0,0,0
Urban,State - HIMACHAL PRADESH,Sikh,15-59,14517,7763,6754,6639,5655,984,587,356,231,309,208,101,7291,1752,5539,1417,520,897
Urban,State - HIMACHAL PRADESH,Sikh,60+,2315,1235,1080,632,564,68,61,44,17,10,7,3,1622,627,995,27,14,13
Urban,State - HIMACHAL PRADESH,Buddhist,Total,17015,8938,8077,5138,3235,1903,557,264,293,145,70,75,11320,5439,5881,967,399,568
Urban,State - HIMACHAL PRADESH,Buddhist,5-9,1393,726,667,10,10,0,14,6,8,0,0,0,1369,710,659,4,2,2
Urban,State - HIMACHAL PRADESH,Buddhist,10-14,2073,1114,959,33,24,9,18,8,10,1,1,0,2022,1082,940,11,5,6
Urban,State - HIMACHAL PRADESH,Buddhist,15-19,2067,1094,973,69,48,21,36,17,19,20,8,12,1962,1029,933,136,65,71
Urban,State - HIMACHAL PRADESH,Buddhist,20-24,1550,800,750,273,160,113,53,24,29,28,10,18,1224,616,608,293,138,155
Urban,State - HIMACHAL PRADESH,Buddhist,25-29,1515,792,723,727,421,306,83,41,42,32,16,16,705,330,375,221,106,115
Urban,State - HIMACHAL PRADESH,Buddhist,30-34,1528,774,754,911,547,364,80,40,40,18,8,10,537,187,350,135,44,91
Urban,State - HIMACHAL PRADESH,Buddhist,35-39,1238,634,604,814,507,307,55,22,33,13,6,7,369,105,264,71,12,59
Urban,State - HIMACHAL PRADESH,Buddhist,40-49,1825,936,889,1212,741,471,98,46,52,21,14,7,515,149,366,62,18,44
Urban,State - HIMACHAL PRADESH,Buddhist,50-59,1225,656,569,726,490,236,70,31,39,9,5,4,429,135,294,19,6,13
Urban,State - HIMACHAL PRADESH,Buddhist,60-69,769,398,371,216,169,47,28,15,13,3,2,1,525,214,311,11,3,8
Urban,State - HIMACHAL PRADESH,Buddhist,70-79,705,411,294,113,93,20,16,9,7,0,0,0,576,309,267,1,0,1
Urban,State - HIMACHAL PRADESH,Buddhist,80+,345,200,145,25,19,6,6,5,1,0,0,0,314,176,138,3,0,3
Urban,State - HIMACHAL PRADESH,Buddhist,Age not stated,25,16,9,9,6,3,0,0,0,0,0,0,16,10,6,0,0,0
Urban,State - HIMACHAL PRADESH,Buddhist,15-59,10948,5686,5262,4732,2914,1818,475,221,254,141,67,74,5741,2551,3190,937,389,548
Urban,State - HIMACHAL PRADESH,Buddhist,60+,1819,1009,810,354,281,73,50,29,21,3,2,1,1415,699,716,15,3,12
Urban,State - HIMACHAL PRADESH,Jain,Total,1317,694,623,458,400,58,50,6,44,3,2,1,809,288,521,58,19,39
Urban,State - HIMACHAL PRADESH,Jain,5-9,120,65,55,1,1,0,0,0,0,0,0,0,119,64,55,0,0,0
Urban,State - HIMACHAL PRADESH,Jain,10-14,109,58,51,0,0,0,0,0,0,0,0,0,109,58,51,2,2,0
Urban,State - HIMACHAL PRADESH,Jain,15-19,92,59,33,6,6,0,1,0,1,0,0,0,85,53,32,11,9,2
Urban,State - HIMACHAL PRADESH,Jain,20-24,100,44,56,25,19,6,4,1,3,1,1,0,71,24,47,22,6,16
Urban,State - HIMACHAL PRADESH,Jain,25-29,115,55,60,63,49,14,9,0,9,1,0,1,43,6,37,6,0,6
Urban,State - HIMACHAL PRADESH,Jain,30-34,129,58,71,65,57,8,10,1,9,1,1,0,54,0,54,9,0,9
Urban,State - HIMACHAL PRADESH,Jain,35-39,107,61,46,65,60,5,7,1,6,0,0,0,35,0,35,3,0,3
Urban,State - HIMACHAL PRADESH,Jain,40-49,173,94,79,109,92,17,4,0,4,0,0,0,60,2,58,2,1,1
Urban,State - HIMACHAL PRADESH,Jain,50-59,146,73,73,70,65,5,11,2,9,0,0,0,65,6,59,2,1,1
Urban,State - HIMACHAL PRADESH,Jain,60-69,82,46,36,36,33,3,4,1,3,0,0,0,42,12,30,1,0,1
Urban,State - HIMACHAL PRADESH,Jain,70-79,39,23,16,12,12,0,0,0,0,0,0,0,27,11,16,0,0,0
Urban,State - HIMACHAL PRADESH,Jain,80+,18,9,9,6,6,0,0,0,0,0,0,0,12,3,9,0,0,0
Urban,State - HIMACHAL PRADESH,Jain,Age not stated,0,0,0,0,0,0,0,0,0,0,0,0,0,0,0,0,0,0
Urban,State - HIMACHAL PRADESH,Jain,15-59,862,444,418,403,348,55,46,5,41,3,2,1,413,91,322,55,17,38
Urban,State - HIMACHAL PRADESH,Jain,60+,139,78,61,54,51,3,4,1,3,0,0,0,81,26,55,1,0,1
Urban,State - HIMACHAL PRADESH,Other religious communities,Total,84,47,37,43,30,13,4,1,3,2,1,1,37,16,21,0,0,0
Urban,State - HIMACHAL PRADESH,Other religious communities,5-9,7,1,6,0,0,0,0,0,0,0,0,0,7,1,6,0,0,0
Urban,State - HIMACHAL PRADESH,Other religious communities,10-14,9,5,4,0,0,0,0,0,0,0,0,0,9,5,4,0,0,0
Urban,State - HIMACHAL PRADESH,Other religious communities,15-19,8,6,2,3,2,1,1,0,1,1,0,1,4,4,0,0,0,0
Urban,State - HIMACHAL PRADESH,Other religious communities,20-24,11,6,5,8,5,3,0,0,0,0,0,0,3,1,2,0,0,0
Urban,State - HIMACHAL PRADESH,Other religious communities,25-29,11,7,4,9,7,2,0,0,0,0,0,0,2,0,2,0,0,0
Urban,State - HIMACHAL PRADESH,Other religious communities,30-34,8,3,5,6,3,3,0,0,0,0,0,0,2,0,2,0,0,0
Urban,State - HIMACHAL PRADESH,Other religious communities,35-39,7,4,3,6,4,2,1,0,1,0,0,0,0,0,0,0,0,0
Urban,State - HIMACHAL PRADESH,Other religious communities,40-49,7,5,2,4,4,0,1,1,0,1,1,0,2,0,2,0,0,0
Urban,State - HIMACHAL PRADESH,Other religious communities,50-59,6,4,2,6,4,2,0,0,0,0,0,0,0,0,0,0,0,0
Urban,State - HIMACHAL PRADESH,Other religious communities,60-69,3,2,1,1,1,0,1,0,1,0,0,0,1,1,0,0,0,0
Urban,State - HIMACHAL PRADESH,Other religious communities,70-79,1,0,1,0,0,0,0,0,0,0,0,0,1,0,1,0,0,0
Urban,State - HIMACHAL PRADESH,Other religious communities,80+,1,1,0,0,0,0,0,0,0,0,0,0,1,1,0,0,0,0
Urban,State - HIMACHAL PRADESH,Other religious communities,Age not stated,0,0,0,0,0,0,0,0,0,0,0,0,0,0,0,0,0,0
Urban,State - HIMACHAL PRADESH,Other religious communities,15-59,58,35,23,42,29,13,3,1,2,2,1,1,13,5,8,0,0,0
Urban,State - HIMACHAL PRADESH,Other religious communities,60+,5,3,2,1,1,0,1,0,1,0,0,0,3,2,1,0,0,0
Total,State - PUNJAB,All religious communities,Total,27743338,14639465,13103873,8450936,7264631,1186305,1446426,809526,636900,673937,431110,242827,17845976,6565308,11280668,1554976,621876,933100
Total,State - PUNJAB,All religious communities,5-9,2368019,1301682,1066337,23531,14337,9194,29113,16143,12970,8237,4665,3572,2315375,1271202,1044173,23321,13076,10245
Total,State - PUNJAB,All religious communities,10-14,2583402,1445530,1137872,66822,48759,18063,57179,33043,24136,20965,12780,8185,2459401,1363728,1095673,57302,34005,23297
Total,State - PUNJAB,All religious communities,15-19,2817683,1570180,1247503,396263,338041,58222,162258,104498,57760,91976,63393,28583,2259162,1127641,1131521,388698,229756,158942
Total,State - PUNJAB,All religious communities,20-24,2776636,1465531,1311105,945741,821204,124537,221788,139731,82057,130188,89381,40807,1609107,504596,1104511,419649,194091,225558
Total,State - PUNJAB,All religious communities,25-29,2463861,1270405,1193456,1166672,1003022,163650,187988,108996,78992,99698,64970,34728,1109201,158387,950814,231211,66581,164630
Total,State - PUNJAB,All religious communities,30-34,2116539,1082533,1034006,1087604,929420,158184,156230,81568,74662,75060,45331,29729,872705,71545,801160,121962,22381,99581
Total,State - PUNJAB,All religious communities,35-39,1989071,1010862,978209,1048282,887851,160431,145139,71456,73683,66569,38717,27852,795650,51555,744095,91291,12571,78720
Total,State - PUNJAB,All religious communities,40-49,3376240,1727343,1648897,1782599,1524234,258365,227093,111773,115320,95114,56630,38484,1366548,91336,1275212,113788,17333,96455
Total,State - PUNJAB,All religious communities,50-59,2211019,1149509,1061510,1110580,968620,141960,125232,64861,60371,45056,28498,16558,975207,116028,859179,52768,11942,40826
Total,State - PUNJAB,All religious communities,60-69,1716178,855289,860889,580752,513402,67350,93305,51525,41780,29864,18977,10887,1042121,290362,751759,39851,13547,26304
Total,State - PUNJAB,All religious communities,70-79,770138,402323,367815,179325,161521,17804,28904,18647,10257,7765,5531,2234,561909,222155,339754,10325,4564,5761
Total,State - PUNJAB,All religious communities,80+,379501,186050,193451,52888,45993,6895,9784,5881,3903,2466,1609,857,316829,134176,182653,3418,1436,1982
Total,State - PUNJAB,All religious communities,Age not stated,41522,22272,19250,9877,8227,1650,2413,1404,1009,979,628,351,29232,12641,16591,1392,593,799
Total,State - PUNJAB,All religious communities,15-59,17751049,9276363,8474686,7537741,6472392,1065349,1225728,682883,542845,603661,386920,216741,8987580,2121088,6866492,1419367,554655,864712
Total,State - PUNJAB,All religious communities,60+,2865817,1443662,1422155,812965,720916,92049,131993,76053,55940,40095,26117,13978,1920859,646693,1274166,53594,19547,34047
Total,State - PUNJAB,Hindu,Total,10678138,5683894,4994244,3291144,2821359,469785,512914,315676,197238,242893,165259,77634,6874080,2546859,4327221,587236,238301,348935
Total,State - PUNJAB,Hindu,5-9,954711,520878,433833,9256,5466,3790,12495,6942,5553,3371,1883,1488,932960,508470,424490,8590,4791,3799
Total,State - PUNJAB,Hindu,10-14,999079,554223,444856,26334,18860,7474,21792,12663,9129,7572,4639,2933,950953,522700,428253,19864,11814,8050
Total,State - PUNJAB,Hindu,15-19,1057578,591637,465941,151142,128396,22746,55360,36927,18433,30266,21439,8827,851076,426314,424762,136628,82539,54089
Total,State - PUNJAB,Hindu,20-24,1087918,585070,502848,373255,322919,50336,79751,53683,26068,46542,33165,13377,634912,208468,426444,163927,78221,85706
Total,State - PUNJAB,Hindu,25-29,1017273,534821,482452,492407,423571,68836,70353,44705,25648,37956,26134,11822,454513,66545,387968,95458,28258,67200
Total,State - PUNJAB,Hindu,30-34,863414,452051,411363,455577,389802,65775,56954,33750,23204,27878,18368,9510,350883,28499,322384,49380,9136,40244
Total,State - PUNJAB,Hindu,35-39,793838,413563,380275,430448,364000,66448,52563,29765,22798,24930,15972,8958,310827,19798,291029,35806,4969,30837
Total,State - PUNJAB,Hindu,40-49,1283386,673369,610017,694059,593009,101050,80163,45981,34182,35308,23293,12015,509164,34379,474785,41823,6740,35083
Total,State - PUNJAB,Hindu,50-59,822109,434628,387481,417975,363625,54350,43096,25813,17283,16277,11431,4846,361038,45190,315848,18812,4899,13913
Total,State - PUNJAB,Hindu,60-69,558314,277637,280677,173119,152245,20874,27758,17109,10649,9228,6388,2840,357437,108283,249154,12163,4771,7392
Total,State - PUNJAB,Hindu,70-79,245058,122799,122259,49882,44451,5431,8830,5958,2872,2462,1807,655,186346,72390,113956,3268,1518,1750
Total,State - PUNJAB,Hindu,80+,114198,52688,61510,14628,12465,2163,3102,1951,1151,854,573,281,96468,38272,58196,1105,472,633
Total,State - PUNJAB,Hindu,Age not stated,12843,6983,5860,3062,2550,512,697,429,268,249,167,82,9084,4004,5080,412,173,239
Total,State - PUNJAB,Hindu,15-59,6925516,3685139,3240377,3014863,2585322,429541,438240,270624,167616,219157,149802,69355,3472413,829193,2643220,541834,214762,327072
Total,State - PUNJAB,Hindu,60+,917570,453124,464446,237629,209161,28468,39690,25018,14672,12544,8768,3776,640251,218945,421306,16536,6761,9775
Total,State - PUNJAB,Muslim,Total,535489,287534,247955,163855,142281,21574,26575,16828,9747,11482,8372,3110,345059,128425,216634,23186,9482,13704
Total,State - PUNJAB,Muslim,5-9,58954,31091,27863,824,502,322,636,336,300,188,98,90,57494,30253,27241,578,305,273
Total,State - PUNJAB,Muslim,10-14,59105,31946,27159,2964,2133,831,1293,775,518,459,287,172,54848,29038,25810,1388,811,577
Total,State - PUNJAB,Muslim,15-19,58604,32501,26103,13743,11659,2084,3440,2277,1163,1675,1234,441,41421,18565,22856,6514,3808,2706
Total,State - PUNJAB,Muslim,20-24,57305,31223,26082,23799,21024,2775,4291,2964,1327,2205,1667,538,29215,7235,21980,5639,2555,3084
Total,State - PUNJAB,Muslim,25-29,49244,26573,22671,24903,21966,2937,3525,2299,1226,1651,1257,394,20816,2308,18508,3148,863,2285
Total,State - PUNJAB,Muslim,30-34,40950,21872,19078,21828,19006,2822,2814,1705,1109,1225,858,367,16308,1161,15147,1818,303,1515
Total,State - PUNJAB,Muslim,35-39,36777,19788,16989,20141,17392,2749,2685,1596,1089,1141,818,323,13951,800,13151,1371,186,1185
Total,State - PUNJAB,Muslim,40-49,54061,29591,24470,29722,25877,3845,3865,2337,1528,1554,1134,420,20474,1377,19097,1440,248,1192
Total,State - PUNJAB,Muslim,50-59,28282,15271,13011,14406,12626,1780,1911,1148,763,723,521,202,11965,1497,10468,621,180,441
Total,State - PUNJAB,Muslim,60-69,22281,11276,11005,8042,7023,1019,1477,950,527,479,349,130,12762,3303,9459,472,137,335
Total,State - PUNJAB,Muslim,70-79,9787,5252,4535,2470,2213,257,441,308,133,125,108,17,6876,2731,4145,125,58,67
Total,State - PUNJAB,Muslim,80+,5145,2602,2543,808,683,125,156,108,48,41,33,8,4181,1811,2370,52,23,29
Total,State - PUNJAB,Muslim,Age not stated,803,446,357,205,177,28,41,25,16,16,8,8,557,244,313,20,5,15
Total,State - PUNJAB,Muslim,15-59,325223,176819,148404,148542,129550,18992,22531,14326,8205,10174,7489,2685,154150,32943,121207,20551,8143,12408
Total,State - PUNJAB,Muslim,60+,37213,19130,18083,11320,9919,1401,2074,1366,708,645,490,155,23819,7845,15974,649,218,431
Total,State - PUNJAB,Christian,Total,348230,182041,166189,99531,81384,18147,25030,16296,8734,13854,9793,4061,223669,84361,139308,22630,8484,14146
Total,State - PUNJAB,Christian,5-9,35693,19116,16577,464,275,189,469,247,222,113,66,47,34760,18594,16166,350,177,173
Total,State - PUNJAB,Christian,10-14,37355,20306,17049,1310,929,381,1008,612,396,409,257,152,35037,18765,16272,1023,631,392
Total,State - PUNJAB,Christian,15-19,38535,20472,18063,6566,5279,1287,3187,2150,1037,2012,1457,555,28782,13043,15739,6268,3490,2778
Total,State - PUNJAB,Christian,20-24,36126,18664,17462,12506,10513,1993,3959,2796,1163,2549,1895,654,19661,5355,14306,5329,2196,3133
Total,State - PUNJAB,Christian,25-29,30626,15860,14766,14039,11774,2265,3233,2177,1056,1933,1389,544,13354,1909,11445,3133,817,2316
Total,State - PUNJAB,Christian,30-34,25619,13082,12537,12700,10464,2236,2672,1703,969,1533,1040,493,10247,915,9332,1764,309,1455
Total,State - PUNJAB,Christian,35-39,24063,12265,11798,12456,10080,2376,2539,1539,1000,1401,963,438,9068,646,8422,1408,165,1243
Total,State - PUNJAB,Christian,40-49,37742,19678,18064,20114,16312,3802,3721,2331,1390,2019,1380,639,13907,1035,12872,1717,251,1466
Total,State - PUNJAB,Christian,50-59,21378,11057,10321,10871,8731,2140,1940,1225,715,949,665,284,8567,1101,7466,730,139,591
Total,State - PUNJAB,Christian,60-69,18236,9019,9217,6175,5078,1097,1631,1056,575,684,490,194,10430,2885,7545,683,211,472
Total,State - PUNJAB,Christian,70-79,7116,3825,3291,1735,1482,253,475,336,139,179,140,39,4906,2007,2899,164,77,87
Total,State - PUNJAB,Christian,80+,3204,1626,1578,521,415,106,175,108,67,64,43,21,2508,1103,1405,52,19,33
Total,State - PUNJAB,Christian,Age not stated,346,201,145,74,52,22,21,16,5,9,8,1,251,133,118,9,2,7
Total,State - PUNJAB,Christian,15-59,214089,111078,103011,89252,73153,16099,21251,13921,7330,12396,8789,3607,103586,24004,79582,20349,7367,12982
Total,State - PUNJAB,Christian,60+,28556,14470,14086,8431,6975,1456,2281,1500,781,927,673,254,17844,5995,11849,899,307,592
Total,State - PUNJAB,Sikh,Total,16004754,8395797,7608957,4849571,4181558,668013,871829,454819,417010,401110,244788,156322,10283354,3759420,6523934,910773,360686,550087
Total,State - PUNJAB,Sikh,5-9,1301612,721157,580455,12683,7905,4778,15005,8333,6672,4441,2549,1892,1273924,704919,569005,13617,7708,5909
Total,State - PUNJAB,Sikh,10-14,1470067,829116,640951,35648,26464,9184,32449,18639,13810,12316,7486,4830,1401970,784013,617957,34717,20568,14149
Total,State - PUNJAB,Sikh,15-19,1644567,915347,729220,222296,190774,31522,99017,62332,36685,57327,38767,18560,1323254,662241,661013,236505,138139,98366
Total,State - PUNJAB,Sikh,20-24,1577430,821078,756352,530632,462180,68452,132128,79193,52935,77899,51985,25914,914670,279705,634965,241829,109661,132168
Total,State - PUNJAB,Sikh,25-29,1350526,685085,665441,628283,539935,88348,109526,58979,50547,57438,35722,21716,612717,86171,526546,127698,36051,91647
Total,State - PUNJAB,Sikh,30-34,1173198,589090,584108,591215,505066,86149,92723,43822,48901,43913,24758,19155,489260,40202,449058,68142,12386,55756
Total,State - PUNJAB,Sikh,35-39,1122639,559758,562881,579618,491891,87727,86462,38079,48383,38695,20729,17966,456559,29788,426771,52039,7130,44909
Total,State - PUNJAB,Sikh,40-49,1982490,996103,986387,1029715,881803,147912,138099,60470,77629,55758,30557,25201,814676,53830,760846,67975,9920,58055
Total,State - PUNJAB,Sikh,50-59,1326549,682645,643904,661586,578800,82786,77552,36279,41273,26848,15719,11129,587411,67566,519845,32239,6616,25623
Total,State - PUNJAB,Sikh,60-69,1108272,553306,554966,390626,346695,43931,61989,32167,29822,19339,11681,7658,655657,174444,481213,26210,8325,17885
Total,State - PUNJAB,Sikh,70-79,504030,268495,235535,124349,112612,11737,18985,11945,7040,4952,3448,1504,360696,143938,216758,6692,2875,3817
Total,State - PUNJAB,Sikh,80+,254894,128232,126662,36639,32197,4442,6291,3679,2612,1494,953,541,211964,92356,119608,2191,914,1277
Total,State - PUNJAB,Sikh,Age not stated,26096,13795,12301,6281,5236,1045,1603,902,701,690,434,256,18212,7657,10555,919,393,526
Total,State - PUNJAB,Sikh,15-59,10177399,5249106,4928293,4243345,3650449,592896,735507,379154,356353,357878,218237,139641,5198547,1219503,3979044,826427,319903,506524
Total,State - PUNJAB,Sikh,60+,1867196,950033,917163,551614,491504,60110,87265,47791,39474,25785,16082,9703,1228317,410738,817579,35093,12114,22979
Total,State - PUNJAB,Buddhist,Total,33237,17176,16061,9232,7931,1301,1825,1248,577,958,707,251,22180,7997,14183,2040,839,1201
Total,State - PUNJAB,Buddhist,5-9,2824,1478,1346,19,9,10,74,41,33,12,6,6,2731,1428,1303,17,9,8
Total,State - PUNJAB,Buddhist,10-14,3178,1721,1457,67,48,19,76,43,33,14,11,3,3035,1630,1405,74,44,30
Total,State - PUNJAB,Buddhist,15-19,3396,1816,1580,413,348,65,186,132,54,101,81,20,2797,1336,1461,490,292,198
Total,State - PUNJAB,Buddhist,20-24,3443,1806,1637,1095,958,137,303,224,79,198,151,47,2045,624,1421,537,246,291
Total,State - PUNJAB,Buddhist,25-29,3048,1485,1563,1244,1085,159,215,152,63,131,93,38,1589,248,1341,311,105,206
Total,State - PUNJAB,Buddhist,30-34,2527,1301,1226,1229,1047,182,211,150,61,125,94,31,1087,104,983,155,33,122
Total,State - PUNJAB,Buddhist,35-39,2476,1254,1222,1251,1068,183,169,109,60,99,69,30,1056,77,979,139,15,124
Total,State - PUNJAB,Buddhist,40-49,4052,2073,1979,2121,1794,327,283,173,110,148,103,45,1648,106,1542,156,23,133
Total,State - PUNJAB,Buddhist,50-59,2540,1352,1188,1193,1053,140,183,140,43,82,68,14,1164,159,1005,75,25,50
Total,State - PUNJAB,Buddhist,60-69,1825,878,947,449,395,54,78,51,27,27,15,12,1298,432,866,57,29,28
Total,State - PUNJAB,Buddhist,70-79,867,448,419,114,97,17,38,28,10,17,13,4,715,323,392,20,12,8
Total,State - PUNJAB,Buddhist,80+,412,185,227,32,25,7,8,4,4,3,2,1,372,156,216,7,5,2
Total,State - PUNJAB,Buddhist,Age not stated,41,19,22,5,4,1,1,1,0,1,1,0,35,14,21,2,1,1
Total,State - PUNJAB,Buddhist,15-59,21482,11087,10395,8546,7353,1193,1550,1080,470,884,659,225,11386,2654,8732,1863,739,1124
Total,State - PUNJAB,Buddhist,60+,3104,1511,1593,595,517,78,124,83,41,47,30,17,2385,911,1474,84,46,38
Total,State - PUNJAB,Jain,Total,45040,23560,21480,15022,13223,1799,1130,633,497,368,214,154,28888,9704,19184,1683,664,1019
Total,State - PUNJAB,Jain,5-9,3419,1909,1510,36,22,14,53,30,23,13,8,5,3330,1857,1473,21,10,11
Total,State - PUNJAB,Jain,10-14,3492,1964,1528,62,45,17,46,28,18,14,6,8,3384,1891,1493,33,16,17
Total,State - PUNJAB,Jain,15-19,3670,2023,1647,216,178,38,94,60,34,41,31,10,3360,1785,1575,377,257,120
Total,State - PUNJAB,Jain,20-24,3796,2074,1722,1130,969,161,139,83,56,77,46,31,2527,1022,1505,486,233,253
Total,State - PUNJAB,Jain,25-29,3929,2037,1892,1984,1725,259,129,79,50,58,38,20,1816,233,1583,281,57,224
Total,State - PUNJAB,Jain,30-34,3652,1830,1822,1920,1662,258,111,51,60,40,22,18,1621,117,1504,144,26,118
Total,State - PUNJAB,Jain,35-39,3316,1641,1675,1770,1515,255,112,59,53,38,19,19,1434,67,1367,91,8,83
Total,State - PUNJAB,Jain,40-49,5948,3011,2937,3215,2809,406,170,97,73,36,19,17,2563,105,2458,110,23,87
Total,State - PUNJAB,Jain,50-59,5215,2638,2577,2674,2421,253,133,64,69,28,13,15,2408,153,2255,64,14,50
Total,State - PUNJAB,Jain,60-69,3446,1751,1695,1362,1271,91,93,56,37,14,9,5,1991,424,1567,57,14,43
Total,State - PUNJAB,Jain,70-79,1618,816,802,505,469,36,39,21,18,6,3,3,1074,326,748,11,3,8
Total,State - PUNJAB,Jain,80+,632,313,319,129,119,10,8,5,3,1,0,1,495,189,306,4,2,2
Total,State - PUNJAB,Jain,Age not stated,56,33,23,19,18,1,3,0,3,2,0,2,34,15,19,4,1,3
Total,State - PUNJAB,Jain,15-59,29526,15254,14272,12909,11279,1630,888,493,395,318,188,130,15729,3482,12247,1553,618,935
Total,State - PUNJAB,Jain,60+,5696,2880,2816,1996,1859,137,140,82,58,21,12,9,3560,939,2621,72,19,53
Total,State - PUNJAB,Other religious communities,Total,10886,5735,5151,3176,2569,607,835,489,346,370,261,109,6875,2677,4198,599,251,348
Total,State - PUNJAB,Other religious communities,5-9,1087,597,490,15,8,7,34,19,15,3,1,2,1038,570,468,13,7,6
Total,State - PUNJAB,Other religious communities,10-14,1161,672,489,35,28,7,38,27,11,7,4,3,1088,617,471,25,16,9
Total,State - PUNJAB,Other religious communities,15-19,1142,625,517,174,132,42,100,62,38,57,41,16,868,431,437,155,85,70
Total,State - PUNJAB,Other religious communities,20-24,988,511,477,357,299,58,107,68,39,57,41,16,524,144,380,139,68,71
Total,State - PUNJAB,Other religious communities,25-29,967,489,478,425,354,71,113,69,44,59,44,15,429,66,363,113,41,72
Total,State - PUNJAB,Other religious communities,30-34,830,414,416,409,335,74,92,46,46,50,36,14,329,33,296,43,7,36
Total,State - PUNJAB,Other religious communities,35-39,758,385,373,410,322,88,82,42,40,45,30,15,266,21,245,18,2,16
Total,State - PUNJAB,Other religious communities,40-49,1248,637,611,677,538,139,118,63,55,44,26,18,453,36,417,42,4,38
Total,State - PUNJAB,Other religious communities,50-59,760,398,362,392,320,72,69,40,29,27,21,6,299,38,261,18,7,11
Total,State - PUNJAB,Other religious communities,60-69,641,318,323,195,162,33,52,32,20,11,9,2,394,124,270,25,9,16
Total,State - PUNJAB,Other religious communities,70-79,257,132,125,60,51,9,21,15,6,7,5,2,176,66,110,7,4,3
Total,State - PUNJAB,Other religious communities,80+,126,64,62,22,16,6,8,6,2,3,3,0,96,42,54,0,0,0
Total,State - PUNJAB,Other religious communities,Age not stated,19,13,6,5,4,1,1,0,1,0,0,0,13,9,4,1,1,0
Total,State - PUNJAB,Other religious communities,15-59,6693,3459,3234,2844,2300,544,681,390,291,339,239,100,3168,769,2399,528,214,314
Total,State - PUNJAB,Other religious communities,60+,1024,514,510,277,229,48,81,53,28,21,17,4,666,232,434,32,13,19
Rural,State - PUNJAB,All religious communities,Total,17344192,9093476,8250716,5107024,4417839,689185,1072175,577980,494195,513706,325672,188034,11164993,4097657,7067336,984862,381069,603793
Rural,State - PUNJAB,All religious communities,5-9,1507022,827905,679117,14207,8746,5461,14063,7738,6325,4467,2525,1942,1478752,811421,667331,14936,8388,6548
Rural,State - PUNJAB,All religious communities,10-14,1668828,931366,737462,42747,31010,11737,34870,19946,14924,13885,8422,5463,1591211,880410,710801,38868,22733,16135
Rural,State - PUNJAB,All religious communities,15-19,1814427,1003831,810596,263448,224962,38486,119020,75566,43454,69088,47381,21707,1431959,703303,728656,260771,150833,109938
Rural,State - PUNJAB,All religious communities,20-24,1706833,888739,818094,593609,518570,75039,163074,100630,62444,96825,66671,30154,950150,269539,680611,254681,112486,142195
Rural,State - PUNJAB,All religious communities,25-29,1455456,738196,717260,668523,579366,89157,137563,76971,60592,74115,48120,25995,649370,81859,567511,134363,35413,98950
Rural,State - PUNJAB,All religious communities,30-34,1263506,636268,627238,626371,537883,88488,117598,58316,59282,58117,34645,23472,519537,40069,479468,74241,12610,61631
Rural,State - PUNJAB,All religious communities,35-39,1202842,604249,598593,613207,522456,90751,110760,51560,59200,52387,29911,22476,478875,30233,448642,57477,7523,49954
Rural,State - PUNJAB,All religious communities,40-49,2067586,1051489,1016097,1061769,914334,147435,174227,81040,93187,75594,44235,31359,831590,56115,775475,75195,10819,64376
Rural,State - PUNJAB,All religious communities,50-59,1319003,681659,637344,645626,568590,77036,94852,46568,48284,35721,22124,13597,578525,66501,512024,35247,7033,28214
Rural,State - PUNJAB,All religious communities,60-69,1150840,567649,583191,404042,356830,47212,74669,39823,34846,24588,15421,9167,672129,170996,501133,28150,8569,19581
Rural,State - PUNJAB,All religious communities,70-79,532089,280485,251604,128922,116470,12452,22384,14429,7955,6253,4472,1781,380783,149586,231197,7478,3225,4253
Rural,State - PUNJAB,All religious communities,80+,274781,135823,138958,37738,32919,4819,7237,4334,2903,1858,1223,635,229806,98570,131236,2441,996,1445
Rural,State - PUNJAB,All religious communities,Age not stated,29610,15833,13777,6815,5703,1112,1858,1059,799,808,522,286,20937,9071,11866,1014,441,573
Rural,State - PUNJAB,All religious communities,15-59,10829653,5604431,5225222,4472553,3866161,606392,917094,490651,426443,461847,293087,168760,5440006,1247619,4192387,891975,336717,555258
Rural,State - PUNJAB,All religious communities,60+,1957710,983957,973753,570702,506219,64483,104290,58586,45704,32699,21116,11583,1282718,419152,863566,38069,12790,25279
Rural,State - PUNJAB,Hindu,Total,4396066,2305842,2090224,1223469,1052838,170631,292771,178316,114455,148919,102940,45979,2879826,1074688,1805138,253562,101428,152134
Rural,State - PUNJAB,Hindu,5-9,413691,224428,189263,3355,1991,1364,3286,1805,1481,978,543,435,407050,220632,186418,3583,2014,1569
Rural,State - PUNJAB,Hindu,10-14,442871,243478,199393,11235,7851,3384,8545,4893,3652,3319,2035,1284,423091,230734,192357,9075,5266,3809
Rural,State - PUNJAB,Hindu,15-19,464004,254391,209613,67432,56905,10527,30275,19980,10295,17285,12299,4986,366297,177506,188791,63670,37648,26022
Rural,State - PUNJAB,Hindu,20-24,441772,232979,208793,149739,130376,19363,45322,30665,14657,27262,20040,7222,246711,71938,174773,68021,31638,36383
Rural,State - PUNJAB,Hindu,25-29,385846,196966,188880,171936,148985,22951,39765,25075,14690,22484,15827,6657,174145,22906,151239,37471,10611,26860
Rural,State - PUNJAB,Hindu,30-34,328253,167616,160637,160380,137626,22754,33459,19475,13984,17665,11820,5845,134414,10515,123899,20107,3700,16407
Rural,State - PUNJAB,Hindu,35-39,308810,157351,151459,156005,132204,23801,31709,17523,14186,16319,10528,5791,121096,7624,113472,15286,2117,13169
Rural,State - PUNJAB,Hindu,40-49,502756,261230,241526,255295,219294,36001,49201,27524,21677,23884,15829,8055,198260,14412,183848,19207,3026,16181
Rural,State - PUNJAB,Hindu,50-59,306641,160346,146295,144136,126672,17464,25944,15404,10540,10993,7791,3202,136561,18270,118291,8786,2145,6641
Rural,State - PUNJAB,Hindu,60-69,247520,119735,127785,74010,64618,9392,17741,10843,6898,6393,4486,1907,155769,44274,111495,5900,2143,3757
Rural,State - PUNJAB,Hindu,70-79,115808,58217,57591,22283,19819,2464,5405,3765,1640,1663,1266,397,88120,34633,53487,1678,776,902
Rural,State - PUNJAB,Hindu,80+,58912,27348,31564,6337,5376,961,1737,1128,609,513,363,150,50838,20844,29994,562,242,320
Rural,State - PUNJAB,Hindu,Age not stated,6124,3328,2796,1326,1121,205,382,236,146,161,113,48,4416,1971,2445,216,102,114
Rural,State - PUNJAB,Hindu,15-59,2738082,1430879,1307203,1104923,952062,152861,255675,155646,100029,135892,94134,41758,1377484,323171,1054313,232548,90885,141663
Rural,State - PUNJAB,Hindu,60+,422240,205300,216940,102630,89813,12817,24883,15736,9147,8569,6115,2454,294727,99751,194976,8140,3161,4979
Rural,State - PUNJAB,Muslim,Total,278825,146824,132001,81334,68199,13135,17826,11113,6713,8178,5978,2200,179665,67512,112153,13552,5155,8397
Rural,State - PUNJAB,Muslim,5-9,30607,16276,14331,394,239,155,305,155,150,101,47,54,29908,15882,14026,335,172,163
Rural,State - PUNJAB,Muslim,10-14,31285,16732,14553,1538,1000,538,711,433,278,262,170,92,29036,15299,13737,800,431,369
Rural,State - PUNJAB,Muslim,15-19,30365,16454,13911,6669,5408,1261,2274,1475,799,1170,847,323,21422,9571,11851,3944,2183,1761
Rural,State - PUNJAB,Muslim,20-24,28288,14876,13412,11375,9698,1677,2840,1944,896,1533,1175,358,14073,3234,10839,3139,1319,1820
Rural,State - PUNJAB,Muslim,25-29,23367,12204,11163,11364,9697,1667,2302,1483,819,1160,893,267,9701,1024,8677,1686,394,1292
Rural,State - PUNJAB,Muslim,30-34,19701,10096,9605,10056,8422,1634,1847,1100,747,869,609,260,7798,574,7224,1012,156,856
Rural,State - PUNJAB,Muslim,35-39,18452,9557,8895,9726,8085,1641,1839,1077,762,844,608,236,6887,395,6492,814,106,708
Rural,State - PUNJAB,Muslim,40-49,28594,15204,13390,15277,12863,2414,2706,1587,1119,1167,848,319,10611,754,9857,913,136,777
Rural,State - PUNJAB,Muslim,50-59,15406,8126,7280,7639,6509,1130,1357,801,556,552,394,158,6410,816,5594,417,103,314
Rural,State - PUNJAB,Muslim,60-69,14346,7061,7285,5036,4294,742,1163,729,434,380,276,104,8147,2038,6109,342,90,252
Rural,State - PUNJAB,Muslim,70-79,6472,3491,2981,1613,1430,183,346,238,108,97,82,15,4513,1823,2690,98,45,53
Rural,State - PUNJAB,Muslim,80+,3361,1704,1657,519,439,80,105,74,31,29,23,6,2737,1191,1546,35,15,20
Rural,State - PUNJAB,Muslim,Age not stated,524,289,235,128,115,13,31,17,14,14,6,8,365,157,208,17,5,12
Rural,State - PUNJAB,Muslim,15-59,164173,86517,77656,72106,60682,11424,15165,9467,5698,7295,5374,1921,76902,16368,60534,11925,4397,7528
Rural,State - PUNJAB,Muslim,60+,24179,12256,11923,7168,6163,1005,1614,1041,573,506,381,125,15397,5052,10345,475,150,325
Rural,State - PUNJAB,Christian,Total,242977,126885,116092,64826,54296,10530,20328,13310,7018,11604,8310,3294,157823,59279,98544,16085,5822,10263
Rural,State - PUNJAB,Christian,5-9,26397,14057,12340,376,218,158,353,175,178,86,48,38,25668,13664,12004,278,143,135
Rural,State - PUNJAB,Christian,10-14,27558,14943,12615,1022,724,298,760,466,294,316,202,114,25776,13753,12023,821,500,321
Rural,State - PUNJAB,Christian,15-19,27553,14672,12881,5022,4066,956,2618,1781,837,1682,1220,462,19913,8825,11088,4702,2547,2155
Rural,State - PUNJAB,Christian,20-24,24514,12704,11810,8594,7392,1202,3171,2247,924,2068,1551,517,12749,3065,9684,3466,1351,2115
Rural,State - PUNJAB,Christian,25-29,20273,10389,9884,8769,7518,1251,2606,1772,834,1598,1172,426,8898,1099,7799,2078,492,1586
Rural,State - PUNJAB,Christian,30-34,16999,8501,8498,7816,6576,1240,2135,1362,773,1266,881,385,7048,563,6485,1237,197,1040
Rural,State - PUNJAB,Christian,35-39,16105,8279,7826,7923,6589,1334,2074,1275,799,1195,828,367,6108,415,5693,997,110,887
Rural,State - PUNJAB,Christian,40-49,24956,13073,11883,12562,10506,2056,3053,1929,1124,1755,1223,532,9341,638,8703,1248,173,1075
Rural,State - PUNJAB,Christian,50-59,13348,6884,6464,6286,5275,1011,1558,978,580,803,571,232,5504,631,4873,538,92,446
Rural,State - PUNJAB,Christian,60-69,13342,6544,6798,4638,3873,765,1425,927,498,606,437,169,7279,1744,5535,533,134,399
Rural,State - PUNJAB,Christian,70-79,5328,2936,2392,1368,1199,169,416,296,120,163,129,34,3544,1441,2103,139,67,72
Rural,State - PUNJAB,Christian,80+,2403,1223,1180,408,329,79,145,90,55,57,40,17,1850,804,1046,42,15,27
Rural,State - PUNJAB,Christian,Age not stated,242,147,95,42,31,11,14,12,2,9,8,1,186,104,82,6,1,5
Rural,State - PUNJAB,Christian,15-59,143748,74502,69246,56972,47922,9050,17215,11344,5871,10367,7446,2921,69561,15236,54325,14266,4962,9304
Rural,State - PUNJAB,Christian,60+,21073,10703,10370,6414,5401,1013,1986,1313,673,826,606,220,12673,3989,8684,714,216,498
Rural,State - PUNJAB,Sikh,Total,12348455,6474159,5874296,3718420,3227361,491059,735725,371930,363795,342117,206594,135523,7894310,2874868,5019442,695821,266135,429686
Rural,State - PUNJAB,Sikh,5-9,1028352,568742,459610,9915,6201,3714,9902,5479,4423,3246,1853,1393,1008535,557062,451473,10631,6003,4628
Rural,State - PUNJAB,Sikh,10-14,1158764,651578,507186,28642,21243,7399,24561,14001,10560,9861,5948,3913,1105561,616334,489227,27979,16426,11553
Rural,State - PUNJAB,Sikh,15-19,1283788,713541,570247,182999,157573,25426,83184,51892,31292,48543,32721,15822,1017605,504076,513529,186980,107545,79435
Rural,State - PUNJAB,Sikh,20-24,1204356,624062,580294,421304,368981,52323,110841,65181,45660,65387,43512,21875,672211,189900,482311,178626,77479,101147
Rural,State - PUNJAB,Sikh,25-29,1019313,515370,503943,473727,410937,62790,92198,48203,43995,48462,29953,18509,453388,56230,397158,92264,23616,68648
Rural,State - PUNJAB,Sikh,30-34,893058,447463,445595,445671,383330,62341,79541,36029,43512,37990,21133,16857,367846,28104,339742,51443,8441,43002
Rural,State - PUNJAB,Sikh,35-39,854482,426691,427791,437273,373755,63518,74595,31381,43214,33746,17775,15971,342614,21555,321059,40009,5126,34883
Rural,State - PUNJAB,Sikh,40-49,1503592,758331,745261,775047,668788,106259,118537,49590,68947,48445,26140,22305,610008,39953,570055,53334,7380,45954
Rural,State - PUNJAB,Sikh,50-59,979061,504148,474913,485656,428547,57109,65579,29138,36441,23175,13238,9937,427826,46463,381363,25315,4633,20682
Rural,State - PUNJAB,Sikh,60-69,871663,432632,439031,319277,283199,36078,54055,27171,26884,17102,10166,6936,498331,122262,376069,21185,6141,15044
Rural,State - PUNJAB,Sikh,70-79,402665,214974,187691,103371,93794,9577,16119,10070,6049,4301,2979,1322,283175,111110,172065,5511,2309,3202
Rural,State - PUNJAB,Sikh,80+,209093,105099,103994,30365,26701,3664,5218,3023,2195,1248,791,457,173510,75375,98135,1791,718,1073
Rural,State - PUNJAB,Sikh,Age not stated,21815,11530,10285,5173,4312,861,1395,772,623,611,385,226,15247,6446,8801,753,318,435
Rural,State - PUNJAB,Sikh,15-59,7737650,3989606,3748044,3221677,2791911,429766,624475,311414,313061,305748,184472,121276,3891498,886281,3005217,627971,234220,393751
Rural,State - PUNJAB,Sikh,60+,1483421,752705,730716,453013,403694,49319,75392,40264,35128,22651,13936,8715,955016,308747,646269,28487,9168,19319
Rural,State - PUNJAB,Buddhist,Total,23577,12090,11487,6233,5453,780,1317,943,374,765,569,196,16027,5694,10333,1604,618,986
Rural,State - PUNJAB,Buddhist,5-9,1990,1059,931,9,4,5,44,26,18,8,4,4,1937,1029,908,16,8,8
Rural,State - PUNJAB,Buddhist,10-14,2250,1217,1033,41,30,11,50,30,20,11,8,3,2159,1157,1002,59,32,27
Rural,State - PUNJAB,Buddhist,15-19,2468,1314,1154,283,252,31,120,86,34,70,57,13,2065,976,1089,383,227,156
Rural,State - PUNJAB,Buddhist,20-24,2402,1235,1167,771,671,100,220,172,48,154,125,29,1411,392,1019,405,180,225
Rural,State - PUNJAB,Buddhist,25-29,2084,985,1099,821,737,84,146,107,39,94,66,28,1117,141,976,230,63,167
Rural,State - PUNJAB,Buddhist,30-34,1733,875,858,809,694,115,160,119,41,103,76,27,764,62,702,122,24,98
Rural,State - PUNJAB,Buddhist,35-39,1740,870,870,838,730,108,135,90,45,87,60,27,767,50,717,120,9,111
Rural,State - PUNJAB,Buddhist,40-49,2891,1469,1422,1453,1258,195,212,133,79,122,84,38,1226,78,1148,135,19,116
Rural,State - PUNJAB,Buddhist,50-59,1742,929,813,787,706,81,136,115,21,77,64,13,819,108,711,58,15,43
Rural,State - PUNJAB,Buddhist,60-69,1397,652,745,325,291,34,65,42,23,25,14,11,1007,319,688,51,25,26
Rural,State - PUNJAB,Buddhist,70-79,669,355,314,77,67,10,23,19,4,10,8,2,569,269,300,17,11,6
Rural,State - PUNJAB,Buddhist,80+,312,143,169,14,9,5,5,3,2,3,2,1,293,131,162,6,4,2
Rural,State - PUNJAB,Buddhist,Age not stated,35,17,18,5,4,1,1,1,0,1,1,0,29,12,17,2,1,1
Rural,State - PUNJAB,Buddhist,15-59,15060,7677,7383,5762,5048,714,1129,822,307,707,532,175,8169,1807,6362,1453,537,916
Rural,State - PUNJAB,Buddhist,60+,2378,1150,1228,416,367,49,93,64,29,38,24,14,1869,719,1150,74,40,34
Rural,State - PUNJAB,Jain,Total,4366,2328,2038,1303,1112,191,260,139,121,125,76,49,2803,1077,1726,266,104,162
Rural,State - PUNJAB,Jain,5-9,432,242,190,4,1,3,10,5,5,1,1,0,418,236,182,6,4,2
Rural,State - PUNJAB,Jain,10-14,396,212,184,7,5,2,8,4,4,4,2,2,381,203,178,9,5,4
Rural,State - PUNJAB,Jain,15-19,455,248,207,56,44,12,12,11,1,6,6,0,387,193,194,74,41,33
Rural,State - PUNJAB,Jain,20-24,395,207,188,130,113,17,31,18,13,18,11,7,234,76,158,59,27,32
Rural,State - PUNJAB,Jain,25-29,344,179,165,165,138,27,28,17,11,17,12,5,151,24,127,30,10,20
Rural,State - PUNJAB,Jain,30-34,319,144,175,147,115,32,35,18,17,18,13,5,137,11,126,31,3,28
Rural,State - PUNJAB,Jain,35-39,294,155,139,156,132,24,30,15,15,17,10,7,108,8,100,16,1,15
Rural,State - PUNJAB,Jain,40-49,534,300,234,296,265,31,47,23,24,20,11,9,191,12,179,22,5,17
Rural,State - PUNJAB,Jain,50-59,346,182,164,175,156,19,24,8,16,11,5,6,147,18,129,8,3,5
Rural,State - PUNJAB,Jain,60-69,298,161,137,117,105,12,21,12,9,6,3,3,160,44,116,7,3,4
Rural,State - PUNJAB,Jain,70-79,125,68,57,38,28,10,9,7,2,4,2,2,78,33,45,3,1,2
Rural,State - PUNJAB,Jain,80+,71,43,28,11,9,2,2,1,1,1,0,1,58,33,25,1,1,0
Rural,State - PUNJAB,Jain,Age not stated,11,6,5,1,1,0,3,0,3,2,0,2,7,5,2,0,0,0
Rural,State - PUNJAB,Jain,15-59,2687,1415,1272,1125,963,162,207,110,97,107,68,39,1355,342,1013,240,90,150
Rural,State - PUNJAB,Jain,60+,494,272,222,166,142,24,32,20,12,11,5,6,296,110,186,11,5,6
Rural,State - PUNJAB,Other religious communities,Total,6646,3467,3179,1933,1577,356,511,293,218,225,164,61,4202,1597,2605,413,154,259
Rural,State - PUNJAB,Other religious communities,5-9,651,350,301,9,5,4,8,5,3,2,1,1,634,340,294,12,6,6
Rural,State - PUNJAB,Other religious communities,10-14,713,412,301,19,16,3,13,6,7,1,0,1,681,390,291,20,12,8
Rural,State - PUNJAB,Other religious communities,15-19,723,388,335,97,71,26,63,37,26,34,25,9,563,280,283,106,54,52
Rural,State - PUNJAB,Other religious communities,20-24,613,307,306,238,191,47,67,45,22,34,27,7,308,71,237,89,41,48
Rural,State - PUNJAB,Other religious communities,25-29,559,289,270,254,218,36,70,41,29,37,29,8,235,30,205,65,20,45
Rural,State - PUNJAB,Other religious communities,30-34,495,244,251,238,202,36,61,29,32,31,22,9,196,13,183,37,6,31
Rural,State - PUNJAB,Other religious communities,35-39,466,240,226,263,203,60,53,28,25,27,19,8,150,9,141,14,1,13
Rural,State - PUNJAB,Other religious communities,40-49,733,372,361,392,318,74,73,39,34,29,16,13,268,15,253,36,2,34
Rural,State - PUNJAB,Other religious communities,50-59,440,232,208,217,182,35,49,27,22,18,14,4,174,23,151,12,4,8
Rural,State - PUNJAB,Other religious communities,60-69,435,213,222,143,119,24,35,21,14,8,7,1,257,73,184,17,5,12
Rural,State - PUNJAB,Other religious communities,70-79,178,95,83,44,38,6,14,11,3,2,2,0,120,46,74,5,3,2
Rural,State - PUNJAB,Other religious communities,80+,82,42,40,15,11,4,4,4,0,2,2,0,63,27,36,0,0,0
Rural,State - PUNJAB,Other religious communities,Age not stated,13,7,6,4,3,1,1,0,1,0,0,0,8,4,4,0,0,0
Rural,State - PUNJAB,Other religious communities,15-59,4029,2072,1957,1699,1385,314,436,246,190,210,152,58,1894,441,1453,359,128,231
Rural,State - PUNJAB,Other religious communities,60+,695,350,345,202,168,34,53,36,17,12,11,1,440,146,294,22,8,14
Urban,State - PUNJAB,All religious communities,Total,10399146,5545989,4853157,3343912,2846792,497120,374251,231546,142705,160231,105438,54793,6680983,2467651,4213332,570114,240807,329307
Urban,State - PUNJAB,All religious communities,5-9,860997,473777,387220,9324,5591,3733,15050,8405,6645,3770,2140,1630,836623,459781,376842,8385,4688,3697
Urban,State - PUNJAB,All religious communities,10-14,914574,514164,400410,24075,17749,6326,22309,13097,9212,7080,4358,2722,868190,483318,384872,18434,11272,7162
Urban,State - PUNJAB,All religious communities,15-19,1003256,566349,436907,132815,113079,19736,43238,28932,14306,22888,16012,6876,827203,424338,402865,127927,78923,49004
Urban,State - PUNJAB,All religious communities,20-24,1069803,576792,493011,352132,302634,49498,58714,39101,19613,33363,22710,10653,658957,235057,423900,164968,81605,83363
Urban,State - PUNJAB,All religious communities,25-29,1008405,532209,476196,498149,423656,74493,50425,32025,18400,25583,16850,8733,459831,76528,383303,96848,31168,65680
Urban,State - PUNJAB,All religious communities,30-34,853033,446265,406768,461233,391537,69696,38632,23252,15380,16943,10686,6257,353168,31476,321692,47721,9771,37950
Urban,State - PUNJAB,All religious communities,35-39,786229,406613,379616,435075,365395,69680,34379,19896,14483,14182,8806,5376,316775,21322,295453,33814,5048,28766
Urban,State - PUNJAB,All religious communities,40-49,1308654,675854,632800,720830,609900,110930,52866,30733,22133,19520,12395,7125,534958,35221,499737,38593,6514,32079
Urban,State - PUNJAB,All religious communities,50-59,892016,467850,424166,464954,400030,64924,30380,18293,12087,9335,6374,2961,396682,49527,347155,17521,4909,12612
Urban,State - PUNJAB,All religious communities,60-69,565338,287640,277698,176710,156572,20138,18636,11702,6934,5276,3556,1720,369992,119366,250626,11701,4978,6723
Urban,State - PUNJAB,All religious communities,70-79,238049,121838,116211,50403,45051,5352,6520,4218,2302,1512,1059,453,181126,72569,108557,2847,1339,1508
Urban,State - PUNJAB,All religious communities,80+,104720,50227,54493,15150,13074,2076,2547,1547,1000,608,386,222,87023,35606,51417,977,440,537
Urban,State - PUNJAB,All religious communities,Age not stated,11912,6439,5473,3062,2524,538,555,345,210,171,106,65,8295,3570,4725,378,152,226
Urban,State - PUNJAB,All religious communities,15-59,6921396,3671932,3249464,3065188,2606231,458957,308634,192232,116402,141814,93833,47981,3547574,873469,2674105,527392,217938,309454
Urban,State - PUNJAB,All religious communities,60+,908107,459705,448402,242263,214697,27566,27703,17467,10236,7396,5001,2395,638141,227541,410600,15525,6757,8768
Urban,State - PUNJAB,Hindu,Total,6282072,3378052,2904020,2067675,1768521,299154,220143,137360,82783,93974,62319,31655,3994254,1472171,2522083,333674,136873,196801
Urban,State - PUNJAB,Hindu,5-9,541020,296450,244570,5901,3475,2426,9209,5137,4072,2393,1340,1053,525910,287838,238072,5007,2777,2230
Urban,State - PUNJAB,Hindu,10-14,556208,310745,245463,15099,11009,4090,13247,7770,5477,4253,2604,1649,527862,291966,235896,10789,6548,4241
Urban,State - PUNJAB,Hindu,15-19,593574,337246,256328,83710,71491,12219,25085,16947,8138,12981,9140,3841,484779,248808,235971,72958,44891,28067
Urban,State - PUNJAB,Hindu,20-24,646146,352091,294055,223516,192543,30973,34429,23018,11411,19280,13125,6155,388201,136530,251671,95906,46583,49323
Urban,State - PUNJAB,Hindu,25-29,631427,337855,293572,320471,274586,45885,30588,19630,10958,15472,10307,5165,280368,43639,236729,57987,17647,40340
Urban,State - PUNJAB,Hindu,30-34,535161,284435,250726,295197,252176,43021,23495,14275,9220,10213,6548,3665,216469,17984,198485,29273,5436,23837
Urban,State - PUNJAB,Hindu,35-39,485028,256212,228816,274443,231796,42647,20854,12242,8612,8611,5444,3167,189731,12174,177557,20520,2852,17668
Urban,State - PUNJAB,Hindu,40-49,780630,412139,368491,438764,373715,65049,30962,18457,12505,11424,7464,3960,310904,19967,290937,22616,3714,18902
Urban,State - PUNJAB,Hindu,50-59,515468,274282,241186,273839,236953,36886,17152,10409,6743,5284,3640,1644,224477,26920,197557,10026,2754,7272
Urban,State - PUNJAB,Hindu,60-69,310794,157902,152892,99109,87627,11482,10017,6266,3751,2835,1902,933,201668,64009,137659,6263,2628,3635
Urban,State - PUNJAB,Hindu,70-79,129250,64582,64668,27599,24632,2967,3425,2193,1232,799,541,258,98226,37757,60469,1590,742,848
Urban,State - PUNJAB,Hindu,80+,55286,25340,29946,8291,7089,1202,1365,823,542,341,210,131,45630,17428,28202,543,230,313
Urban,State - PUNJAB,Hindu,Age not stated,6719,3655,3064,1736,1429,307,315,193,122,88,54,34,4668,2033,2635,196,71,125
Urban,State - PUNJAB,Hindu,15-59,4187434,2254260,1933174,1909940,1633260,276680,182565,114978,67587,83265,55668,27597,2094929,506022,1588907,309286,123877,185409
Urban,State - PUNJAB,Hindu,60+,495330,247824,247506,134999,119348,15651,14807,9282,5525,3975,2653,1322,345524,119194,226330,8396,3600,4796
Urban,State - PUNJAB,Muslim,Total,256664,140710,115954,82521,74082,8439,8749,5715,3034,3304,2394,910,165394,60913,104481,9634,4327,5307
Urban,State - PUNJAB,Muslim,5-9,28347,14815,13532,430,263,167,331,181,150,87,51,36,27586,14371,13215,243,133,110
Urban,State - PUNJAB,Muslim,10-14,27820,15214,12606,1426,1133,293,582,342,240,197,117,80,25812,13739,12073,588,380,208
Urban,State - PUNJAB,Muslim,15-19,28239,16047,12192,7074,6251,823,1166,802,364,505,387,118,19999,8994,11005,2570,1625,945
Urban,State - PUNJAB,Muslim,20-24,29017,16347,12670,12424,11326,1098,1451,1020,431,672,492,180,15142,4001,11141,2500,1236,1264
Urban,State - PUNJAB,Muslim,25-29,25877,14369,11508,13539,12269,1270,1223,816,407,491,364,127,11115,1284,9831,1462,469,993
Urban,State - PUNJAB,Muslim,30-34,21249,11776,9473,11772,10584,1188,967,605,362,356,249,107,8510,587,7923,806,147,659
Urban,State - PUNJAB,Muslim,35-39,18325,10231,8094,10415,9307,1108,846,519,327,297,210,87,7064,405,6659,557,80,477
Urban,State - PUNJAB,Muslim,40-49,25467,14387,11080,14445,13014,1431,1159,750,409,387,286,101,9863,623,9240,527,112,415
Urban,State - PUNJAB,Muslim,50-59,12876,7145,5731,6767,6117,650,554,347,207,171,127,44,5555,681,4874,204,77,127
Urban,State - PUNJAB,Muslim,60-69,7935,4215,3720,3006,2729,277,314,221,93,99,73,26,4615,1265,3350,130,47,83
Urban,State - PUNJAB,Muslim,70-79,3315,1761,1554,857,783,74,95,70,25,28,26,2,2363,908,1455,27,13,14
Urban,State - PUNJAB,Muslim,80+,1784,898,886,289,244,45,51,34,17,12,10,2,1444,620,824,17,8,9
Urban,State - PUNJAB,Muslim,Age not stated,279,157,122,77,62,15,10,8,2,2,2,0,192,87,105,3,0,3
Urban,State - PUNJAB,Muslim,15-59,161050,90302,70748,76436,68868,7568,7366,4859,2507,2879,2115,764,77248,16575,60673,8626,3746,4880
Urban,State - PUNJAB,Muslim,60+,13034,6874,6160,4152,3756,396,460,325,135,139,109,30,8422,2793,5629,174,68,106
Urban,State - PUNJAB,Christian,Total,105253,55156,50097,34705,27088,7617,4702,2986,1716,2250,1483,767,65846,25082,40764,6545,2662,3883
Urban,State - PUNJAB,Christian,5-9,9296,5059,4237,88,57,31,116,72,44,27,18,9,9092,4930,4162,72,34,38
Urban,State - PUNJAB,Christian,10-14,9797,5363,4434,288,205,83,248,146,102,93,55,38,9261,5012,4249,202,131,71
Urban,State - PUNJAB,Christian,15-19,10982,5800,5182,1544,1213,331,569,369,200,330,237,93,8869,4218,4651,1566,943,623
Urban,State - PUNJAB,Christian,20-24,11612,5960,5652,3912,3121,791,788,549,239,481,344,137,6912,2290,4622,1863,845,1018
Urban,State - PUNJAB,Christian,25-29,10353,5471,4882,5270,4256,1014,627,405,222,335,217,118,4456,810,3646,1055,325,730
Urban,State - PUNJAB,Christian,30-34,8620,4581,4039,4884,3888,996,537,341,196,267,159,108,3199,352,2847,527,112,415
Urban,State - PUNJAB,Christian,35-39,7958,3986,3972,4533,3491,1042,465,264,201,206,135,71,2960,231,2729,411,55,356
Urban,State - PUNJAB,Christian,40-49,12786,6605,6181,7552,5806,1746,668,402,266,264,157,107,4566,397,4169,469,78,391
Urban,State - PUNJAB,Christian,50-59,8030,4173,3857,4585,3456,1129,382,247,135,146,94,52,3063,470,2593,192,47,145
Urban,State - PUNJAB,Christian,60-69,4894,2475,2419,1537,1205,332,206,129,77,78,53,25,3151,1141,2010,150,77,73
Urban,State - PUNJAB,Christian,70-79,1788,889,899,367,283,84,59,40,19,16,11,5,1362,566,796,25,10,15
Urban,State - PUNJAB,Christian,80+,801,403,398,113,86,27,30,18,12,7,3,4,658,299,359,10,4,6
Urban,State - PUNJAB,Christian,Age not stated,104,54,50,32,21,11,7,4,3,0,0,0,65,29,36,3,1,2
Urban,State - PUNJAB,Christian,15-59,70341,36576,33765,32280,25231,7049,4036,2577,1459,2029,1343,686,34025,8768,25257,6083,2405,3678
Urban,State - PUNJAB,Christian,60+,7483,3767,3716,2017,1574,443,295,187,108,101,67,34,5171,2006,3165,185,91,94
Urban,State - PUNJAB,Sikh,Total,3656299,1921638,1734661,1131151,954197,176954,136104,82889,53215,58993,38194,20799,2389044,884552,1504492,214952,94551,120401
Urban,State - PUNJAB,Sikh,5-9,273260,152415,120845,2768,1704,1064,5103,2854,2249,1195,696,499,265389,147857,117532,2986,1705,1281
Urban,State - PUNJAB,Sikh,10-14,311303,177538,133765,7006,5221,1785,7888,4638,3250,2455,1538,917,296409,167679,128730,6738,4142,2596
Urban,State - PUNJAB,Sikh,15-19,360779,201806,158973,39297,33201,6096,15833,10440,5393,8784,6046,2738,305649,158165,147484,49525,30594,18931
Urban,State - PUNJAB,Sikh,20-24,373074,197016,176058,109328,93199,16129,21287,14012,7275,12512,8473,4039,242459,89805,152654,63203,32182,31021
Urban,State - PUNJAB,Sikh,25-29,331213,169715,161498,154556,128998,25558,17328,10776,6552,8976,5769,3207,159329,29941,129388,35434,12435,22999
Urban,State - PUNJAB,Sikh,30-34,280140,141627,138513,145544,121736,23808,13182,7793,5389,5923,3625,2298,121414,12098,109316,16699,3945,12754
Urban,State - PUNJAB,Sikh,35-39,268157,133067,135090,142345,118136,24209,11867,6698,5169,4949,2954,1995,113945,8233,105712,12030,2004,10026
Urban,State - PUNJAB,Sikh,40-49,478898,237772,241126,254668,213015,41653,19562,10880,8682,7313,4417,2896,204668,13877,190791,14641,2540,12101
Urban,State - PUNJAB,Sikh,50-59,347488,178497,168991,175930,150253,25677,11973,7141,4832,3673,2481,1192,159585,21103,138482,6924,1983,4941
Urban,State - PUNJAB,Sikh,60-69,236609,120674,115935,71349,63496,7853,7934,4996,2938,2237,1515,722,157326,52182,105144,5025,2184,2841
Urban,State - PUNJAB,Sikh,70-79,101365,53521,47844,20978,18818,2160,2866,1875,991,651,469,182,77521,32828,44693,1181,566,615
Urban,State - PUNJAB,Sikh,80+,45801,23133,22668,6274,5496,778,1073,656,417,246,162,84,38454,16981,21473,400,196,204
Urban,State - PUNJAB,Sikh,Age not stated,4281,2265,2016,1108,924,184,208,130,78,79,49,30,2965,1211,1754,166,75,91
Urban,State - PUNJAB,Sikh,15-59,2439749,1259500,1180249,1021668,858538,163130,111032,67740,43292,52130,33765,18365,1307049,333222,973827,198456,85683,112773
Urban,State - PUNJAB,Sikh,60+,383775,197328,186447,98601,87810,10791,11873,7527,4346,3134,2146,988,273301,101991,171310,6606,2946,3660
Urban,State - PUNJAB,Buddhist,Total,9660,5086,4574,2999,2478,521,508,305,203,193,138,55,6153,2303,3850,436,221,215
Urban,State - PUNJAB,Buddhist,5-9,834,419,415,10,5,5,30,15,15,4,2,2,794,399,395,1,1,0
Urban,State - PUNJAB,Buddhist,10-14,928,504,424,26,18,8,26,13,13,3,3,0,876,473,403,15,12,3
Urban,State - PUNJAB,Buddhist,15-19,928,502,426,130,96,34,66,46,20,31,24,7,732,360,372,107,65,42
Urban,State - PUNJAB,Buddhist,20-24,1041,571,470,324,287,37,83,52,31,44,26,18,634,232,402,132,66,66
Urban,State - PUNJAB,Buddhist,25-29,964,500,464,423,348,75,69,45,24,37,27,10,472,107,365,81,42,39
Urban,State - PUNJAB,Buddhist,30-34,794,426,368,420,353,67,51,31,20,22,18,4,323,42,281,33,9,24
Urban,State - PUNJAB,Buddhist,35-39,736,384,352,413,338,75,34,19,15,12,9,3,289,27,262,19,6,13
Urban,State - PUNJAB,Buddhist,40-49,1161,604,557,668,536,132,71,40,31,26,19,7,422,28,394,21,4,17
Urban,State - PUNJAB,Buddhist,50-59,798,423,375,406,347,59,47,25,22,5,4,1,345,51,294,17,10,7
Urban,State - PUNJAB,Buddhist,60-69,428,226,202,124,104,20,13,9,4,2,1,1,291,113,178,6,4,2
Urban,State - PUNJAB,Buddhist,70-79,198,93,105,37,30,7,15,9,6,7,5,2,146,54,92,3,1,2
Urban,State - PUNJAB,Buddhist,80+,100,42,58,18,16,2,3,1,2,0,0,0,79,25,54,1,1,0
Urban,State - PUNJAB,Buddhist,Age not stated,6,2,4,0,0,0,0,0,0,0,0,0,6,2,4,0,0,0
Urban,State - PUNJAB,Buddhist,15-59,6422,3410,3012,2784,2305,479,421,258,163,177,127,50,3217,847,2370,410,202,208
Urban,State - PUNJAB,Buddhist,60+,726,361,365,179,150,29,31,19,12,9,6,3,516,192,324,10,6,4
Urban,State - PUNJAB,Jain,Total,40674,21232,19442,13719,12111,1608,870,494,376,243,138,105,26085,8627,17458,1417,560,857
Urban,State - PUNJAB,Jain,5-9,2987,1667,1320,32,21,11,43,25,18,12,7,5,2912,1621,1291,15,6,9
Urban,State - PUNJAB,Jain,10-14,3096,1752,1344,55,40,15,38,24,14,10,4,6,3003,1688,1315,24,11,13
Urban,State - PUNJAB,Jain,15-19,3215,1775,1440,160,134,26,82,49,33,35,25,10,2973,1592,1381,303,216,87
Urban,State - PUNJAB,Jain,20-24,3401,1867,1534,1000,856,144,108,65,43,59,35,24,2293,946,1347,427,206,221
Urban,State - PUNJAB,Jain,25-29,3585,1858,1727,1819,1587,232,101,62,39,41,26,15,1665,209,1456,251,47,204
Urban,State - PUNJAB,Jain,30-34,3333,1686,1647,1773,1547,226,76,33,43,22,9,13,1484,106,1378,113,23,90
Urban,State - PUNJAB,Jain,35-39,3022,1486,1536,1614,1383,231,82,44,38,21,9,12,1326,59,1267,75,7,68
Urban,State - PUNJAB,Jain,40-49,5414,2711,2703,2919,2544,375,123,74,49,16,8,8,2372,93,2279,88,18,70
Urban,State - PUNJAB,Jain,50-59,4869,2456,2413,2499,2265,234,109,56,53,17,8,9,2261,135,2126,56,11,45
Urban,State - PUNJAB,Jain,60-69,3148,1590,1558,1245,1166,79,72,44,28,8,6,2,1831,380,1451,50,11,39
Urban,State - PUNJAB,Jain,70-79,1493,748,745,467,441,26,30,14,16,2,1,1,996,293,703,8,2,6
Urban,State - PUNJAB,Jain,80+,561,270,291,118,110,8,6,4,2,0,0,0,437,156,281,3,1,2
Urban,State - PUNJAB,Jain,Age not stated,45,27,18,18,17,1,0,0,0,0,0,0,27,10,17,4,1,3
Urban,State - PUNJAB,Jain,15-59,26839,13839,13000,11784,10316,1468,681,383,298,211,120,91,14374,3140,11234,1313,528,785
Urban,State - PUNJAB,Jain,60+,5202,2608,2594,1830,1717,113,108,62,46,10,7,3,3264,829,2435,61,14,47
Urban,State - PUNJAB,Other religious communities,Total,4240,2268,1972,1243,992,251,324,196,128,145,97,48,2673,1080,1593,186,97,89
Urban,State - PUNJAB,Other religious communities,5-9,436,247,189,6,3,3,26,14,12,1,0,1,404,230,174,1,1,0
Urban,State - PUNJAB,Other religious communities,10-14,448,260,188,16,12,4,25,21,4,6,4,2,407,227,180,5,4,1
Urban,State - PUNJAB,Other religious communities,15-19,419,237,182,77,61,16,37,25,12,23,16,7,305,151,154,49,31,18
Urban,State - PUNJAB,Other religious communities,20-24,375,204,171,119,108,11,40,23,17,23,14,9,216,73,143,50,27,23
Urban,State - PUNJAB,Other religious communities,25-29,408,200,208,171,136,35,43,28,15,22,15,7,194,36,158,48,21,27
Urban,State - PUNJAB,Other religious communities,30-34,335,170,165,171,133,38,31,17,14,19,14,5,133,20,113,6,1,5
Urban,State - PUNJAB,Other religious communities,35-39,292,145,147,147,119,28,29,14,15,18,11,7,116,12,104,4,1,3
Urban,State - PUNJAB,Other religious communities,40-49,515,265,250,285,220,65,45,24,21,15,10,5,185,21,164,6,2,4
Urban,State - PUNJAB,Other religious communities,50-59,320,166,154,175,138,37,20,13,7,9,7,2,125,15,110,6,3,3
Urban,State - PUNJAB,Other religious communities,60-69,206,105,101,52,43,9,17,11,6,3,2,1,137,51,86,8,4,4
Urban,State - PUNJAB,Other religious communities,70-79,79,37,42,16,13,3,7,4,3,5,3,2,56,20,36,2,1,1
Urban,State - PUNJAB,Other religious communities,80+,44,22,22,7,5,2,4,2,2,1,1,0,33,15,18,0,0,0
Urban,State - PUNJAB,Other religious communities,Age not stated,6,6,0,1,1,0,0,0,0,0,0,0,5,5,0,1,1,0
Urban,State - PUNJAB,Other religious communities,15-59,2664,1387,1277,1145,915,230,245,144,101,129,87,42,1274,328,946,169,86,83
Urban,State - PUNJAB,Other religious communities,60+,329,164,165,75,61,14,28,17,11,9,6,3,226,86,140,10,5,5
Total,State - CHANDIGARH,All religious communities,Total,1055450,580663,474787,385929,317190,68739,18207,10969,7238,8086,5209,2877,651314,252504,398810,48576,19660,28916
Total,State - CHANDIGARH,All religious communities,5-9,91194,49255,41939,908,556,352,458,239,219,177,96,81,89828,48460,41368,745,415,330
Total,State - CHANDIGARH,All religious communities,10-14,93464,52140,41324,2227,1450,777,729,416,313,273,163,110,90508,50274,40234,1464,887,577
Total,State - CHANDIGARH,All religious communities,15-19,104418,60521,43897,15878,13513,2365,2212,1530,682,1106,781,325,86328,45478,40850,9923,5694,4229
Total,State - CHANDIGARH,All religious communities,20-24,121244,68467,52777,45785,38912,6873,3827,2515,1312,2193,1442,751,71632,27040,44592,16501,7909,8592
Total,State - CHANDIGARH,All religious communities,25-29,110237,60694,49543,63682,52444,11238,2984,1826,1158,1525,961,564,43571,6424,37147,9441,2774,6667
Total,State - CHANDIGARH,All religious communities,30-34,90803,49625,41178,56741,46784,9957,2061,1139,922,880,548,332,32001,1702,30299,4034,696,3338
Total,State - CHANDIGARH,All religious communities,35-39,83672,45566,38106,53827,43802,10025,1716,850,866,678,400,278,28129,914,27215,2818,299,2519
Total,State - CHANDIGARH,All religious communities,40-49,129273,70161,59112,83401,67280,16121,2298,1241,1057,796,498,298,43574,1640,41934,2266,338,1928
Total,State - CHANDIGARH,All religious communities,50-59,81867,45853,36014,50525,41322,9203,1082,647,435,274,186,88,30260,3884,26376,772,274,498
Total,State - CHANDIGARH,All religious communities,60-69,41640,21780,19860,9887,8506,1381,594,403,191,151,113,38,31159,12871,18288,476,300,176
Total,State - CHANDIGARH,All religious communities,70-79,17807,9253,8554,2231,1958,273,174,113,61,21,13,8,15402,7182,8220,90,53,37
Total,State - CHANDIGARH,All religious communities,80+,7631,3800,3831,721,577,144,61,44,17,8,6,2,6849,3179,3670,35,14,21
Total,State - CHANDIGARH,All religious communities,Age not stated,346,201,145,116,86,30,11,6,5,4,2,2,219,109,110,11,7,4
Total,State - CHANDIGARH,All religious communities,15-59,721514,400887,320627,369839,304057,65782,16180,9748,6432,7452,4816,2636,335495,87082,248413,45755,17984,27771
Total,State - CHANDIGARH,All religious communities,60+,67078,34833,32245,12839,11041,1798,829,560,269,180,132,48,53410,23232,30178,601,367,234
Total,State - CHANDIGARH,Hindu,Total,852574,472769,379805,316286,261606,54680,14839,8933,5906,6650,4275,2375,521449,202230,319219,38751,15473,23278
Total,State - CHANDIGARH,Hindu,5-9,76382,41180,35202,763,463,300,380,196,184,147,80,67,75239,40521,34718,612,343,269
Total,State - CHANDIGARH,Hindu,10-14,77169,42947,34222,1917,1227,690,617,340,277,226,125,101,74635,41380,33255,1215,735,480
Total,State - CHANDIGARH,Hindu,15-19,84521,49124,35397,13533,11467,2066,1803,1244,559,900,631,269,69185,36413,32772,8009,4580,3429
Total,State - CHANDIGARH,Hindu,20-24,98050,55895,42155,38501,32947,5554,3092,2067,1025,1788,1200,588,56457,20881,35576,13017,6229,6788
Total,State - CHANDIGARH,Hindu,25-29,91096,50586,40510,53306,44278,9028,2470,1516,954,1254,783,471,35320,4792,30528,7505,2111,5394
Total,State - CHANDIGARH,Hindu,30-34,75241,41477,33764,47462,39294,8168,1705,944,761,735,455,280,26074,1239,24835,3264,514,2750
Total,State - CHANDIGARH,Hindu,35-39,68706,37824,30882,44482,36443,8039,1424,706,718,565,331,234,22800,675,22125,2269,216,2053
Total,State - CHANDIGARH,Hindu,40-49,103315,57088,46227,67445,54877,12568,1881,1003,878,655,408,247,33989,1208,32781,1800,249,1551
Total,State - CHANDIGARH,Hindu,50-59,62596,35778,26818,39377,32472,6905,853,505,348,232,156,76,22366,2801,19565,586,207,379
Total,State - CHANDIGARH,Hindu,60-69,29969,15811,14158,7363,6318,1045,444,295,149,123,90,33,22162,9198,12964,375,233,142
Total,State - CHANDIGARH,Hindu,70-79,11981,6243,5738,1550,1354,196,121,85,36,16,11,5,10310,4804,5506,67,41,26
Total,State - CHANDIGARH,Hindu,80+,4856,2360,2496,492,396,96,41,27,14,6,4,2,4323,1937,2386,26,11,15
Total,State - CHANDIGARH,Hindu,Age not stated,270,158,112,95,70,25,8,5,3,3,1,2,167,83,84,6,4,2
Total,State - CHANDIGARH,Hindu,15-59,583525,327772,255753,304106,251778,52328,13228,7985,5243,6129,3964,2165,266191,68009,198182,36450,14106,22344
Total,State - CHANDIGARH,Hindu,60+,46806,24414,22392,9405,8068,1337,606,407,199,145,105,40,36795,15939,20856,468,285,183
Total,State - CHANDIGARH,Muslim,Total,51447,29889,21558,18124,16789,1335,1095,808,287,540,415,125,32228,12292,19936,2030,943,1087
Total,State - CHANDIGARH,Muslim,5-9,5749,3074,2675,47,31,16,27,14,13,7,4,3,5675,3029,2646,41,25,16
Total,State - CHANDIGARH,Muslim,10-14,5588,3007,2581,166,134,32,40,31,9,16,14,2,5382,2842,2540,90,55,35
Total,State - CHANDIGARH,Muslim,15-19,6132,3751,2381,1644,1525,119,187,145,42,100,76,24,4301,2081,2220,625,415,210
Total,State - CHANDIGARH,Muslim,20-24,6730,4294,2436,3421,3225,196,244,194,50,123,97,26,3065,875,2190,618,316,302
Total,State - CHANDIGARH,Muslim,25-29,5712,3427,2285,3338,3116,222,156,114,42,90,69,21,2218,197,2021,316,82,234
Total,State - CHANDIGARH,Muslim,30-34,4335,2579,1756,2624,2441,183,124,77,47,68,50,18,1587,61,1526,118,21,97
Total,State - CHANDIGARH,Muslim,35-39,3716,2219,1497,2310,2124,186,102,63,39,52,37,15,1304,32,1272,105,11,94
Total,State - CHANDIGARH,Muslim,40-49,4652,2773,1879,2853,2611,242,128,99,29,56,46,10,1671,63,1608,81,7,74
Total,State - CHANDIGARH,Muslim,50-59,1933,1179,754,1161,1072,89,47,37,10,16,13,3,725,70,655,14,3,11
Total,State - CHANDIGARH,Muslim,60-69,1213,670,543,433,396,37,32,29,3,8,7,1,748,245,503,17,5,12
Total,State - CHANDIGARH,Muslim,70-79,339,204,135,97,87,10,7,4,3,3,1,2,235,113,122,3,1,2
Total,State - CHANDIGARH,Muslim,80+,138,68,70,26,23,3,1,1,0,1,1,0,111,44,67,1,1,0
Total,State - CHANDIGARH,Muslim,Age not stated,14,9,5,4,4,0,0,0,0,0,0,0,10,5,5,1,1,0
Total,State - CHANDIGARH,Muslim,15-59,33210,20222,12988,17351,16114,1237,988,729,259,505,388,117,14871,3379,11492,1877,855,1022
Total,State - CHANDIGARH,Muslim,60+,1690,942,748,556,506,50,40,34,6,12,9,3,1094,402,692,21,7,14
Total,State - CHANDIGARH,Christian,Total,8720,4463,4257,3605,2331,1274,118,57,61,41,23,18,4997,2075,2922,440,194,246
Total,State - CHANDIGARH,Christian,5-9,666,374,292,6,4,2,2,0,2,1,0,1,658,370,288,4,2,2
Total,State - CHANDIGARH,Christian,10-14,733,418,315,8,6,2,2,0,2,0,0,0,723,412,311,7,5,2
Total,State - CHANDIGARH,Christian,15-19,813,442,371,94,57,37,21,14,7,8,6,2,698,371,327,70,34,36
Total,State - CHANDIGARH,Christian,20-24,998,494,504,379,231,148,23,14,9,10,6,4,596,249,347,149,75,74
Total,State - CHANDIGARH,Christian,25-29,895,420,475,533,333,200,16,6,10,6,2,4,346,81,265,95,44,51
Total,State - CHANDIGARH,Christian,30-34,737,393,344,520,373,147,11,2,9,1,0,1,206,18,188,36,6,30
Total,State - CHANDIGARH,Christian,35-39,713,346,367,521,326,195,9,2,7,4,0,4,183,18,165,28,9,19
Total,State - CHANDIGARH,Christian,40-49,1276,616,660,939,583,356,17,8,9,7,5,2,320,25,295,29,7,22
Total,State - CHANDIGARH,Christian,50-59,734,382,352,493,336,157,8,4,4,0,0,0,233,42,191,18,8,10
Total,State - CHANDIGARH,Christian,60-69,324,156,168,91,66,25,7,5,2,3,3,0,226,85,141,3,3,0
Total,State - CHANDIGARH,Christian,70-79,130,51,79,11,8,3,2,2,0,1,1,0,117,41,76,1,1,0
Total,State - CHANDIGARH,Christian,80+,53,26,27,10,8,2,0,0,0,0,0,0,43,18,25,0,0,0
Total,State - CHANDIGARH,Christian,Age not stated,0,0,0,0,0,0,0,0,0,0,0,0,0,0,0,0,0,0
Total,State - CHANDIGARH,Christian,15-59,6166,3093,3073,3479,2239,1240,105,50,55,36,19,17,2582,804,1778,425,183,242
Total,State - CHANDIGARH,Christian,60+,507,233,274,112,82,30,9,7,2,4,4,0,386,144,242,4,4,0
Total,State - CHANDIGARH,Sikh,Total,138329,71300,67029,46546,35410,11136,2085,1138,947,822,481,341,89698,34752,54946,7103,2959,4144
Total,State - CHANDIGARH,Sikh,5-9,8095,4473,3622,90,56,34,47,28,19,21,12,9,7958,4389,3569,81,42,39
Total,State - CHANDIGARH,Sikh,10-14,9661,5578,4083,129,77,52,64,41,23,29,22,7,9468,5460,4008,146,88,58
Total,State - CHANDIGARH,Sikh,15-19,12486,6962,5524,564,427,137,191,123,68,96,67,29,11731,6412,5319,1181,651,530
Total,State - CHANDIGARH,Sikh,20-24,14781,7444,7337,3354,2408,946,449,227,222,258,131,127,10978,4809,6169,2623,1254,1369
Total,State - CHANDIGARH,Sikh,25-29,12119,6047,6072,6297,4565,1732,331,184,147,169,106,63,5491,1298,4193,1481,523,958
Total,State - CHANDIGARH,Sikh,30-34,10186,5021,5165,5951,4544,1407,216,114,102,72,41,31,4019,363,3656,591,145,446
Total,State - CHANDIGARH,Sikh,35-39,10284,5046,5238,6361,4786,1575,178,79,99,56,32,24,3745,181,3564,400,58,342
Total,State - CHANDIGARH,Sikh,40-49,19499,9441,10058,11840,8972,2868,263,131,132,76,39,37,7396,338,7058,346,73,273
Total,State - CHANDIGARH,Sikh,50-59,16207,8306,7901,9264,7252,2012,171,99,72,26,17,9,6772,955,5817,146,54,92
Total,State - CHANDIGARH,Sikh,60-69,9941,5051,4890,1943,1678,265,109,73,36,16,12,4,7889,3300,4589,78,57,21
Total,State - CHANDIGARH,Sikh,70-79,5248,2698,2550,559,496,63,44,22,22,1,0,1,4645,2180,2465,19,10,9
Total,State - CHANDIGARH,Sikh,80+,2535,1321,1214,183,141,42,19,16,3,1,1,0,2333,1164,1169,8,2,6
Total,State - CHANDIGARH,Sikh,Age not stated,39,24,15,11,8,3,3,1,2,1,1,0,25,15,10,3,2,1
Total,State - CHANDIGARH,Sikh,15-59,95562,48267,47295,43631,32954,10677,1799,957,842,753,433,320,50132,14356,35776,6768,2758,4010
Total,State - CHANDIGARH,Sikh,60+,17724,9070,8654,2685,2315,370,172,111,61,18,13,5,14867,6644,8223,105,69,36
Total,State - CHANDIGARH,Buddhist,Total,1160,593,567,329,255,74,20,11,9,13,6,7,811,327,484,97,26,71
Total,State - CHANDIGARH,Buddhist,5-9,50,24,26,1,1,0,0,0,0,0,0,0,49,23,26,1,0,1
Total,State - CHANDIGARH,Buddhist,10-14,59,41,18,1,0,1,0,0,0,0,0,0,58,41,17,0,0,0
Total,State - CHANDIGARH,Buddhist,15-19,147,69,78,13,12,1,1,1,0,0,0,0,133,56,77,12,0,12
Total,State - CHANDIGARH,Buddhist,20-24,327,151,176,38,30,8,9,5,4,7,3,4,280,116,164,45,13,32
Total,State - CHANDIGARH,Buddhist,25-29,135,78,57,46,36,10,4,2,2,3,1,2,85,40,45,21,9,12
Total,State - CHANDIGARH,Buddhist,30-34,61,31,30,38,24,14,2,1,1,2,1,1,21,6,15,2,1,1
Total,State - CHANDIGARH,Buddhist,35-39,61,31,30,37,31,6,1,0,1,0,0,0,23,0,23,6,0,6
Total,State - CHANDIGARH,Buddhist,40-49,140,66,74,90,66,24,1,0,1,0,0,0,49,0,49,4,0,4
Total,State - CHANDIGARH,Buddhist,50-59,83,53,30,58,48,10,1,1,0,0,0,0,24,4,20,4,2,2
Total,State - CHANDIGARH,Buddhist,60-69,28,14,14,6,6,0,1,1,0,1,1,0,21,7,14,1,1,0
Total,State - CHANDIGARH,Buddhist,70-79,10,6,4,0,0,0,0,0,0,0,0,0,10,6,4,0,0,0
Total,State - CHANDIGARH,Buddhist,80+,12,7,5,1,1,0,0,0,0,0,0,0,11,6,5,0,0,0
Total,State - CHANDIGARH,Buddhist,Age not stated,1,0,1,0,0,0,0,0,0,0,0,0,1,0,1,1,0,1
Total,State - CHANDIGARH,Buddhist,15-59,954,479,475,320,247,73,19,10,9,12,5,7,615,222,393,94,25,69
Total,State - CHANDIGARH,Buddhist,60+,50,27,23,7,7,0,1,1,0,1,1,0,42,19,23,1,1,0
Total,State - CHANDIGARH,Jain,Total,1960,997,963,719,556,163,32,11,21,12,4,8,1209,430,779,98,33,65
Total,State - CHANDIGARH,Jain,5-9,103,50,53,0,0,0,0,0,0,0,0,0,103,50,53,3,1,2
Total,State - CHANDIGARH,Jain,10-14,138,76,62,2,2,0,3,1,2,0,0,0,133,73,60,4,3,1
Total,State - CHANDIGARH,Jain,15-19,176,91,85,3,3,0,5,1,4,1,0,1,168,87,81,18,9,9
Total,State - CHANDIGARH,Jain,20-24,186,98,88,35,26,9,7,5,2,5,3,2,144,67,77,32,12,20
Total,State - CHANDIGARH,Jain,25-29,171,77,94,100,65,35,4,2,2,2,0,2,67,10,57,15,4,11
Total,State - CHANDIGARH,Jain,30-34,159,85,74,105,80,25,3,1,2,2,1,1,51,4,47,12,1,11
Total,State - CHANDIGARH,Jain,35-39,131,63,68,79,61,18,1,0,1,0,0,0,51,2,49,5,1,4
Total,State - CHANDIGARH,Jain,40-49,280,139,141,179,137,42,6,0,6,2,0,2,95,2,93,4,1,3
Total,State - CHANDIGARH,Jain,50-59,259,130,129,151,124,27,2,1,1,0,0,0,106,5,101,4,0,4
Total,State - CHANDIGARH,Jain,60-69,131,68,63,43,38,5,1,0,1,0,0,0,87,30,57,1,1,0
Total,State - CHANDIGARH,Jain,70-79,90,48,42,14,13,1,0,0,0,0,0,0,76,35,41,0,0,0
Total,State - CHANDIGARH,Jain,80+,29,15,14,8,7,1,0,0,0,0,0,0,21,8,13,0,0,0
Total,State - CHANDIGARH,Jain,Age not stated,1,0,1,0,0,0,0,0,0,0,0,0,1,0,1,0,0,0
Total,State - CHANDIGARH,Jain,15-59,1362,683,679,652,496,156,28,10,18,12,4,8,682,177,505,90,28,62
Total,State - CHANDIGARH,Jain,60+,250,131,119,65,58,7,1,0,1,0,0,0,184,73,111,1,1,0
Total,State - CHANDIGARH,Other religious communities,Total,246,152,94,110,92,18,3,2,1,2,1,1,133,58,75,9,3,6
Total,State - CHANDIGARH,Other religious communities,5-9,18,12,6,0,0,0,0,0,0,0,0,0,18,12,6,0,0,0
Total,State - CHANDIGARH,Other religious communities,10-14,17,8,9,2,2,0,0,0,0,0,0,0,15,6,9,1,0,1
Total,State - CHANDIGARH,Other religious communities,15-19,27,22,5,11,9,2,0,0,0,0,0,0,16,13,3,3,2,1
Total,State - CHANDIGARH,Other religious communities,20-24,38,26,12,19,17,2,2,2,0,1,1,0,17,7,10,2,1,1
Total,State - CHANDIGARH,Other religious communities,25-29,31,18,13,18,17,1,1,0,1,1,0,1,12,1,11,1,0,1
Total,State - CHANDIGARH,Other religious communities,30-34,22,14,8,17,14,3,0,0,0,0,0,0,5,0,5,0,0,0
Total,State - CHANDIGARH,Other religious communities,35-39,17,11,6,13,11,2,0,0,0,0,0,0,4,0,4,0,0,0
Total,State - CHANDIGARH,Other religious communities,40-49,25,13,12,20,13,7,0,0,0,0,0,0,5,0,5,1,0,1
Total,State - CHANDIGARH,Other religious communities,50-59,16,10,6,7,7,0,0,0,0,0,0,0,9,3,6,0,0,0
Total,State - CHANDIGARH,Other religious communities,60-69,9,3,6,3,2,1,0,0,0,0,0,0,6,1,5,1,0,1
Total,State - CHANDIGARH,Other religious communities,70-79,3,2,1,0,0,0,0,0,0,0,0,0,3,2,1,0,0,0
Total,State - CHANDIGARH,Other religious communities,80+,2,1,1,0,0,0,0,0,0,0,0,0,2,1,1,0,0,0
Total,State - CHANDIGARH,Other religious communities,Age not stated,0,0,0,0,0,0,0,0,0,0,0,0,0,0,0,0,0,0
Total,State - CHANDIGARH,Other religious communities,15-59,176,114,62,105,88,17,3,2,1,2,1,1,68,24,44,7,3,4
Total,State - CHANDIGARH,Other religious communities,60+,14,6,8,3,2,1,0,0,0,0,0,0,11,4,7,1,0,1
Rural,State - CHANDIGARH,All religious communities,Total,28991,17150,11841,11683,10356,1327,667,308,359,173,103,70,16641,6486,10155,970,371,599
Rural,State - CHANDIGARH,All religious communities,5-9,2921,1572,1349,15,12,3,6,4,2,2,1,1,2900,1556,1344,9,5,4
Rural,State - CHANDIGARH,All religious communities,10-14,2537,1421,1116,106,69,37,28,14,14,2,2,0,2403,1338,1065,38,28,10
Rural,State - CHANDIGARH,All religious communities,15-19,2765,1787,978,878,775,103,105,67,38,29,24,5,1782,945,837,158,107,51
Rural,State - CHANDIGARH,All religious communities,20-24,3593,2255,1338,1936,1785,151,127,72,55,44,29,15,1530,398,1132,287,133,154
Rural,State - CHANDIGARH,All religious communities,25-29,3806,2260,1546,2350,2135,215,101,35,66,32,17,15,1355,90,1265,212,43,169
Rural,State - CHANDIGARH,All religious communities,30-34,3101,1902,1199,2115,1831,284,90,35,55,22,12,10,896,36,860,114,16,98
Rural,State - CHANDIGARH,All religious communities,35-39,2321,1455,866,1615,1414,201,70,20,50,14,5,9,636,21,615,69,9,60
Rural,State - CHANDIGARH,All religious communities,40-49,2596,1585,1011,1764,1519,245,70,19,51,11,0,11,762,47,715,44,8,36
Rural,State - CHANDIGARH,All religious communities,50-59,1226,687,539,675,606,69,34,15,19,11,7,4,517,66,451,18,7,11
Rural,State - CHANDIGARH,All religious communities,60-69,736,417,319,180,164,16,29,22,7,6,6,0,527,231,296,18,13,5
Rural,State - CHANDIGARH,All religious communities,70-79,256,139,117,35,34,1,4,3,1,0,0,0,217,102,115,2,2,0
Rural,State - CHANDIGARH,All religious communities,80+,106,55,51,13,11,2,3,2,1,0,0,0,90,42,48,1,0,1
Rural,State - CHANDIGARH,All religious communities,Age not stated,6,4,2,1,1,0,0,0,0,0,0,0,5,3,2,0,0,0
Rural,State - CHANDIGARH,All religious communities,15-59,19408,11931,7477,11333,10065,1268,597,263,334,163,94,69,7478,1603,5875,902,323,579
Rural,State - CHANDIGARH,All religious communities,60+,1098,611,487,228,209,19,36,27,9,6,6,0,834,375,459,21,15,6
Rural,State - CHANDIGARH,Hindu,Total,23207,13981,9226,9749,8643,1106,480,228,252,132,75,57,12978,5110,7868,750,263,487
Rural,State - CHANDIGARH,Hindu,5-9,2447,1320,1127,14,11,3,6,4,2,2,1,1,2427,1305,1122,9,5,4
Rural,State - CHANDIGARH,Hindu,10-14,2050,1151,899,97,62,35,24,11,13,1,1,0,1929,1078,851,30,21,9
Rural,State - CHANDIGARH,Hindu,15-19,2180,1455,725,794,694,100,77,49,28,16,12,4,1309,712,597,107,74,33
Rural,State - CHANDIGARH,Hindu,20-24,2951,1886,1065,1664,1538,126,94,58,36,32,22,10,1193,290,903,215,96,119
Rural,State - CHANDIGARH,Hindu,25-29,3183,1924,1259,2006,1830,176,76,27,49,28,14,14,1101,67,1034,181,28,153
Rural,State - CHANDIGARH,Hindu,30-34,2579,1616,963,1807,1567,240,65,25,40,18,10,8,707,24,683,92,11,81
Rural,State - CHANDIGARH,Hindu,35-39,1838,1189,649,1336,1166,170,45,12,33,10,3,7,457,11,446,50,5,45
Rural,State - CHANDIGARH,Hindu,40-49,1940,1222,718,1372,1183,189,48,14,34,9,0,9,520,25,495,35,6,29
Rural,State - CHANDIGARH,Hindu,50-59,866,504,362,508,455,53,22,11,11,11,7,4,336,38,298,15,5,10
Rural,State - CHANDIGARH,Hindu,60-69,476,263,213,121,109,12,19,14,5,5,5,0,336,140,196,14,10,4
Rural,State - CHANDIGARH,Hindu,70-79,139,78,61,19,19,0,3,2,1,0,0,0,117,57,60,2,2,0
Rural,State - CHANDIGARH,Hindu,80+,59,32,27,10,8,2,1,1,0,0,0,0,48,23,25,0,0,0
Rural,State - CHANDIGARH,Hindu,Age not stated,4,3,1,1,1,0,0,0,0,0,0,0,3,2,1,0,0,0
Rural,State - CHANDIGARH,Hindu,15-59,15537,9796,5741,9487,8433,1054,427,196,231,124,68,56,5623,1167,4456,695,225,470
Rural,State - CHANDIGARH,Hindu,60+,674,373,301,150,136,14,23,17,6,5,5,0,501,220,281,16,12,4
Rural,State - CHANDIGARH,Muslim,Total,1321,805,516,552,503,49,23,13,10,8,8,0,746,289,457,38,9,29
Rural,State - CHANDIGARH,Muslim,5-9,148,84,64,1,1,0,0,0,0,0,0,0,147,83,64,0,0,0
Rural,State - CHANDIGARH,Muslim,10-14,129,68,61,7,5,2,3,2,1,0,0,0,119,61,58,3,2,1
Rural,State - CHANDIGARH,Muslim,15-19,134,87,47,52,50,2,9,8,1,6,6,0,73,29,44,9,3,6
Rural,State - CHANDIGARH,Muslim,20-24,196,129,67,127,118,9,2,1,1,1,1,0,67,10,57,11,3,8
Rural,State - CHANDIGARH,Muslim,25-29,170,103,67,113,100,13,3,2,1,1,1,0,54,1,53,4,1,3
Rural,State - CHANDIGARH,Muslim,30-34,116,73,43,84,73,11,3,0,3,0,0,0,29,0,29,6,0,6
Rural,State - CHANDIGARH,Muslim,35-39,101,68,33,74,67,7,2,0,2,0,0,0,25,1,24,3,0,3
Rural,State - CHANDIGARH,Muslim,40-49,95,60,35,62,58,4,1,0,1,0,0,0,32,2,30,2,0,2
Rural,State - CHANDIGARH,Muslim,50-59,31,19,12,20,19,1,0,0,0,0,0,0,11,0,11,0,0,0
Rural,State - CHANDIGARH,Muslim,60-69,18,11,7,8,8,0,0,0,0,0,0,0,10,3,7,0,0,0
Rural,State - CHANDIGARH,Muslim,70-79,12,9,3,4,4,0,0,0,0,0,0,0,8,5,3,0,0,0
Rural,State - CHANDIGARH,Muslim,80+,2,1,1,0,0,0,0,0,0,0,0,0,2,1,1,0,0,0
Rural,State - CHANDIGARH,Muslim,Age not stated,0,0,0,0,0,0,0,0,0,0,0,0,0,0,0,0,0,0
Rural,State - CHANDIGARH,Muslim,15-59,843,539,304,532,485,47,20,11,9,8,8,0,291,43,248,35,7,28
Rural,State - CHANDIGARH,Muslim,60+,32,21,11,12,12,0,0,0,0,0,0,0,20,9,11,0,0,0
Rural,State - CHANDIGARH,Christian,Total,156,82,74,61,41,20,2,2,0,2,2,0,93,39,54,9,7,2
Rural,State - CHANDIGARH,Christian,5-9,14,5,9,0,0,0,0,0,0,0,0,0,14,5,9,0,0,0
Rural,State - CHANDIGARH,Christian,10-14,12,7,5,0,0,0,0,0,0,0,0,0,12,7,5,0,0,0
Rural,State - CHANDIGARH,Christian,15-19,11,5,6,0,0,0,0,0,0,0,0,0,11,5,6,0,0,0
Rural,State - CHANDIGARH,Christian,20-24,19,11,8,7,3,4,1,1,0,1,1,0,11,7,4,3,2,1
Rural,State - CHANDIGARH,Christian,25-29,19,10,9,9,7,2,1,1,0,1,1,0,9,2,7,2,2,0
Rural,State - CHANDIGARH,Christian,30-34,21,12,9,16,11,5,0,0,0,0,0,0,5,1,4,2,1,1
Rural,State - CHANDIGARH,Christian,35-39,5,4,1,5,4,1,0,0,0,0,0,0,0,0,0,0,0,0
Rural,State - CHANDIGARH,Christian,40-49,26,12,14,19,12,7,0,0,0,0,0,0,7,0,7,0,0,0
Rural,State - CHANDIGARH,Christian,50-59,11,6,5,5,4,1,0,0,0,0,0,0,6,2,4,1,1,0
Rural,State - CHANDIGARH,Christian,60-69,2,2,0,0,0,0,0,0,0,0,0,0,2,2,0,1,1,0
Rural,State - CHANDIGARH,Christian,70-79,1,0,1,0,0,0,0,0,0,0,0,0,1,0,1,0,0,0
Rural,State - CHANDIGARH,Christian,80+,0,0,0,0,0,0,0,0,0,0,0,0,0,0,0,0,0,0
Rural,State - CHANDIGARH,Christian,Age not stated,0,0,0,0,0,0,0,0,0,0,0,0,0,0,0,0,0,0
Rural,State - CHANDIGARH,Christian,15-59,112,60,52,61,41,20,2,2,0,2,2,0,49,17,32,8,6,2
Rural,State - CHANDIGARH,Christian,60+,3,2,1,0,0,0,0,0,0,0,0,0,3,2,1,1,1,0
Rural,State - CHANDIGARH,Sikh,Total,4258,2251,2007,1299,1151,148,162,65,97,31,18,13,2797,1035,1762,173,92,81
Rural,State - CHANDIGARH,Sikh,5-9,308,159,149,0,0,0,0,0,0,0,0,0,308,159,149,0,0,0
Rural,State - CHANDIGARH,Sikh,10-14,339,190,149,0,0,0,1,1,0,1,1,0,338,189,149,5,5,0
Rural,State - CHANDIGARH,Sikh,15-19,434,235,199,28,27,1,19,10,9,7,6,1,387,198,189,42,30,12
Rural,State - CHANDIGARH,Sikh,20-24,418,223,195,134,122,12,30,12,18,10,5,5,254,89,165,58,32,26
Rural,State - CHANDIGARH,Sikh,25-29,429,220,209,219,195,24,21,5,16,2,1,1,189,20,169,25,12,13
Rural,State - CHANDIGARH,Sikh,30-34,378,199,179,202,178,24,22,10,12,4,2,2,154,11,143,14,4,10
Rural,State - CHANDIGARH,Sikh,35-39,372,191,181,197,174,23,23,8,15,4,2,2,152,9,143,16,4,12
Rural,State - CHANDIGARH,Sikh,40-49,534,291,243,311,266,45,21,5,16,2,0,2,202,20,182,7,2,5
Rural,State - CHANDIGARH,Sikh,50-59,318,158,160,142,128,14,12,4,8,0,0,0,164,26,138,2,1,1
Rural,State - CHANDIGARH,Sikh,60-69,240,141,99,51,47,4,10,8,2,1,1,0,179,86,93,3,2,1
Rural,State - CHANDIGARH,Sikh,70-79,104,52,52,12,11,1,1,1,0,0,0,0,91,40,51,0,0,0
Rural,State - CHANDIGARH,Sikh,80+,44,21,23,3,3,0,2,1,1,0,0,0,39,17,22,1,0,1
Rural,State - CHANDIGARH,Sikh,Age not stated,2,1,1,0,0,0,0,0,0,0,0,0,2,1,1,0,0,0
Rural,State - CHANDIGARH,Sikh,15-59,2883,1517,1366,1233,1090,143,148,54,94,29,16,13,1502,373,1129,164,85,79
Rural,State - CHANDIGARH,Sikh,60+,388,214,174,66,61,5,13,10,3,1,1,0,309,143,166,4,2,2
Rural,State - CHANDIGARH,Buddhist,Total,8,3,5,3,1,2,0,0,0,0,0,0,5,2,3,0,0,0
Rural,State - CHANDIGARH,Buddhist,5-9,1,1,0,0,0,0,0,0,0,0,0,0,1,1,0,0,0,0
Rural,State - CHANDIGARH,Buddhist,10-14,0,0,0,0,0,0,0,0,0,0,0,0,0,0,0,0,0,0
Rural,State - CHANDIGARH,Buddhist,15-19,1,1,0,0,0,0,0,0,0,0,0,0,1,1,0,0,0,0
Rural,State - CHANDIGARH,Buddhist,20-24,1,0,1,0,0,0,0,0,0,0,0,0,1,0,1,0,0,0
Rural,State - CHANDIGARH,Buddhist,25-29,2,1,1,1,1,0,0,0,0,0,0,0,1,0,1,0,0,0
Rural,State - CHANDIGARH,Buddhist,30-34,2,0,2,2,0,2,0,0,0,0,0,0,0,0,0,0,0,0
Rural,State - CHANDIGARH,Buddhist,35-39,1,0,1,0,0,0,0,0,0,0,0,0,1,0,1,0,0,0
Rural,State - CHANDIGARH,Buddhist,40-49,0,0,0,0,0,0,0,0,0,0,0,0,0,0,0,0,0,0
Rural,State - CHANDIGARH,Buddhist,50-59,0,0,0,0,0,0,0,0,0,0,0,0,0,0,0,0,0,0
Rural,State - CHANDIGARH,Buddhist,60-69,0,0,0,0,0,0,0,0,0,0,0,0,0,0,0,0,0,0
Rural,State - CHANDIGARH,Buddhist,70-79,0,0,0,0,0,0,0,0,0,0,0,0,0,0,0,0,0,0
Rural,State - CHANDIGARH,Buddhist,80+,0,0,0,0,0,0,0,0,0,0,0,0,0,0,0,0,0,0
Rural,State - CHANDIGARH,Buddhist,Age not stated,0,0,0,0,0,0,0,0,0,0,0,0,0,0,0,0,0,0
Rural,State - CHANDIGARH,Buddhist,15-59,7,2,5,3,1,2,0,0,0,0,0,0,4,1,3,0,0,0
Rural,State - CHANDIGARH,Buddhist,60+,0,0,0,0,0,0,0,0,0,0,0,0,0,0,0,0,0,0
Rural,State - CHANDIGARH,Jain,Total,13,7,6,6,4,2,0,0,0,0,0,0,7,3,4,0,0,0
Rural,State - CHANDIGARH,Jain,5-9,2,2,0,0,0,0,0,0,0,0,0,0,2,2,0,0,0,0
Rural,State - CHANDIGARH,Jain,10-14,2,0,2,0,0,0,0,0,0,0,0,0,2,0,2,0,0,0
Rural,State - CHANDIGARH,Jain,15-19,0,0,0,0,0,0,0,0,0,0,0,0,0,0,0,0,0,0
Rural,State - CHANDIGARH,Jain,20-24,0,0,0,0,0,0,0,0,0,0,0,0,0,0,0,0,0,0
Rural,State - CHANDIGARH,Jain,25-29,0,0,0,0,0,0,0,0,0,0,0,0,0,0,0,0,0,0
Rural,State - CHANDIGARH,Jain,30-34,5,2,3,4,2,2,0,0,0,0,0,0,1,0,1,0,0,0
Rural,State - CHANDIGARH,Jain,35-39,3,2,1,2,2,0,0,0,0,0,0,0,1,0,1,0,0,0
Rural,State - CHANDIGARH,Jain,40-49,0,0,0,0,0,0,0,0,0,0,0,0,0,0,0,0,0,0
Rural,State - CHANDIGARH,Jain,50-59,0,0,0,0,0,0,0,0,0,0,0,0,0,0,0,0,0,0
Rural,State - CHANDIGARH,Jain,60-69,0,0,0,0,0,0,0,0,0,0,0,0,0,0,0,0,0,0
Rural,State - CHANDIGARH,Jain,70-79,0,0,0,0,0,0,0,0,0,0,0,0,0,0,0,0,0,0
Rural,State - CHANDIGARH,Jain,80+,0,0,0,0,0,0,0,0,0,0,0,0,0,0,0,0,0,0
Rural,State - CHANDIGARH,Jain,Age not stated,0,0,0,0,0,0,0,0,0,0,0,0,0,0,0,0,0,0
Rural,State - CHANDIGARH,Jain,15-59,8,4,4,6,4,2,0,0,0,0,0,0,2,0,2,0,0,0
Rural,State - CHANDIGARH,Jain,60+,0,0,0,0,0,0,0,0,0,0,0,0,0,0,0,0,0,0
Rural,State - CHANDIGARH,Other religious communities,Total,16,14,2,13,13,0,0,0,0,0,0,0,3,1,2,0,0,0
Rural,State - CHANDIGARH,Other religious communities,5-9,1,1,0,0,0,0,0,0,0,0,0,0,1,1,0,0,0,0
Rural,State - CHANDIGARH,Other religious communities,10-14,2,2,0,2,2,0,0,0,0,0,0,0,0,0,0,0,0,0
Rural,State - CHANDIGARH,Other religious communities,15-19,4,4,0,4,4,0,0,0,0,0,0,0,0,0,0,0,0,0
Rural,State - CHANDIGARH,Other religious communities,20-24,5,4,1,4,4,0,0,0,0,0,0,0,1,0,1,0,0,0
Rural,State - CHANDIGARH,Other religious communities,25-29,2,2,0,2,2,0,0,0,0,0,0,0,0,0,0,0,0,0
Rural,State - CHANDIGARH,Other religious communities,30-34,0,0,0,0,0,0,0,0,0,0,0,0,0,0,0,0,0,0
Rural,State - CHANDIGARH,Other religious communities,35-39,1,1,0,1,1,0,0,0,0,0,0,0,0,0,0,0,0,0
Rural,State - CHANDIGARH,Other religious communities,40-49,0,0,0,0,0,0,0,0,0,0,0,0,0,0,0,0,0,0
Rural,State - CHANDIGARH,Other religious communities,50-59,0,0,0,0,0,0,0,0,0,0,0,0,0,0,0,0,0,0
Rural,State - CHANDIGARH,Other religious communities,60-69,0,0,0,0,0,0,0,0,0,0,0,0,0,0,0,0,0,0
Rural,State - CHANDIGARH,Other religious communities,70-79,0,0,0,0,0,0,0,0,0,0,0,0,0,0,0,0,0,0
Rural,State - CHANDIGARH,Other religious communities,80+,0,0,0,0,0,0,0,0,0,0,0,0,0,0,0,0,0,0
Rural,State - CHANDIGARH,Other religious communities,Age not stated,0,0,0,0,0,0,0,0,0,0,0,0,0,0,0,0,0,0
Rural,State - CHANDIGARH,Other religious communities,15-59,12,11,1,11,11,0,0,0,0,0,0,0,1,0,1,0,0,0
Rural,State - CHANDIGARH,Other religious communities,60+,0,0,0,0,0,0,0,0,0,0,0,0,0,0,0,0,0,0
Urban,State - CHANDIGARH,All religious communities,Total,1026459,563513,462946,374246,306834,67412,17540,10661,6879,7913,5106,2807,634673,246018,388655,47606,19289,28317
Urban,State - CHANDIGARH,All religious communities,5-9,88273,47683,40590,893,544,349,452,235,217,175,95,80,86928,46904,40024,736,410,326
Urban,State - CHANDIGARH,All religious communities,10-14,90927,50719,40208,2121,1381,740,701,402,299,271,161,110,88105,48936,39169,1426,859,567
Urban,State - CHANDIGARH,All religious communities,15-19,101653,58734,42919,15000,12738,2262,2107,1463,644,1077,757,320,84546,44533,40013,9765,5587,4178
Urban,State - CHANDIGARH,All religious communities,20-24,117651,66212,51439,43849,37127,6722,3700,2443,1257,2149,1413,736,70102,26642,43460,16214,7776,8438
Urban,State - CHANDIGARH,All religious communities,25-29,106431,58434,47997,61332,50309,11023,2883,1791,1092,1493,944,549,42216,6334,35882,9229,2731,6498
Urban,State - CHANDIGARH,All religious communities,30-34,87702,47723,39979,54626,44953,9673,1971,1104,867,858,536,322,31105,1666,29439,3920,680,3240
Urban,State - CHANDIGARH,All religious communities,35-39,81351,44111,37240,52212,42388,9824,1646,830,816,664,395,269,27493,893,26600,2749,290,2459
Urban,State - CHANDIGARH,All religious communities,40-49,126677,68576,58101,81637,65761,15876,2228,1222,1006,785,498,287,42812,1593,41219,2222,330,1892
Urban,State - CHANDIGARH,All religious communities,50-59,80641,45166,35475,49850,40716,9134,1048,632,416,263,179,84,29743,3818,25925,754,267,487
Urban,State - CHANDIGARH,All religious communities,60-69,40904,21363,19541,9707,8342,1365,565,381,184,145,107,38,30632,12640,17992,458,287,171
Urban,State - CHANDIGARH,All religious communities,70-79,17551,9114,8437,2196,1924,272,170,110,60,21,13,8,15185,7080,8105,88,51,37
Urban,State - CHANDIGARH,All religious communities,80+,7525,3745,3780,708,566,142,58,42,16,8,6,2,6759,3137,3622,34,14,20
Urban,State - CHANDIGARH,All religious communities,Age not stated,340,197,143,115,85,30,11,6,5,4,2,2,214,106,108,11,7,4
Urban,State - CHANDIGARH,All religious communities,15-59,702106,388956,313150,358506,293992,64514,15583,9485,6098,7289,4722,2567,328017,85479,242538,44853,17661,27192
Urban,State - CHANDIGARH,All religious communities,60+,65980,34222,31758,12611,10832,1779,793,533,260,174,126,48,52576,22857,29719,580,352,228
Urban,State - CHANDIGARH,Hindu,Total,829367,458788,370579,306537,252963,53574,14359,8705,5654,6518,4200,2318,508471,197120,311351,38001,15210,22791
Urban,State - CHANDIGARH,Hindu,5-9,73935,39860,34075,749,452,297,374,192,182,145,79,66,72812,39216,33596,603,338,265
Urban,State - CHANDIGARH,Hindu,10-14,75119,41796,33323,1820,1165,655,593,329,264,225,124,101,72706,40302,32404,1185,714,471
Urban,State - CHANDIGARH,Hindu,15-19,82341,47669,34672,12739,10773,1966,1726,1195,531,884,619,265,67876,35701,32175,7902,4506,3396
Urban,State - CHANDIGARH,Hindu,20-24,95099,54009,41090,36837,31409,5428,2998,2009,989,1756,1178,578,55264,20591,34673,12802,6133,6669
Urban,State - CHANDIGARH,Hindu,25-29,87913,48662,39251,51300,42448,8852,2394,1489,905,1226,769,457,34219,4725,29494,7324,2083,5241
Urban,State - CHANDIGARH,Hindu,30-34,72662,39861,32801,45655,37727,7928,1640,919,721,717,445,272,25367,1215,24152,3172,503,2669
Urban,State - CHANDIGARH,Hindu,35-39,66868,36635,30233,43146,35277,7869,1379,694,685,555,328,227,22343,664,21679,2219,211,2008
Urban,State - CHANDIGARH,Hindu,40-49,101375,55866,45509,66073,53694,12379,1833,989,844,646,408,238,33469,1183,32286,1765,243,1522
Urban,State - CHANDIGARH,Hindu,50-59,61730,35274,26456,38869,32017,6852,831,494,337,221,149,72,22030,2763,19267,571,202,369
Urban,State - CHANDIGARH,Hindu,60-69,29493,15548,13945,7242,6209,1033,425,281,144,118,85,33,21826,9058,12768,361,223,138
Urban,State - CHANDIGARH,Hindu,70-79,11842,6165,5677,1531,1335,196,118,83,35,16,11,5,10193,4747,5446,65,39,26
Urban,State - CHANDIGARH,Hindu,80+,4797,2328,2469,482,388,94,40,26,14,6,4,2,4275,1914,2361,26,11,15
Urban,State - CHANDIGARH,Hindu,Age not stated,266,155,111,94,69,25,8,5,3,3,1,2,164,81,83,6,4,2
Urban,State - CHANDIGARH,Hindu,15-59,567988,317976,250012,294619,243345,51274,12801,7789,5012,6005,3896,2109,260568,66842,193726,35755,13881,21874
Urban,State - CHANDIGARH,Hindu,60+,46132,24041,22091,9255,7932,1323,583,390,193,140,100,40,36294,15719,20575,452,273,179
Urban,State - CHANDIGARH,Muslim,Total,50126,29084,21042,17572,16286,1286,1072,795,277,532,407,125,31482,12003,19479,1992,934,1058
Urban,State - CHANDIGARH,Muslim,5-9,5601,2990,2611,46,30,16,27,14,13,7,4,3,5528,2946,2582,41,25,16
Urban,State - CHANDIGARH,Muslim,10-14,5459,2939,2520,159,129,30,37,29,8,16,14,2,5263,2781,2482,87,53,34
Urban,State - CHANDIGARH,Muslim,15-19,5998,3664,2334,1592,1475,117,178,137,41,94,70,24,4228,2052,2176,616,412,204
Urban,State - CHANDIGARH,Muslim,20-24,6534,4165,2369,3294,3107,187,242,193,49,122,96,26,2998,865,2133,607,313,294
Urban,State - CHANDIGARH,Muslim,25-29,5542,3324,2218,3225,3016,209,153,112,41,89,68,21,2164,196,1968,312,81,231
Urban,State - CHANDIGARH,Muslim,30-34,4219,2506,1713,2540,2368,172,121,77,44,68,50,18,1558,61,1497,112,21,91
Urban,State - CHANDIGARH,Muslim,35-39,3615,2151,1464,2236,2057,179,100,63,37,52,37,15,1279,31,1248,102,11,91
Urban,State - CHANDIGARH,Muslim,40-49,4557,2713,1844,2791,2553,238,127,99,28,56,46,10,1639,61,1578,79,7,72
Urban,State - CHANDIGARH,Muslim,50-59,1902,1160,742,1141,1053,88,47,37,10,16,13,3,714,70,644,14,3,11
Urban,State - CHANDIGARH,Muslim,60-69,1195,659,536,425,388,37,32,29,3,8,7,1,738,242,496,17,5,12
Urban,State - CHANDIGARH,Muslim,70-79,327,195,132,93,83,10,7,4,3,3,1,2,227,108,119,3,1,2
Urban,State - CHANDIGARH,Muslim,80+,136,67,69,26,23,3,1,1,0,1,1,0,109,43,66,1,1,0
Urban,State - CHANDIGARH,Muslim,Age not stated,14,9,5,4,4,0,0,0,0,0,0,0,10,5,5,1,1,0
Urban,State - CHANDIGARH,Muslim,15-59,32367,19683,12684,16819,15629,1190,968,718,250,497,380,117,14580,3336,11244,1842,848,994
Urban,State - CHANDIGARH,Muslim,60+,1658,921,737,544,494,50,40,34,6,12,9,3,1074,393,681,21,7,14
Urban,State - CHANDIGARH,Christian,Total,8564,4381,4183,3544,2290,1254,116,55,61,39,21,18,4904,2036,2868,431,187,244
Urban,State - CHANDIGARH,Christian,5-9,652,369,283,6,4,2,2,0,2,1,0,1,644,365,279,4,2,2
Urban,State - CHANDIGARH,Christian,10-14,721,411,310,8,6,2,2,0,2,0,0,0,711,405,306,7,5,2
Urban,State - CHANDIGARH,Christian,15-19,802,437,365,94,57,37,21,14,7,8,6,2,687,366,321,70,34,36
Urban,State - CHANDIGARH,Christian,20-24,979,483,496,372,228,144,22,13,9,9,5,4,585,242,343,146,73,73
Urban,State - CHANDIGARH,Christian,25-29,876,410,466,524,326,198,15,5,10,5,1,4,337,79,258,93,42,51
Urban,State - CHANDIGARH,Christian,30-34,716,381,335,504,362,142,11,2,9,1,0,1,201,17,184,34,5,29
Urban,State - CHANDIGARH,Christian,35-39,708,342,366,516,322,194,9,2,7,4,0,4,183,18,165,28,9,19
Urban,State - CHANDIGARH,Christian,40-49,1250,604,646,920,571,349,17,8,9,7,5,2,313,25,288,29,7,22
Urban,State - CHANDIGARH,Christian,50-59,723,376,347,488,332,156,8,4,4,0,0,0,227,40,187,17,7,10
Urban,State - CHANDIGARH,Christian,60-69,322,154,168,91,66,25,7,5,2,3,3,0,224,83,141,2,2,0
Urban,State - CHANDIGARH,Christian,70-79,129,51,78,11,8,3,2,2,0,1,1,0,116,41,75,1,1,0
Urban,State - CHANDIGARH,Christian,80+,53,26,27,10,8,2,0,0,0,0,0,0,43,18,25,0,0,0
Urban,State - CHANDIGARH,Christian,Age not stated,0,0,0,0,0,0,0,0,0,0,0,0,0,0,0,0,0,0
Urban,State - CHANDIGARH,Christian,15-59,6054,3033,3021,3418,2198,1220,103,48,55,34,17,17,2533,787,1746,417,177,240
Urban,State - CHANDIGARH,Christian,60+,504,231,273,112,82,30,9,7,2,4,4,0,383,142,241,3,3,0
Urban,State - CHANDIGARH,Sikh,Total,134071,69049,65022,45247,34259,10988,1923,1073,850,791,463,328,86901,33717,53184,6930,2867,4063
Urban,State - CHANDIGARH,Sikh,5-9,7787,4314,3473,90,56,34,47,28,19,21,12,9,7650,4230,3420,81,42,39
Urban,State - CHANDIGARH,Sikh,10-14,9322,5388,3934,129,77,52,63,40,23,28,21,7,9130,5271,3859,141,83,58
Urban,State - CHANDIGARH,Sikh,15-19,12052,6727,5325,536,400,136,172,113,59,89,61,28,11344,6214,5130,1139,621,518
Urban,State - CHANDIGARH,Sikh,20-24,14363,7221,7142,3220,2286,934,419,215,204,248,126,122,10724,4720,6004,2565,1222,1343
Urban,State - CHANDIGARH,Sikh,25-29,11690,5827,5863,6078,4370,1708,310,179,131,167,105,62,5302,1278,4024,1456,511,945
Urban,State - CHANDIGARH,Sikh,30-34,9808,4822,4986,5749,4366,1383,194,104,90,68,39,29,3865,352,3513,577,141,436
Urban,State - CHANDIGARH,Sikh,35-39,9912,4855,5057,6164,4612,1552,155,71,84,52,30,22,3593,172,3421,384,54,330
Urban,State - CHANDIGARH,Sikh,40-49,18965,9150,9815,11529,8706,2823,242,126,116,74,39,35,7194,318,6876,339,71,268
Urban,State - CHANDIGARH,Sikh,50-59,15889,8148,7741,9122,7124,1998,159,95,64,26,17,9,6608,929,5679,144,53,91
Urban,State - CHANDIGARH,Sikh,60-69,9701,4910,4791,1892,1631,261,99,65,34,15,11,4,7710,3214,4496,75,55,20
Urban,State - CHANDIGARH,Sikh,70-79,5144,2646,2498,547,485,62,43,21,22,1,0,1,4554,2140,2414,19,10,9
Urban,State - CHANDIGARH,Sikh,80+,2491,1300,1191,180,138,42,17,15,2,1,1,0,2294,1147,1147,7,2,5
Urban,State - CHANDIGARH,Sikh,Age not stated,37,23,14,11,8,3,3,1,2,1,1,0,23,14,9,3,2,1
Urban,State - CHANDIGARH,Sikh,15-59,92679,46750,45929,42398,31864,10534,1651,903,748,724,417,307,48630,13983,34647,6604,2673,3931
Urban,State - CHANDIGARH,Sikh,60+,17336,8856,8480,2619,2254,365,159,101,58,17,12,5,14558,6501,8057,101,67,34
Urban,State - CHANDIGARH,Buddhist,Total,1152,590,562,326,254,72,20,11,9,13,6,7,806,325,481,97,26,71
Urban,State - CHANDIGARH,Buddhist,5-9,49,23,26,1,1,0,0,0,0,0,0,0,48,22,26,1,0,1
Urban,State - CHANDIGARH,Buddhist,10-14,59,41,18,1,0,1,0,0,0,0,0,0,58,41,17,0,0,0
Urban,State - CHANDIGARH,Buddhist,15-19,146,68,78,13,12,1,1,1,0,0,0,0,132,55,77,12,0,12
Urban,State - CHANDIGARH,Buddhist,20-24,326,151,175,38,30,8,9,5,4,7,3,4,279,116,163,45,13,32
Urban,State - CHANDIGARH,Buddhist,25-29,133,77,56,45,35,10,4,2,2,3,1,2,84,40,44,21,9,12
Urban,State - CHANDIGARH,Buddhist,30-34,59,31,28,36,24,12,2,1,1,2,1,1,21,6,15,2,1,1
Urban,State - CHANDIGARH,Buddhist,35-39,60,31,29,37,31,6,1,0,1,0,0,0,22,0,22,6,0,6
Urban,State - CHANDIGARH,Buddhist,40-49,140,66,74,90,66,24,1,0,1,0,0,0,49,0,49,4,0,4
Urban,State - CHANDIGARH,Buddhist,50-59,83,53,30,58,48,10,1,1,0,0,0,0,24,4,20,4,2,2
Urban,State - CHANDIGARH,Buddhist,60-69,28,14,14,6,6,0,1,1,0,1,1,0,21,7,14,1,1,0
Urban,State - CHANDIGARH,Buddhist,70-79,10,6,4,0,0,0,0,0,0,0,0,0,10,6,4,0,0,0
Urban,State - CHANDIGARH,Buddhist,80+,12,7,5,1,1,0,0,0,0,0,0,0,11,6,5,0,0,0
Urban,State - CHANDIGARH,Buddhist,Age not stated,1,0,1,0,0,0,0,0,0,0,0,0,1,0,1,1,0,1
Urban,State - CHANDIGARH,Buddhist,15-59,947,477,470,317,246,71,19,10,9,12,5,7,611,221,390,94,25,69
Urban,State - CHANDIGARH,Buddhist,60+,50,27,23,7,7,0,1,1,0,1,1,0,42,19,23,1,1,0
Urban,State - CHANDIGARH,Jain,Total,1947,990,957,713,552,161,32,11,21,12,4,8,1202,427,775,98,33,65
Urban,State - CHANDIGARH,Jain,5-9,101,48,53,0,0,0,0,0,0,0,0,0,101,48,53,3,1,2
Urban,State - CHANDIGARH,Jain,10-14,136,76,60,2,2,0,3,1,2,0,0,0,131,73,58,4,3,1
Urban,State - CHANDIGARH,Jain,15-19,176,91,85,3,3,0,5,1,4,1,0,1,168,87,81,18,9,9
Urban,State - CHANDIGARH,Jain,20-24,186,98,88,35,26,9,7,5,2,5,3,2,144,67,77,32,12,20
Urban,State - CHANDIGARH,Jain,25-29,171,77,94,100,65,35,4,2,2,2,0,2,67,10,57,15,4,11
Urban,State - CHANDIGARH,Jain,30-34,154,83,71,101,78,23,3,1,2,2,1,1,50,4,46,12,1,11
Urban,State - CHANDIGARH,Jain,35-39,128,61,67,77,59,18,1,0,1,0,0,0,50,2,48,5,1,4
Urban,State - CHANDIGARH,Jain,40-49,280,139,141,179,137,42,6,0,6,2,0,2,95,2,93,4,1,3
Urban,State - CHANDIGARH,Jain,50-59,259,130,129,151,124,27,2,1,1,0,0,0,106,5,101,4,0,4
Urban,State - CHANDIGARH,Jain,60-69,131,68,63,43,38,5,1,0,1,0,0,0,87,30,57,1,1,0
Urban,State - CHANDIGARH,Jain,70-79,90,48,42,14,13,1,0,0,0,0,0,0,76,35,41,0,0,0
Urban,State - CHANDIGARH,Jain,80+,29,15,14,8,7,1,0,0,0,0,0,0,21,8,13,0,0,0
Urban,State - CHANDIGARH,Jain,Age not stated,1,0,1,0,0,0,0,0,0,0,0,0,1,0,1,0,0,0
Urban,State - CHANDIGARH,Jain,15-59,1354,679,675,646,492,154,28,10,18,12,4,8,680,177,503,90,28,62
Urban,State - CHANDIGARH,Jain,60+,250,131,119,65,58,7,1,0,1,0,0,0,184,73,111,1,1,0
Urban,State - CHANDIGARH,Other religious communities,Total,230,138,92,97,79,18,3,2,1,2,1,1,130,57,73,9,3,6
Urban,State - CHANDIGARH,Other religious communities,5-9,17,11,6,0,0,0,0,0,0,0,0,0,17,11,6,0,0,0
Urban,State - CHANDIGARH,Other religious communities,10-14,15,6,9,0,0,0,0,0,0,0,0,0,15,6,9,1,0,1
Urban,State - CHANDIGARH,Other religious communities,15-19,23,18,5,7,5,2,0,0,0,0,0,0,16,13,3,3,2,1
Urban,State - CHANDIGARH,Other religious communities,20-24,33,22,11,15,13,2,2,2,0,1,1,0,16,7,9,2,1,1
Urban,State - CHANDIGARH,Other religious communities,25-29,29,16,13,16,15,1,1,0,1,1,0,1,12,1,11,1,0,1
Urban,State - CHANDIGARH,Other religious communities,30-34,22,14,8,17,14,3,0,0,0,0,0,0,5,0,5,0,0,0
Urban,State - CHANDIGARH,Other religious communities,35-39,16,10,6,12,10,2,0,0,0,0,0,0,4,0,4,0,0,0
Urban,State - CHANDIGARH,Other religious communities,40-49,25,13,12,20,13,7,0,0,0,0,0,0,5,0,5,1,0,1
Urban,State - CHANDIGARH,Other religious communities,50-59,16,10,6,7,7,0,0,0,0,0,0,0,9,3,6,0,0,0
Urban,State - CHANDIGARH,Other religious communities,60-69,9,3,6,3,2,1,0,0,0,0,0,0,6,1,5,1,0,1
Urban,State - CHANDIGARH,Other religious communities,70-79,3,2,1,0,0,0,0,0,0,0,0,0,3,2,1,0,0,0
Urban,State - CHANDIGARH,Other religious communities,80+,2,1,1,0,0,0,0,0,0,0,0,0,2,1,1,0,0,0
Urban,State - CHANDIGARH,Other religious communities,Age not stated,0,0,0,0,0,0,0,0,0,0,0,0,0,0,0,0,0,0
Urban,State - CHANDIGARH,Other religious communities,15-59,164,103,61,94,77,17,3,2,1,2,1,1,67,24,43,7,3,4
Urban,State - CHANDIGARH,Other religious communities,60+,14,6,8,3,2,1,0,0,0,0,0,0,11,4,7,1,0,1
Total,State - UTTARAKHAND,All religious communities,Total,10086292,5137773,4948519,2870624,2070760,799864,1001651,481161,520490,441687,274955,166732,6214017,2585852,3628165,432852,209349,223503
Total,State - UTTARAKHAND,All religious communities,5-9,1058801,560179,498622,7824,4346,3478,12886,6509,6377,2048,1127,921,1038091,549324,488767,6210,3411,2799
Total,State - UTTARAKHAND,All religious communities,10-14,1145343,603274,542069,20274,12953,7321,41447,20485,20962,6957,4225,2732,1083622,569836,513786,15326,8972,6354
Total,State - UTTARAKHAND,All religious communities,15-19,1124110,588483,535627,124845,91173,33672,105048,55989,49059,47782,30170,17612,894217,441321,452896,112928,67108,45820
Total,State - UTTARAKHAND,All religious communities,20-24,970068,484614,485454,310003,219520,90483,140801,70868,69933,82965,50639,32326,519264,194226,325038,136322,73301,63021
Total,State - UTTARAKHAND,All religious communities,25-29,810184,397363,412821,384510,280149,104361,123855,60947,62908,69989,43503,26486,301819,56267,245552,69160,28033,41127
Total,State - UTTARAKHAND,All religious communities,30-34,698300,345427,352873,375367,275226,100141,103503,49598,53905,55211,34548,20663,219430,20603,198827,32459,9567,22892
Total,State - UTTARAKHAND,All religious communities,35-39,665500,330834,334666,375029,272086,102943,98332,46148,52184,49626,31186,18440,192139,12600,179539,20276,4572,15704
Total,State - UTTARAKHAND,All religious communities,40-49,1056086,533513,522573,607508,440280,167228,152679,68561,84118,67487,42252,25235,295899,24672,271227,20348,5742,14606
Total,State - UTTARAKHAND,All religious communities,50-59,715619,353889,361730,386728,277710,109018,104169,42978,61191,34303,20630,13673,224722,33201,191521,9538,3613,5925
Total,State - UTTARAKHAND,All religious communities,60-69,547815,271632,276183,196097,136809,59288,81647,39173,42474,19178,12563,6615,270071,95650,174421,7099,3458,3641
Total,State - UTTARAKHAND,All religious communities,70-79,248089,121807,126282,60426,43945,16481,28126,14873,13253,4255,2906,1349,159537,62989,96548,1887,949,938
Total,State - UTTARAKHAND,All religious communities,80+,104905,48458,56447,17755,13321,4434,7421,4061,3360,1230,783,447,79729,31076,48653,816,372,444
Total,State - UTTARAKHAND,All religious communities,Age not stated,16608,9312,7296,4258,3242,1016,1737,971,766,656,423,233,10613,5099,5514,483,251,232
Total,State - UTTARAKHAND,All religious communities,15-59,6039867,3034123,3005744,2563990,1856144,707846,828387,395089,433298,407363,252928,154435,2647490,782890,1864600,401031,191936,209095
Total,State - UTTARAKHAND,All religious communities,60+,900809,441897,458912,274278,194075,80203,117194,58107,59087,24663,16252,8411,509337,189715,319622,9802,4779,5023
Total,State - UTTARAKHAND,Hindu,Total,8368636,4234384,4134252,2435556,1683475,752081,902209,415087,487122,396089,238562,157527,5030871,2135822,2895049,376188,182552,193636
Total,State - UTTARAKHAND,Hindu,5-9,844979,447866,397113,6511,3560,2951,11379,5715,5664,1643,894,749,827089,438591,388498,5163,2820,2343
Total,State - UTTARAKHAND,Hindu,10-14,921990,485113,436877,14783,8718,6065,36638,17548,19090,5430,3093,2337,870569,458847,411722,11873,6759,5114
Total,State - UTTARAKHAND,Hindu,15-19,903801,472849,430952,86431,57244,29187,88954,44734,44220,39732,23672,16060,728416,370871,357545,94388,55588,38800
Total,State - UTTARAKHAND,Hindu,20-24,791379,389009,402370,245754,160957,84797,124363,58986,65377,74078,43376,30702,421262,169066,252196,121439,65656,55783
Total,State - UTTARAKHAND,Hindu,25-29,677093,327326,349767,323911,225028,98883,111640,52467,59173,63844,38517,25327,241542,49831,191711,62237,25682,36555
Total,State - UTTARAKHAND,Hindu,30-34,588340,289058,299282,322285,227764,94521,93437,43118,50319,50339,30698,19641,172618,18176,154442,28776,8792,19984
Total,State - UTTARAKHAND,Hindu,35-39,560694,276080,284614,322041,225080,96961,88633,39972,48661,45170,27660,17510,150020,11028,138992,17647,4164,13483
Total,State - UTTARAKHAND,Hindu,40-49,905282,452492,452790,528016,369902,158114,139271,60156,79115,61592,37592,24000,237995,22434,215561,17522,5309,12213
Total,State - UTTARAKHAND,Hindu,50-59,630464,310183,320281,344460,240828,103632,97086,38732,58354,31641,18551,13090,188918,30623,158295,8267,3327,4940
Total,State - UTTARAKHAND,Hindu,60-69,480348,236168,244180,170013,113706,56307,76027,35518,40509,17175,10954,6221,234308,86944,147364,6111,3069,3042
Total,State - UTTARAKHAND,Hindu,70-79,221607,107526,114081,52642,37027,15615,26445,13659,12786,3792,2520,1272,142520,56840,85680,1631,828,803
Total,State - UTTARAKHAND,Hindu,80+,91839,41860,49979,15058,10949,4109,6795,3629,3166,1078,667,411,69986,27282,42704,705,327,378
Total,State - UTTARAKHAND,Hindu,Age not stated,13899,7767,6132,3651,2712,939,1541,853,688,575,368,207,8707,4202,4505,429,231,198
Total,State - UTTARAKHAND,Hindu,15-59,5057053,2516997,2540056,2172898,1506803,666095,743384,338165,405219,366396,220066,146330,2140771,672029,1468742,350276,168518,181758
Total,State - UTTARAKHAND,Hindu,60+,793794,385554,408240,237713,161682,76031,109267,52806,56461,22045,14141,7904,446814,171066,275748,8447,4224,4223
Total,State - UTTARAKHAND,Muslim,Total,1406825,740057,666768,340250,310330,29920,75867,54147,21720,37232,30747,6485,990708,375580,615128,44320,21403,22917
Total,State - UTTARAKHAND,Muslim,5-9,186087,97362,88725,1112,677,435,1122,592,530,351,198,153,183853,96093,87760,884,501,383
Total,State - UTTARAKHAND,Muslim,10-14,191417,100722,90695,4924,3838,1086,3743,2351,1392,1326,996,330,182750,94533,88217,3020,1972,1048
Total,State - UTTARAKHAND,Muslim,15-19,185833,96963,88870,34275,30551,3724,13120,9530,3590,6833,5647,1186,138438,56882,81556,15348,9639,5709
Total,State - UTTARAKHAND,Muslim,20-24,147545,79366,68179,54108,50164,3944,13030,10000,3030,7307,6167,1140,80407,19202,61205,11304,5906,5398
Total,State - UTTARAKHAND,Muslim,25-29,107007,56514,50493,48200,44948,3252,9263,6909,2354,4872,4109,763,49544,4657,44887,5019,1666,3353
Total,State - UTTARAKHAND,Muslim,30-34,86907,44631,42276,40891,37628,3263,7540,5311,2229,3923,3242,681,38476,1692,36784,2680,530,2150
Total,State - UTTARAKHAND,Muslim,35-39,83060,43586,39474,41002,37437,3565,7305,5069,2236,3613,2972,641,34753,1080,33673,1974,262,1712
Total,State - UTTARAKHAND,Muslim,40-49,115945,62939,53006,59789,54512,5277,9932,6896,3036,4791,3940,851,46224,1531,44693,2089,286,1803
Total,State - UTTARAKHAND,Muslim,50-59,62521,32321,30200,30058,27108,2950,5091,3344,1747,2138,1733,405,27372,1869,25503,934,195,739
Total,State - UTTARAKHAND,Muslim,60-69,49271,26083,23188,18684,16929,1755,4067,2879,1188,1561,1310,251,26520,6275,20245,757,305,452
Total,State - UTTARAKHAND,Muslim,70-79,17925,9760,8165,5137,4678,459,1126,870,256,353,304,49,11662,4212,7450,182,93,89
Total,State - UTTARAKHAND,Muslim,80+,8610,4293,4317,1674,1498,176,408,314,94,110,90,20,6528,2481,4047,87,34,53
Total,State - UTTARAKHAND,Muslim,Age not stated,1846,1033,813,396,362,34,120,82,38,54,39,15,1330,589,741,42,14,28
Total,State - UTTARAKHAND,Muslim,15-59,788818,416320,372498,308323,282348,25975,65281,47059,18222,33477,27810,5667,415214,86913,328301,39348,18484,20864
Total,State - UTTARAKHAND,Muslim,60+,75806,40136,35670,25495,23105,2390,5601,4063,1538,2024,1704,320,44710,12968,31742,1026,432,594
Total,State - UTTARAKHAND,Christian,Total,37781,19439,18342,13036,9087,3949,2503,1419,1084,1064,747,317,22242,8933,13309,1963,903,1060
Total,State - UTTARAKHAND,Christian,5-9,3264,1700,1564,34,17,17,49,28,21,3,2,1,3181,1655,1526,17,9,8
Total,State - UTTARAKHAND,Christian,10-14,3544,1830,1714,52,30,22,102,53,49,22,15,7,3390,1747,1643,43,24,19
Total,State - UTTARAKHAND,Christian,15-19,3879,2014,1865,476,386,90,236,156,80,106,77,29,3167,1472,1695,425,262,163
Total,State - UTTARAKHAND,Christian,20-24,3748,2020,1728,1360,1031,329,362,226,136,184,128,56,2026,763,1263,525,262,263
Total,State - UTTARAKHAND,Christian,25-29,3296,1695,1601,1641,1179,462,308,181,127,173,119,54,1347,335,1012,375,159,216
Total,State - UTTARAKHAND,Christian,30-34,3063,1542,1521,1788,1235,553,295,170,125,153,110,43,980,137,843,202,60,142
Total,State - UTTARAKHAND,Christian,35-39,2850,1449,1401,1766,1223,543,263,135,128,125,83,42,821,91,730,151,38,113
Total,State - UTTARAKHAND,Christian,40-49,4490,2377,2113,2896,2024,872,409,223,186,159,123,36,1185,130,1055,128,38,90
Total,State - UTTARAKHAND,Christian,50-59,3177,1560,1617,1952,1229,723,257,139,118,89,58,31,968,192,776,45,28,17
Total,State - UTTARAKHAND,Christian,60-69,2201,1103,1098,759,522,237,149,74,75,37,26,11,1293,507,786,37,15,22
Total,State - UTTARAKHAND,Christian,70-79,955,445,510,211,134,77,45,24,21,4,2,2,699,287,412,11,5,6
Total,State - UTTARAKHAND,Christian,80+,443,188,255,75,56,19,16,3,13,3,0,3,352,129,223,4,3,1
Total,State - UTTARAKHAND,Christian,Age not stated,92,58,34,26,21,5,12,7,5,6,4,2,54,30,24,0,0,0
Total,State - UTTARAKHAND,Christian,15-59,24503,12657,11846,11879,8307,3572,2130,1230,900,989,698,291,10494,3120,7374,1851,847,1004
Total,State - UTTARAKHAND,Christian,60+,3599,1736,1863,1045,712,333,210,101,109,44,28,16,2344,923,1421,52,23,29
Total,State - UTTARAKHAND,Sikh,Total,236340,123579,112761,71252,59730,11522,18614,9073,9541,6382,4300,2082,146474,54776,91698,8617,3621,4996
Total,State - UTTARAKHAND,Sikh,5-9,21368,11615,9753,125,68,57,294,154,140,42,29,13,20949,11393,9556,129,68,61
Total,State - UTTARAKHAND,Sikh,10-14,24674,13432,11242,455,335,120,847,449,398,159,110,49,23372,12648,10724,354,196,158
Total,State - UTTARAKHAND,Sikh,15-19,26283,14162,12121,3195,2624,571,2495,1402,1093,1001,698,303,20593,10136,10457,2382,1365,1017
Total,State - UTTARAKHAND,Sikh,20-24,23602,12056,11546,7647,6514,1133,2723,1458,1265,1230,849,381,13232,4084,9148,2492,1202,1290
Total,State - UTTARAKHAND,Sikh,25-29,19545,9966,9579,9154,7748,1406,2288,1193,1095,927,645,282,8103,1025,7078,1199,388,811
Total,State - UTTARAKHAND,Sikh,30-34,17204,8607,8597,8826,7352,1474,1958,858,1100,697,446,251,6420,397,6023,622,112,510
Total,State - UTTARAKHAND,Sikh,35-39,16562,8418,8144,8876,7324,1552,1869,815,1054,621,405,216,5817,279,5538,418,75,343
Total,State - UTTARAKHAND,Sikh,40-49,26705,13800,12905,14775,12287,2488,2711,1101,1610,813,519,294,9219,412,8807,527,87,440
Total,State - UTTARAKHAND,Sikh,50-59,16917,8559,8358,8966,7557,1409,1498,629,869,379,249,130,6453,373,6080,249,44,205
Total,State - UTTARAKHAND,Sikh,60-69,14074,7260,6814,6064,5186,878,1249,609,640,366,243,123,6761,1465,5296,168,56,112
Total,State - UTTARAKHAND,Sikh,70-79,6440,3413,3027,2198,1908,290,463,286,177,101,76,25,3779,1219,2560,54,18,36
Total,State - UTTARAKHAND,Sikh,80+,3474,1844,1630,875,756,119,183,108,75,35,25,10,2416,980,1436,15,6,9
Total,State - UTTARAKHAND,Sikh,Age not stated,382,204,178,96,71,25,36,11,25,11,6,5,250,122,128,8,4,4
Total,State - UTTARAKHAND,Sikh,15-59,146818,75568,71250,61439,51406,10033,15542,7456,8086,5668,3811,1857,69837,16706,53131,7889,3273,4616
Total,State - UTTARAKHAND,Sikh,60+,23988,12517,11471,9137,7850,1287,1895,1003,892,502,344,158,12956,3664,9292,237,80,157
Total,State - UTTARAKHAND,Buddhist,Total,14926,8910,6016,4810,3679,1131,1105,675,430,306,209,97,9011,4556,4455,700,359,341
Total,State - UTTARAKHAND,Buddhist,5-9,911,496,415,7,4,3,3,3,0,1,1,0,901,489,412,3,2,1
Total,State - UTTARAKHAND,Buddhist,10-14,1514,942,572,14,9,5,52,50,2,1,1,0,1448,883,565,13,8,5
Total,State - UTTARAKHAND,Buddhist,15-19,2180,1336,844,251,230,21,88,68,20,30,21,9,1841,1038,803,124,90,34
Total,State - UTTARAKHAND,Buddhist,20-24,1798,1114,684,601,462,139,130,87,43,57,47,10,1067,565,502,212,97,115
Total,State - UTTARAKHAND,Buddhist,25-29,1583,1000,583,826,640,186,180,105,75,68,48,20,577,255,322,152,73,79
Total,State - UTTARAKHAND,Buddhist,30-34,1354,860,494,822,648,174,133,69,64,26,12,14,399,143,256,91,46,45
Total,State - UTTARAKHAND,Buddhist,35-39,1113,684,429,700,526,174,138,82,56,36,27,9,275,76,199,30,17,13
Total,State - UTTARAKHAND,Buddhist,40-49,1364,770,594,797,584,213,170,85,85,47,24,23,397,101,296,40,13,27
Total,State - UTTARAKHAND,Buddhist,50-59,888,448,440,443,308,135,112,62,50,22,15,7,333,78,255,21,6,15
Total,State - UTTARAKHAND,Buddhist,60-69,694,384,310,201,146,55,63,38,25,16,13,3,430,200,230,9,4,5
Total,State - UTTARAKHAND,Buddhist,70-79,584,376,208,112,95,17,20,15,5,1,0,1,452,266,186,3,2,1
Total,State - UTTARAKHAND,Buddhist,80+,303,166,137,32,26,6,9,4,5,1,0,1,262,136,126,2,1,1
Total,State - UTTARAKHAND,Buddhist,Age not stated,34,24,10,4,1,3,7,7,0,0,0,0,23,16,7,0,0,0
Total,State - UTTARAKHAND,Buddhist,15-59,10280,6212,4068,4440,3398,1042,951,558,393,286,194,92,4889,2256,2633,670,342,328
Total,State - UTTARAKHAND,Buddhist,60+,1581,926,655,345,267,78,92,57,35,18,13,5,1144,602,542,14,7,7
Total,State - UTTARAKHAND,Jain,Total,9183,4747,4436,2946,2466,480,196,118,78,90,55,35,6041,2163,3878,424,172,252
Total,State - UTTARAKHAND,Jain,5-9,596,320,276,3,1,2,5,3,2,1,0,1,588,316,272,4,3,1
Total,State - UTTARAKHAND,Jain,10-14,684,375,309,1,1,0,5,4,1,2,1,1,678,370,308,9,4,5
Total,State - UTTARAKHAND,Jain,15-19,789,443,346,27,23,4,14,7,7,7,3,4,748,413,335,81,52,29
Total,State - UTTARAKHAND,Jain,20-24,842,422,420,184,132,52,33,21,12,18,13,5,625,269,356,140,60,80
Total,State - UTTARAKHAND,Jain,25-29,781,417,364,398,318,80,29,19,10,18,13,5,354,80,274,75,25,50
Total,State - UTTARAKHAND,Jain,30-34,671,338,333,359,303,56,25,14,11,13,7,6,287,21,266,37,7,30
Total,State - UTTARAKHAND,Jain,35-39,599,287,312,327,264,63,17,11,6,10,6,4,255,12,243,32,5,27
Total,State - UTTARAKHAND,Jain,40-49,1358,665,693,753,635,118,29,14,15,11,5,6,576,16,560,21,2,19
Total,State - UTTARAKHAND,Jain,50-59,1054,525,529,562,482,80,26,15,11,8,6,2,466,28,438,13,7,6
Total,State - UTTARAKHAND,Jain,60-69,791,405,386,231,212,19,9,6,3,2,1,1,551,187,364,6,4,2
Total,State - UTTARAKHAND,Jain,70-79,328,168,160,70,65,5,2,2,0,0,0,0,256,101,155,3,1,2
Total,State - UTTARAKHAND,Jain,80+,119,61,58,26,25,1,0,0,0,0,0,0,93,36,57,2,1,1
Total,State - UTTARAKHAND,Jain,Age not stated,9,9,0,5,5,0,2,2,0,0,0,0,2,2,0,1,1,0
Total,State - UTTARAKHAND,Jain,15-59,6094,3097,2997,2610,2157,453,173,101,72,85,53,32,3311,839,2472,399,158,241
Total,State - UTTARAKHAND,Jain,60+,1238,634,604,327,302,25,11,8,3,2,1,1,900,324,576,11,6,5
Total,State - UTTARAKHAND,Other religious communities,Total,993,504,489,278,198,80,162,103,59,75,52,23,553,203,350,25,13,12
Total,State - UTTARAKHAND,Other religious communities,5-9,134,61,73,5,3,2,3,1,2,1,1,0,126,57,69,0,0,0
Total,State - UTTARAKHAND,Other religious communities,10-14,115,58,57,6,1,5,6,3,3,2,0,2,103,54,49,1,1,0
Total,State - UTTARAKHAND,Other religious communities,15-19,96,39,57,20,12,8,11,8,3,5,4,1,65,19,46,9,3,6
Total,State - UTTARAKHAND,Other religious communities,20-24,86,43,43,30,21,9,21,14,7,12,8,4,35,8,27,6,4,2
Total,State - UTTARAKHAND,Other religious communities,25-29,75,41,34,33,26,7,25,12,13,12,9,3,17,3,14,1,1,0
Total,State - UTTARAKHAND,Other religious communities,30-34,76,46,30,41,29,12,24,16,8,11,7,4,11,1,10,3,1,2
Total,State - UTTARAKHAND,Other religious communities,35-39,65,33,32,35,23,12,14,9,5,4,3,1,16,1,15,2,1,1
Total,State - UTTARAKHAND,Other religious communities,40-49,105,64,41,63,46,17,25,15,10,17,11,6,17,3,14,1,1,0
Total,State - UTTARAKHAND,Other religious communities,50-59,74,47,27,34,29,5,17,12,5,5,4,1,23,6,17,0,0,0
Total,State - UTTARAKHAND,Other religious communities,60-69,33,21,12,8,7,1,11,10,1,4,4,0,14,4,10,1,0,1
Total,State - UTTARAKHAND,Other religious communities,70-79,12,5,7,0,0,0,4,3,1,1,1,0,8,2,6,0,0,0
Total,State - UTTARAKHAND,Other religious communities,80+,10,5,5,2,0,2,1,0,1,1,0,1,7,5,2,0,0,0
Total,State - UTTARAKHAND,Other religious communities,Age not stated,4,3,1,1,1,0,0,0,0,0,0,0,3,2,1,1,1,0
Total,State - UTTARAKHAND,Other religious communities,15-59,577,313,264,256,186,70,137,86,51,66,46,20,184,41,143,22,11,11
Total,State - UTTARAKHAND,Other religious communities,60+,55,31,24,10,7,3,16,13,3,6,5,1,29,11,18,1,0,1
Rural,State - UTTARAKHAND,All religious communities,Total,7036954,3519042,3517912,1997332,1322523,674809,888201,404151,484050,387312,234395,152917,4151421,1792368,2359053,267484,132169,135315
Rural,State - UTTARAKHAND,All religious communities,5-9,770582,404255,366327,6001,3252,2749,10144,4964,5180,1284,685,599,754437,396039,358398,4245,2308,1937
Rural,State - UTTARAKHAND,All religious communities,10-14,835418,434578,400840,15200,9073,6127,36998,17783,19215,5383,3172,2211,783220,407722,375498,10504,6015,4489
Rural,State - UTTARAKHAND,All religious communities,15-19,792898,407069,385829,89238,59986,29252,92106,46650,45456,40880,24891,15989,611554,300433,311121,77613,45587,32026
Rural,State - UTTARAKHAND,All religious communities,20-24,648027,312431,335596,218958,139925,79033,122236,57555,64681,71648,42331,29317,306833,114951,191882,82277,45108,37169
Rural,State - UTTARAKHAND,All religious communities,25-29,529754,253277,276477,260641,173069,87572,107564,49540,58024,60856,36747,24109,161549,30668,130881,37326,15613,21713
Rural,State - UTTARAKHAND,All religious communities,30-34,459156,221890,237266,252323,169464,82859,90402,40728,49674,48499,29569,18930,116431,11698,104733,17783,5457,12326
Rural,State - UTTARAKHAND,All religious communities,35-39,441348,215242,226106,253828,169652,84176,86083,38185,47898,43749,26805,16944,101437,7405,94032,11486,2676,8810
Rural,State - UTTARAKHAND,All religious communities,40-49,704552,348015,356537,411358,274491,136867,136263,57775,78488,60448,36786,23662,156931,15749,141182,12578,3767,8811
Rural,State - UTTARAKHAND,All religious communities,50-59,491440,233999,257441,266417,174507,91910,95664,37489,58175,31452,18447,13005,129359,22003,107356,6575,2396,4179
Rural,State - UTTARAKHAND,All religious communities,60-69,407893,198103,209790,157717,103335,54382,76288,35546,40742,17667,11381,6286,173888,59222,114666,4974,2248,2726
Rural,State - UTTARAKHAND,All religious communities,70-79,189468,91302,98166,49390,34206,15184,26405,13650,12755,3871,2603,1268,113673,43446,70227,1388,653,735
Rural,State - UTTARAKHAND,All religious communities,80+,78653,36196,42457,13727,9805,3922,6703,3598,3105,1064,664,400,58223,22793,35430,471,209,262
Rural,State - UTTARAKHAND,All religious communities,Age not stated,10472,5748,4724,2534,1758,776,1345,688,657,511,314,197,6593,3302,3291,264,132,132
Rural,State - UTTARAKHAND,All religious communities,15-59,4067175,1991923,2075252,1752763,1161094,591669,730318,327922,402396,357532,215576,141956,1584094,502907,1081187,245638,120604,125034
Rural,State - UTTARAKHAND,All religious communities,60+,676014,325601,350413,220834,147346,73488,109396,52794,56602,22602,14648,7954,345784,125461,220323,6833,3110,3723
Rural,State - UTTARAKHAND,Hindu,Total,6031638,2993138,3038500,1751410,1106942,644468,818911,360601,458310,355659,209469,146190,3461317,1525595,1935722,239405,119040,120365
Rural,State - UTTARAKHAND,Hindu,5-9,638504,334675,303829,5100,2720,2380,9310,4547,4763,1117,590,527,624094,327408,296686,3627,1968,1659
Rural,State - UTTARAKHAND,Hindu,10-14,698902,362383,336519,11726,6490,5236,33690,15824,17866,4417,2456,1961,653486,340069,313417,8543,4757,3786
Rural,State - UTTARAKHAND,Hindu,15-19,664859,340313,324546,66626,40261,26365,80867,39077,41790,35263,20395,14868,517366,260975,256391,67876,39585,28291
Rural,State - UTTARAKHAND,Hindu,20-24,548748,260191,288557,183243,107731,75512,111012,49819,61193,65642,37467,28175,254493,102641,151852,75472,41678,33794
Rural,State - UTTARAKHAND,Hindu,25-29,457267,215349,241918,227650,143511,84139,99182,44027,55155,56644,33358,23286,130435,27811,102624,34349,14683,19666
Rural,State - UTTARAKHAND,Hindu,30-34,397768,190904,206864,223127,143843,79284,83368,36520,46848,45044,26893,18151,91273,10541,80732,16018,5127,10891
Rural,State - UTTARAKHAND,Hindu,35-39,382539,184824,197715,224468,144045,80423,79367,34178,45189,40620,24368,16252,78704,6601,72103,10186,2474,7712
Rural,State - UTTARAKHAND,Hindu,40-49,620553,302986,317567,367257,235992,131265,126864,52346,74518,56321,33619,22702,126432,14648,111784,11157,3545,7612
Rural,State - UTTARAKHAND,Hindu,50-59,443678,210029,233649,243144,154487,88657,90613,34711,55902,29549,17000,12549,109921,20831,89090,5848,2264,3584
Rural,State - UTTARAKHAND,Hindu,60-69,366475,176381,190094,140773,88530,52243,72037,32889,39148,16117,10153,5964,153665,54962,98703,4415,2059,2356
Rural,State - UTTARAKHAND,Hindu,70-79,172851,82324,90527,44103,29561,14542,25133,12759,12374,3514,2309,1205,103615,40004,63611,1239,585,654
Rural,State - UTTARAKHAND,Hindu,80+,70280,31906,38374,11910,8229,3681,6226,3269,2957,947,575,372,52144,20408,31736,427,190,237
Rural,State - UTTARAKHAND,Hindu,Age not stated,9155,4993,4162,2283,1542,741,1242,635,607,464,286,178,5630,2816,2814,248,125,123
Rural,State - UTTARAKHAND,Hindu,15-59,3515412,1704596,1810816,1535515,969870,565645,671273,290678,380595,329083,193100,135983,1308624,444048,864576,220906,109356,111550
Rural,State - UTTARAKHAND,Hindu,60+,609606,290611,318995,196786,126320,70466,103396,48917,54479,20578,13037,7541,309424,115374,194050,6081,2834,3247
Rural,State - UTTARAKHAND,Muslim,Total,790857,414079,376778,183371,165033,18338,49183,33856,15327,24594,20200,4394,558303,215190,343113,20243,9833,10410
Rural,State - UTTARAKHAND,Muslim,5-9,111457,58435,53022,765,454,311,572,286,286,138,77,61,110120,57695,52425,497,276,221
Rural,State - UTTARAKHAND,Muslim,10-14,112873,59303,53570,3046,2271,775,2424,1494,930,810,609,201,107403,55538,51865,1636,1079,557
Rural,State - UTTARAKHAND,Muslim,15-19,103515,53667,49848,19655,17374,2281,8618,6098,2520,4550,3750,800,75242,30195,45047,7512,4741,2771
Rural,State - UTTARAKHAND,Muslim,20-24,78254,41737,36517,29086,26789,2297,8301,6194,2107,4679,3952,727,40867,8754,32113,4651,2416,2235
Rural,State - UTTARAKHAND,Muslim,25-29,55047,29060,25987,24922,23004,1918,5913,4249,1664,3181,2681,500,24212,1807,22405,1891,569,1322
Rural,State - UTTARAKHAND,Muslim,30-34,46044,23310,22734,21328,19308,2020,4923,3281,1642,2670,2165,505,19793,721,19072,1163,197,966
Rural,State - UTTARAKHAND,Muslim,35-39,44119,22911,21208,21422,19262,2160,4686,3131,1555,2425,1982,443,18011,518,17493,900,118,782
Rural,State - UTTARAKHAND,Muslim,40-49,60969,33106,27863,31251,28183,3068,6399,4228,2171,3169,2567,602,23319,695,22624,964,136,828
Rural,State - UTTARAKHAND,Muslim,50-59,33803,16983,16820,15928,14092,1836,3360,2065,1295,1461,1158,303,14515,826,13689,487,89,398
Rural,State - UTTARAKHAND,Muslim,60-69,29276,15467,13809,11503,10297,1206,2869,1980,889,1151,960,191,14904,3190,11714,410,147,263
Rural,State - UTTARAKHAND,Muslim,70-79,10911,5944,4967,3290,2963,327,779,592,187,255,217,38,6842,2389,4453,93,48,45
Rural,State - UTTARAKHAND,Muslim,80+,5270,2656,2614,1027,904,123,286,224,62,79,65,14,3957,1528,2429,32,14,18
Rural,State - UTTARAKHAND,Muslim,Age not stated,810,455,355,148,132,16,53,34,19,26,17,9,609,289,320,7,3,4
Rural,State - UTTARAKHAND,Muslim,15-59,421751,220774,200977,163592,148012,15580,42200,29246,12954,22135,18255,3880,215959,43516,172443,17568,8266,9302
Rural,State - UTTARAKHAND,Muslim,60+,45457,24067,21390,15820,14164,1656,3934,2796,1138,1485,1242,243,25703,7107,18596,535,209,326
Rural,State - UTTARAKHAND,Christian,Total,16746,8703,8043,5346,3730,1616,1391,753,638,663,458,205,10009,4220,5789,710,349,361
Rural,State - UTTARAKHAND,Christian,5-9,1616,852,764,14,7,7,6,3,3,1,0,1,1596,842,754,7,3,4
Rural,State - UTTARAKHAND,Christian,10-14,1716,924,792,22,16,6,51,29,22,16,12,4,1643,879,764,14,8,6
Rural,State - UTTARAKHAND,Christian,15-19,1789,947,842,180,146,34,123,75,48,64,45,19,1486,726,760,141,90,51
Rural,State - UTTARAKHAND,Christian,20-24,1536,758,778,501,340,161,210,122,88,113,76,37,825,296,529,195,98,97
Rural,State - UTTARAKHAND,Christian,25-29,1403,707,696,677,469,208,165,97,68,98,66,32,561,141,420,138,69,69
Rural,State - UTTARAKHAND,Christian,30-34,1312,665,647,755,514,241,171,100,71,99,73,26,386,51,335,71,25,46
Rural,State - UTTARAKHAND,Christian,35-39,1200,631,569,754,534,220,134,57,77,68,41,27,312,40,272,61,21,40
Rural,State - UTTARAKHAND,Christian,40-49,1907,1027,880,1204,853,351,247,123,124,108,82,26,456,51,405,55,18,37
Rural,State - UTTARAKHAND,Christian,50-59,1291,645,646,730,479,251,152,82,70,61,39,22,409,84,325,16,11,5
Rural,State - UTTARAKHAND,Christian,60-69,966,515,451,365,273,92,91,46,45,27,19,8,510,196,314,9,4,5
Rural,State - UTTARAKHAND,Christian,70-79,381,177,204,102,67,35,25,12,13,3,2,1,254,98,156,2,1,1
Rural,State - UTTARAKHAND,Christian,80+,189,84,105,33,25,8,9,3,6,1,0,1,147,56,91,1,1,0
Rural,State - UTTARAKHAND,Christian,Age not stated,36,17,19,9,7,2,7,4,3,4,3,1,20,6,14,0,0,0
Rural,State - UTTARAKHAND,Christian,15-59,10438,5380,5058,4801,3335,1466,1202,656,546,611,422,189,4435,1389,3046,677,332,345
Rural,State - UTTARAKHAND,Christian,60+,1536,776,760,500,365,135,125,61,64,31,21,10,911,350,561,12,6,6
Rural,State - UTTARAKHAND,Sikh,Total,180370,93798,86572,53262,44092,9170,17086,8090,8996,5740,3865,1875,110022,41616,68406,6217,2508,3709
Rural,State - UTTARAKHAND,Sikh,5-9,17220,9366,7854,95,55,40,234,117,117,24,16,8,16891,9194,7697,106,56,50
Rural,State - UTTARAKHAND,Sikh,10-14,20034,10857,9177,380,285,95,785,408,377,129,88,41,18869,10164,8705,291,158,133
Rural,State - UTTARAKHAND,Sikh,15-19,20950,11137,9813,2610,2101,509,2367,1319,1048,932,652,280,15973,7717,8256,1908,1070,838
Rural,State - UTTARAKHAND,Sikh,20-24,17815,8843,8972,5760,4820,940,2523,1321,1202,1114,773,341,9532,2702,6830,1675,775,900
Rural,State - UTTARAKHAND,Sikh,25-29,14547,7368,7179,6779,5667,1112,2078,1055,1023,816,573,243,5690,646,5044,768,217,551
Rural,State - UTTARAKHAND,Sikh,30-34,12854,6389,6465,6534,5398,1136,1762,744,1018,613,399,214,4558,247,4311,422,59,363
Rural,State - UTTARAKHAND,Sikh,35-39,12484,6349,6135,6684,5458,1226,1720,727,993,560,363,197,4080,164,3916,295,42,253
Rural,State - UTTARAKHAND,Sikh,40-49,19614,10132,9482,10872,8929,1943,2479,949,1530,735,454,281,6263,254,6009,365,55,310
Rural,State - UTTARAKHAND,Sikh,50-59,11666,5848,5818,6162,5137,1025,1357,535,822,340,224,116,4147,176,3971,200,24,176
Rural,State - UTTARAKHAND,Sikh,60-69,10286,5272,5014,4828,4054,774,1156,549,607,340,224,116,4302,669,3633,124,30,94
Rural,State - UTTARAKHAND,Sikh,70-79,4691,2485,2206,1783,1527,256,432,261,171,95,72,23,2476,697,1779,48,15,33
Rural,State - UTTARAKHAND,Sikh,80+,2621,1405,1216,731,626,105,166,97,69,33,23,10,1724,682,1042,9,4,5
Rural,State - UTTARAKHAND,Sikh,Age not stated,232,129,103,44,35,9,27,8,19,9,4,5,161,86,75,6,3,3
Rural,State - UTTARAKHAND,Sikh,15-59,109930,56066,53864,45401,37510,7891,14286,6650,7636,5110,3438,1672,50243,11906,38337,5633,2242,3391
Rural,State - UTTARAKHAND,Sikh,60+,17598,9162,8436,7342,6207,1135,1754,907,847,468,319,149,8502,2048,6454,181,49,132
Rural,State - UTTARAKHAND,Buddhist,Total,7829,4351,3478,1843,1266,577,660,341,319,215,135,80,5326,2744,2582,428,198,230
Rural,State - UTTARAKHAND,Buddhist,5-9,556,306,250,3,2,1,0,0,0,0,0,0,553,304,249,0,0,0
Rural,State - UTTARAKHAND,Buddhist,10-14,747,468,279,3,1,2,1,1,0,0,0,0,743,466,277,10,7,3
Rural,State - UTTARAKHAND,Buddhist,15-19,814,489,325,33,26,7,28,19,9,16,12,4,753,444,309,48,25,23
Rural,State - UTTARAKHAND,Buddhist,20-24,806,460,346,122,79,43,59,33,26,29,20,9,625,348,277,121,52,69
Rural,State - UTTARAKHAND,Buddhist,25-29,818,447,371,307,196,111,95,48,47,39,24,15,416,203,213,102,49,53
Rural,State - UTTARAKHAND,Buddhist,30-34,661,350,311,305,204,101,82,37,45,24,12,12,274,109,165,73,33,40
Rural,State - UTTARAKHAND,Buddhist,35-39,549,287,262,266,180,86,92,45,47,30,22,8,191,62,129,25,15,10
Rural,State - UTTARAKHAND,Buddhist,40-49,751,378,373,363,248,115,128,57,71,42,21,21,260,73,187,21,7,14
Rural,State - UTTARAKHAND,Buddhist,50-59,555,275,280,230,164,66,96,52,44,20,13,7,229,59,170,18,5,13
Rural,State - UTTARAKHAND,Buddhist,60-69,512,278,234,131,96,35,56,35,21,13,11,2,325,147,178,6,3,3
Rural,State - UTTARAKHAND,Buddhist,70-79,441,286,155,67,60,7,15,11,4,1,0,1,359,215,144,3,2,1
Rural,State - UTTARAKHAND,Buddhist,80+,206,110,96,12,10,2,7,2,5,1,0,1,187,98,89,1,0,1
Rural,State - UTTARAKHAND,Buddhist,Age not stated,14,11,3,1,0,1,1,1,0,0,0,0,12,10,2,0,0,0
Rural,State - UTTARAKHAND,Buddhist,15-59,4954,2686,2268,1626,1097,529,580,291,289,200,124,76,2748,1298,1450,408,186,222
Rural,State - UTTARAKHAND,Buddhist,60+,1159,674,485,210,166,44,78,48,30,15,11,4,871,460,411,10,5,5
Rural,State - UTTARAKHAND,Jain,Total,1021,510,511,279,225,54,38,16,22,21,10,11,704,269,435,45,15,30
Rural,State - UTTARAKHAND,Jain,5-9,98,48,50,1,0,1,1,0,1,0,0,0,96,48,48,3,2,1
Rural,State - UTTARAKHAND,Jain,10-14,118,66,52,0,0,0,2,2,0,1,1,0,116,64,52,2,1,1
Rural,State - UTTARAKHAND,Jain,15-19,99,47,52,6,6,0,0,0,0,0,0,0,93,41,52,6,4,2
Rural,State - UTTARAKHAND,Jain,20-24,118,55,63,25,20,5,8,4,4,3,2,1,85,31,54,16,7,9
Rural,State - UTTARAKHAND,Jain,25-29,79,43,36,43,33,10,5,3,2,4,2,2,31,7,24,5,0,5
Rural,State - UTTARAKHAND,Jain,30-34,59,32,27,31,26,5,7,3,4,4,2,2,21,3,18,3,0,3
Rural,State - UTTARAKHAND,Jain,35-39,62,26,36,28,22,6,2,1,1,2,1,1,32,3,29,7,0,7
Rural,State - UTTARAKHAND,Jain,40-49,143,73,70,83,69,14,8,1,7,6,1,5,52,3,49,2,1,1
Rural,State - UTTARAKHAND,Jain,50-59,69,34,35,40,31,9,5,2,3,1,1,0,24,1,23,0,0,0
Rural,State - UTTARAKHAND,Jain,60-69,65,28,37,18,15,3,0,0,0,0,0,0,47,13,34,1,0,1
Rural,State - UTTARAKHAND,Jain,70-79,14,4,10,2,1,1,0,0,0,0,0,0,12,3,9,0,0,0
Rural,State - UTTARAKHAND,Jain,80+,12,4,8,2,2,0,0,0,0,0,0,0,10,2,8,0,0,0
Rural,State - UTTARAKHAND,Jain,Age not stated,0,0,0,0,0,0,0,0,0,0,0,0,0,0,0,0,0,0
Rural,State - UTTARAKHAND,Jain,15-59,629,310,319,256,207,49,35,14,21,20,9,11,338,89,249,39,12,27
Rural,State - UTTARAKHAND,Jain,60+,91,36,55,22,18,4,0,0,0,0,0,0,69,18,51,1,0,1
Rural,State - UTTARAKHAND,Other religious communities,Total,692,358,334,185,127,58,137,83,54,63,41,22,370,148,222,13,7,6
Rural,State - UTTARAKHAND,Other religious communities,5-9,106,45,61,5,3,2,1,1,0,1,1,0,100,41,59,0,0,0
Rural,State - UTTARAKHAND,Other religious communities,10-14,83,48,35,5,0,5,5,2,3,2,0,2,73,46,27,0,0,0
Rural,State - UTTARAKHAND,Other religious communities,15-19,53,26,27,17,10,7,8,5,3,4,3,1,28,11,17,5,1,4
Rural,State - UTTARAKHAND,Other religious communities,20-24,55,25,30,20,12,8,16,9,7,9,5,4,19,4,15,3,2,1
Rural,State - UTTARAKHAND,Other religious communities,25-29,57,32,25,22,18,4,24,11,13,11,8,3,11,3,8,1,1,0
Rural,State - UTTARAKHAND,Other religious communities,30-34,51,28,23,23,14,9,19,13,6,7,4,3,9,1,8,2,1,1
Rural,State - UTTARAKHAND,Other religious communities,35-39,42,24,18,22,16,6,13,8,5,4,3,1,7,0,7,0,0,0
Rural,State - UTTARAKHAND,Other religious communities,40-49,77,47,30,45,32,13,23,13,10,16,10,6,9,2,7,1,1,0
Rural,State - UTTARAKHAND,Other religious communities,50-59,50,34,16,22,19,3,13,9,4,4,3,1,15,6,9,0,0,0
Rural,State - UTTARAKHAND,Other religious communities,60-69,20,15,5,3,3,0,10,9,1,3,3,0,7,3,4,0,0,0
Rural,State - UTTARAKHAND,Other religious communities,70-79,6,4,2,0,0,0,4,3,1,1,1,0,2,1,1,0,0,0
Rural,State - UTTARAKHAND,Other religious communities,80+,4,2,2,1,0,1,1,0,1,1,0,1,2,2,0,0,0,0
Rural,State - UTTARAKHAND,Other religious communities,Age not stated,3,2,1,0,0,0,0,0,0,0,0,0,3,2,1,1,1,0
Rural,State - UTTARAKHAND,Other religious communities,15-59,385,216,169,171,121,50,116,68,48,55,36,19,98,27,71,12,6,6
Rural,State - UTTARAKHAND,Other religious communities,60+,30,21,9,4,3,1,15,12,3,5,4,1,11,6,5,0,0,0
Urban,State - UTTARAKHAND,All religious communities,Total,3049338,1618731,1430607,873292,748237,125055,113450,77010,36440,54375,40560,13815,2062596,793484,1269112,165368,77180,88188
Urban,State - UTTARAKHAND,All religious communities,5-9,288219,155924,132295,1823,1094,729,2742,1545,1197,764,442,322,283654,153285,130369,1965,1103,862
Urban,State - UTTARAKHAND,All religious communities,10-14,309925,168696,141229,5074,3880,1194,4449,2702,1747,1574,1053,521,300402,162114,138288,4822,2957,1865
Urban,State - UTTARAKHAND,All religious communities,15-19,331212,181414,149798,35607,31187,4420,12942,9339,3603,6902,5279,1623,282663,140888,141775,35315,21521,13794
Urban,State - UTTARAKHAND,All religious communities,20-24,322041,172183,149858,91045,79595,11450,18565,13313,5252,11317,8308,3009,212431,79275,133156,54045,28193,25852
Urban,State - UTTARAKHAND,All religious communities,25-29,280430,144086,136344,123869,107080,16789,16291,11407,4884,9133,6756,2377,140270,25599,114671,31834,12420,19414
Urban,State - UTTARAKHAND,All religious communities,30-34,239144,123537,115607,123044,105762,17282,13101,8870,4231,6712,4979,1733,102999,8905,94094,14676,4110,10566
Urban,State - UTTARAKHAND,All religious communities,35-39,224152,115592,108560,121201,102434,18767,12249,7963,4286,5877,4381,1496,90702,5195,85507,8790,1896,6894
Urban,State - UTTARAKHAND,All religious communities,40-49,351534,185498,166036,196150,165789,30361,16416,10786,5630,7039,5466,1573,138968,8923,130045,7770,1975,5795
Urban,State - UTTARAKHAND,All religious communities,50-59,224179,119890,104289,120311,103203,17108,8505,5489,3016,2851,2183,668,95363,11198,84165,2963,1217,1746
Urban,State - UTTARAKHAND,All religious communities,60-69,139922,73529,66393,38380,33474,4906,5359,3627,1732,1511,1182,329,96183,36428,59755,2125,1210,915
Urban,State - UTTARAKHAND,All religious communities,70-79,58621,30505,28116,11036,9739,1297,1721,1223,498,384,303,81,45864,19543,26321,499,296,203
Urban,State - UTTARAKHAND,All religious communities,80+,26252,12262,13990,4028,3516,512,718,463,255,166,119,47,21506,8283,13223,345,163,182
Urban,State - UTTARAKHAND,All religious communities,Age not stated,6136,3564,2572,1724,1484,240,392,283,109,145,109,36,4020,1797,2223,219,119,100
Urban,State - UTTARAKHAND,All religious communities,15-59,1972692,1042200,930492,811227,695050,116177,98069,67167,30902,49831,37352,12479,1063396,279983,783413,155393,71332,84061
Urban,State - UTTARAKHAND,All religious communities,60+,224795,116296,108499,53444,46729,6715,7798,5313,2485,2061,1604,457,163553,64254,99299,2969,1669,1300
Urban,State - UTTARAKHAND,Hindu,Total,2336998,1241246,1095752,684146,576533,107613,83298,54486,28812,40430,29093,11337,1569554,610227,959327,136783,63512,73271
Urban,State - UTTARAKHAND,Hindu,5-9,206475,113191,93284,1411,840,571,2069,1168,901,526,304,222,202995,111183,91812,1536,852,684
Urban,State - UTTARAKHAND,Hindu,10-14,223088,122730,100358,3057,2228,829,2948,1724,1224,1013,637,376,217083,118778,98305,3330,2002,1328
Urban,State - UTTARAKHAND,Hindu,15-19,238942,132536,106406,19805,16983,2822,8087,5657,2430,4469,3277,1192,211050,109896,101154,26512,16003,10509
Urban,State - UTTARAKHAND,Hindu,20-24,242631,128818,113813,62511,53226,9285,13351,9167,4184,8436,5909,2527,166769,66425,100344,45967,23978,21989
Urban,State - UTTARAKHAND,Hindu,25-29,219826,111977,107849,96261,81517,14744,12458,8440,4018,7200,5159,2041,111107,22020,89087,27888,10999,16889
Urban,State - UTTARAKHAND,Hindu,30-34,190572,98154,92418,99158,83921,15237,10069,6598,3471,5295,3805,1490,81345,7635,73710,12758,3665,9093
Urban,State - UTTARAKHAND,Hindu,35-39,178155,91256,86899,97573,81035,16538,9266,5794,3472,4550,3292,1258,71316,4427,66889,7461,1690,5771
Urban,State - UTTARAKHAND,Hindu,40-49,284729,149506,135223,160759,133910,26849,12407,7810,4597,5271,3973,1298,111563,7786,103777,6365,1764,4601
Urban,State - UTTARAKHAND,Hindu,50-59,186786,100154,86632,101316,86341,14975,6473,4021,2452,2092,1551,541,78997,9792,69205,2419,1063,1356
Urban,State - UTTARAKHAND,Hindu,60-69,113873,59787,54086,29240,25176,4064,3990,2629,1361,1058,801,257,80643,31982,48661,1696,1010,686
Urban,State - UTTARAKHAND,Hindu,70-79,48756,25202,23554,8539,7466,1073,1312,900,412,278,211,67,38905,16836,22069,392,243,149
Urban,State - UTTARAKHAND,Hindu,80+,21559,9954,11605,3148,2720,428,569,360,209,131,92,39,17842,6874,10968,278,137,141
Urban,State - UTTARAKHAND,Hindu,Age not stated,4744,2774,1970,1368,1170,198,299,218,81,111,82,29,3077,1386,1691,181,106,75
Urban,State - UTTARAKHAND,Hindu,15-59,1541641,812401,729240,637383,536933,100450,72111,47487,24624,37313,26966,10347,832147,227981,604166,129370,59162,70208
Urban,State - UTTARAKHAND,Hindu,60+,184188,94943,89245,40927,35362,5565,5871,3889,1982,1467,1104,363,137390,55692,81698,2366,1390,976
Urban,State - UTTARAKHAND,Muslim,Total,615968,325978,289990,156879,145297,11582,26684,20291,6393,12638,10547,2091,432405,160390,272015,24077,11570,12507
Urban,State - UTTARAKHAND,Muslim,5-9,74630,38927,35703,347,223,124,550,306,244,213,121,92,73733,38398,35335,387,225,162
Urban,State - UTTARAKHAND,Muslim,10-14,78544,41419,37125,1878,1567,311,1319,857,462,516,387,129,75347,38995,36352,1384,893,491
Urban,State - UTTARAKHAND,Muslim,15-19,82318,43296,39022,14620,13177,1443,4502,3432,1070,2283,1897,386,63196,26687,36509,7836,4898,2938
Urban,State - UTTARAKHAND,Muslim,20-24,69291,37629,31662,25022,23375,1647,4729,3806,923,2628,2215,413,39540,10448,29092,6653,3490,3163
Urban,State - UTTARAKHAND,Muslim,25-29,51960,27454,24506,23278,21944,1334,3350,2660,690,1691,1428,263,25332,2850,22482,3128,1097,2031
Urban,State - UTTARAKHAND,Muslim,30-34,40863,21321,19542,19563,18320,1243,2617,2030,587,1253,1077,176,18683,971,17712,1517,333,1184
Urban,State - UTTARAKHAND,Muslim,35-39,38941,20675,18266,19580,18175,1405,2619,1938,681,1188,990,198,16742,562,16180,1074,144,930
Urban,State - UTTARAKHAND,Muslim,40-49,54976,29833,25143,28538,26329,2209,3533,2668,865,1622,1373,249,22905,836,22069,1125,150,975
Urban,State - UTTARAKHAND,Muslim,50-59,28718,15338,13380,14130,13016,1114,1731,1279,452,677,575,102,12857,1043,11814,447,106,341
Urban,State - UTTARAKHAND,Muslim,60-69,19995,10616,9379,7181,6632,549,1198,899,299,410,350,60,11616,3085,8531,347,158,189
Urban,State - UTTARAKHAND,Muslim,70-79,7014,3816,3198,1847,1715,132,347,278,69,98,87,11,4820,1823,2997,89,45,44
Urban,State - UTTARAKHAND,Muslim,80+,3340,1637,1703,647,594,53,122,90,32,31,25,6,2571,953,1618,55,20,35
Urban,State - UTTARAKHAND,Muslim,Age not stated,1036,578,458,248,230,18,67,48,19,28,22,6,721,300,421,35,11,24
Urban,State - UTTARAKHAND,Muslim,15-59,367067,195546,171521,144731,134336,10395,23081,17813,5268,11342,9555,1787,199255,43397,155858,21780,10218,11562
Urban,State - UTTARAKHAND,Muslim,60+,30349,16069,14280,9675,8941,734,1667,1267,400,539,462,77,19007,5861,13146,491,223,268
Urban,State - UTTARAKHAND,Christian,Total,21035,10736,10299,7690,5357,2333,1112,666,446,401,289,112,12233,4713,7520,1253,554,699
Urban,State - UTTARAKHAND,Christian,5-9,1648,848,800,20,10,10,43,25,18,2,2,0,1585,813,772,10,6,4
Urban,State - UTTARAKHAND,Christian,10-14,1828,906,922,30,14,16,51,24,27,6,3,3,1747,868,879,29,16,13
Urban,State - UTTARAKHAND,Christian,15-19,2090,1067,1023,296,240,56,113,81,32,42,32,10,1681,746,935,284,172,112
Urban,State - UTTARAKHAND,Christian,20-24,2212,1262,950,859,691,168,152,104,48,71,52,19,1201,467,734,330,164,166
Urban,State - UTTARAKHAND,Christian,25-29,1893,988,905,964,710,254,143,84,59,75,53,22,786,194,592,237,90,147
Urban,State - UTTARAKHAND,Christian,30-34,1751,877,874,1033,721,312,124,70,54,54,37,17,594,86,508,131,35,96
Urban,State - UTTARAKHAND,Christian,35-39,1650,818,832,1012,689,323,129,78,51,57,42,15,509,51,458,90,17,73
Urban,State - UTTARAKHAND,Christian,40-49,2583,1350,1233,1692,1171,521,162,100,62,51,41,10,729,79,650,73,20,53
Urban,State - UTTARAKHAND,Christian,50-59,1886,915,971,1222,750,472,105,57,48,28,19,9,559,108,451,29,17,12
Urban,State - UTTARAKHAND,Christian,60-69,1235,588,647,394,249,145,58,28,30,10,7,3,783,311,472,28,11,17
Urban,State - UTTARAKHAND,Christian,70-79,574,268,306,109,67,42,20,12,8,1,0,1,445,189,256,9,4,5
Urban,State - UTTARAKHAND,Christian,80+,254,104,150,42,31,11,7,0,7,2,0,2,205,73,132,3,2,1
Urban,State - UTTARAKHAND,Christian,Age not stated,56,41,15,17,14,3,5,3,2,2,1,1,34,24,10,0,0,0
Urban,State - UTTARAKHAND,Christian,15-59,14065,7277,6788,7078,4972,2106,928,574,354,378,276,102,6059,1731,4328,1174,515,659
Urban,State - UTTARAKHAND,Christian,60+,2063,960,1103,545,347,198,85,40,45,13,7,6,1433,573,860,40,17,23
Urban,State - UTTARAKHAND,Sikh,Total,55970,29781,26189,17990,15638,2352,1528,983,545,642,435,207,36452,13160,23292,2400,1113,1287
Urban,State - UTTARAKHAND,Sikh,5-9,4148,2249,1899,30,13,17,60,37,23,18,13,5,4058,2199,1859,23,12,11
Urban,State - UTTARAKHAND,Sikh,10-14,4640,2575,2065,75,50,25,62,41,21,30,22,8,4503,2484,2019,63,38,25
Urban,State - UTTARAKHAND,Sikh,15-19,5333,3025,2308,585,523,62,128,83,45,69,46,23,4620,2419,2201,474,295,179
Urban,State - UTTARAKHAND,Sikh,20-24,5787,3213,2574,1887,1694,193,200,137,63,116,76,40,3700,1382,2318,817,427,390
Urban,State - UTTARAKHAND,Sikh,25-29,4998,2598,2400,2375,2081,294,210,138,72,111,72,39,2413,379,2034,431,171,260
Urban,State - UTTARAKHAND,Sikh,30-34,4350,2218,2132,2292,1954,338,196,114,82,84,47,37,1862,150,1712,200,53,147
Urban,State - UTTARAKHAND,Sikh,35-39,4078,2069,2009,2192,1866,326,149,88,61,61,42,19,1737,115,1622,123,33,90
Urban,State - UTTARAKHAND,Sikh,40-49,7091,3668,3423,3903,3358,545,232,152,80,78,65,13,2956,158,2798,162,32,130
Urban,State - UTTARAKHAND,Sikh,50-59,5251,2711,2540,2804,2420,384,141,94,47,39,25,14,2306,197,2109,49,20,29
Urban,State - UTTARAKHAND,Sikh,60-69,3788,1988,1800,1236,1132,104,93,60,33,26,19,7,2459,796,1663,44,26,18
Urban,State - UTTARAKHAND,Sikh,70-79,1749,928,821,415,381,34,31,25,6,6,4,2,1303,522,781,6,3,3
Urban,State - UTTARAKHAND,Sikh,80+,853,439,414,144,130,14,17,11,6,2,2,0,692,298,394,6,2,4
Urban,State - UTTARAKHAND,Sikh,Age not stated,150,75,75,52,36,16,9,3,6,2,2,0,89,36,53,2,1,1
Urban,State - UTTARAKHAND,Sikh,15-59,36888,19502,17386,16038,13896,2142,1256,806,450,558,373,185,19594,4800,14794,2256,1031,1225
Urban,State - UTTARAKHAND,Sikh,60+,6390,3355,3035,1795,1643,152,141,96,45,34,25,9,4454,1616,2838,56,31,25
Urban,State - UTTARAKHAND,Buddhist,Total,7097,4559,2538,2967,2413,554,445,334,111,91,74,17,3685,1812,1873,272,161,111
Urban,State - UTTARAKHAND,Buddhist,5-9,355,190,165,4,2,2,3,3,0,1,1,0,348,185,163,3,2,1
Urban,State - UTTARAKHAND,Buddhist,10-14,767,474,293,11,8,3,51,49,2,1,1,0,705,417,288,3,1,2
Urban,State - UTTARAKHAND,Buddhist,15-19,1366,847,519,218,204,14,60,49,11,14,9,5,1088,594,494,76,65,11
Urban,State - UTTARAKHAND,Buddhist,20-24,992,654,338,479,383,96,71,54,17,28,27,1,442,217,225,91,45,46
Urban,State - UTTARAKHAND,Buddhist,25-29,765,553,212,519,444,75,85,57,28,29,24,5,161,52,109,50,24,26
Urban,State - UTTARAKHAND,Buddhist,30-34,693,510,183,517,444,73,51,32,19,2,0,2,125,34,91,18,13,5
Urban,State - UTTARAKHAND,Buddhist,35-39,564,397,167,434,346,88,46,37,9,6,5,1,84,14,70,5,2,3
Urban,State - UTTARAKHAND,Buddhist,40-49,613,392,221,434,336,98,42,28,14,5,3,2,137,28,109,19,6,13
Urban,State - UTTARAKHAND,Buddhist,50-59,333,173,160,213,144,69,16,10,6,2,2,0,104,19,85,3,1,2
Urban,State - UTTARAKHAND,Buddhist,60-69,182,106,76,70,50,20,7,3,4,3,2,1,105,53,52,3,1,2
Urban,State - UTTARAKHAND,Buddhist,70-79,143,90,53,45,35,10,5,4,1,0,0,0,93,51,42,0,0,0
Urban,State - UTTARAKHAND,Buddhist,80+,97,56,41,20,16,4,2,2,0,0,0,0,75,38,37,1,1,0
Urban,State - UTTARAKHAND,Buddhist,Age not stated,20,13,7,3,1,2,6,6,0,0,0,0,11,6,5,0,0,0
Urban,State - UTTARAKHAND,Buddhist,15-59,5326,3526,1800,2814,2301,513,371,267,104,86,70,16,2141,958,1183,262,156,106
Urban,State - UTTARAKHAND,Buddhist,60+,422,252,170,135,101,34,14,9,5,3,2,1,273,142,131,4,2,2
Urban,State - UTTARAKHAND,Jain,Total,8162,4237,3925,2667,2241,426,158,102,56,69,45,24,5337,1894,3443,379,157,222
Urban,State - UTTARAKHAND,Jain,5-9,498,272,226,2,1,1,4,3,1,1,0,1,492,268,224,1,1,0
Urban,State - UTTARAKHAND,Jain,10-14,566,309,257,1,1,0,3,2,1,1,0,1,562,306,256,7,3,4
Urban,State - UTTARAKHAND,Jain,15-19,690,396,294,21,17,4,14,7,7,7,3,4,655,372,283,75,48,27
Urban,State - UTTARAKHAND,Jain,20-24,724,367,357,159,112,47,25,17,8,15,11,4,540,238,302,124,53,71
Urban,State - UTTARAKHAND,Jain,25-29,702,374,328,355,285,70,24,16,8,14,11,3,323,73,250,70,25,45
Urban,State - UTTARAKHAND,Jain,30-34,612,306,306,328,277,51,18,11,7,9,5,4,266,18,248,34,7,27
Urban,State - UTTARAKHAND,Jain,35-39,537,261,276,299,242,57,15,10,5,8,5,3,223,9,214,25,5,20
Urban,State - UTTARAKHAND,Jain,40-49,1215,592,623,670,566,104,21,13,8,5,4,1,524,13,511,19,1,18
Urban,State - UTTARAKHAND,Jain,50-59,985,491,494,522,451,71,21,13,8,7,5,2,442,27,415,13,7,6
Urban,State - UTTARAKHAND,Jain,60-69,726,377,349,213,197,16,9,6,3,2,1,1,504,174,330,5,4,1
Urban,State - UTTARAKHAND,Jain,70-79,314,164,150,68,64,4,2,2,0,0,0,0,244,98,146,3,1,2
Urban,State - UTTARAKHAND,Jain,80+,107,57,50,24,23,1,0,0,0,0,0,0,83,34,49,2,1,1
Urban,State - UTTARAKHAND,Jain,Age not stated,9,9,0,5,5,0,2,2,0,0,0,0,2,2,0,1,1,0
Urban,State - UTTARAKHAND,Jain,15-59,5465,2787,2678,2354,1950,404,138,87,51,65,44,21,2973,750,2223,360,146,214
Urban,State - UTTARAKHAND,Jain,60+,1147,598,549,305,284,21,11,8,3,2,1,1,831,306,525,10,6,4
Urban,State - UTTARAKHAND,Other religious communities,Total,301,146,155,93,71,22,25,20,5,12,11,1,183,55,128,12,6,6
Urban,State - UTTARAKHAND,Other religious communities,5-9,28,16,12,0,0,0,2,0,2,0,0,0,26,16,10,0,0,0
Urban,State - UTTARAKHAND,Other religious communities,10-14,32,10,22,1,1,0,1,1,0,0,0,0,30,8,22,1,1,0
Urban,State - UTTARAKHAND,Other religious communities,15-19,43,13,30,3,2,1,3,3,0,1,1,0,37,8,29,4,2,2
Urban,State - UTTARAKHAND,Other religious communities,20-24,31,18,13,10,9,1,5,5,0,3,3,0,16,4,12,3,2,1
Urban,State - UTTARAKHAND,Other religious communities,25-29,18,9,9,11,8,3,1,1,0,1,1,0,6,0,6,0,0,0
Urban,State - UTTARAKHAND,Other religious communities,30-34,25,18,7,18,15,3,5,3,2,4,3,1,2,0,2,1,0,1
Urban,State - UTTARAKHAND,Other religious communities,35-39,23,9,14,13,7,6,1,1,0,0,0,0,9,1,8,2,1,1
Urban,State - UTTARAKHAND,Other religious communities,40-49,28,17,11,18,14,4,2,2,0,1,1,0,8,1,7,0,0,0
Urban,State - UTTARAKHAND,Other religious communities,50-59,24,13,11,12,10,2,4,3,1,1,1,0,8,0,8,0,0,0
Urban,State - UTTARAKHAND,Other religious communities,60-69,13,6,7,5,4,1,1,1,0,1,1,0,7,1,6,1,0,1
Urban,State - UTTARAKHAND,Other religious communities,70-79,6,1,5,0,0,0,0,0,0,0,0,0,6,1,5,0,0,0
Urban,State - UTTARAKHAND,Other religious communities,80+,6,3,3,1,0,1,0,0,0,0,0,0,5,3,2,0,0,0
Urban,State - UTTARAKHAND,Other religious communities,Age not stated,1,1,0,1,1,0,0,0,0,0,0,0,0,0,0,0,0,0
Urban,State - UTTARAKHAND,Other religious communities,15-59,192,97,95,85,65,20,21,18,3,11,10,1,86,14,72,10,5,5
Urban,State - UTTARAKHAND,Other religious communities,60+,25,10,15,6,4,2,1,1,0,1,1,0,18,5,13,1,0,1
Total,State - HARYANA,All religious communities,Total,25351462,13494734,11856728,7015283,5860600,1154683,1901225,946036,955189,819644,558852,260792,16434954,6688098,9746856,1093590,513841,579749
Total,State - HARYANA,All religious communities,5-9,2498757,1371825,1126932,14617,8602,6015,17123,9467,7656,3487,2035,1452,2467017,1353756,1113261,14497,8234,6263
Total,State - HARYANA,All religious communities,10-14,2668678,1474136,1194542,38875,27160,11715,52587,28776,23811,12294,7918,4376,2577216,1418200,1159016,35047,21652,13395
Total,State - HARYANA,All religious communities,15-19,2677390,1487548,1189842,264847,219044,45803,186791,111260,75531,91099,65082,26017,2225752,1157244,1068508,276378,174271,102107
Total,State - HARYANA,All religious communities,20-24,2567486,1372799,1194687,808322,684183,124139,296567,167677,128890,164410,117314,47096,1462597,520939,941658,348248,186639,161609
Total,State - HARYANA,All religious communities,25-29,2231959,1178340,1053619,1066069,898329,167740,270142,139765,130377,137723,94681,43042,895748,140246,755502,171292,62173,109119
Total,State - HARYANA,All religious communities,30-34,1893591,976844,916747,983750,817022,166728,229844,105363,124481,105728,69028,36700,679997,54459,625538,83288,19513,63775
Total,State - HARYANA,All religious communities,35-39,1761863,912717,849146,951739,782276,169463,213302,93861,119441,92718,60199,32519,596822,36580,560242,55441,9926,45515
Total,State - HARYANA,All religious communities,40-49,2747764,1446330,1301434,1495374,1242218,253156,314451,136560,177891,122541,80567,41974,937939,67552,870387,59493,12841,46652
Total,State - HARYANA,All religious communities,50-59,1716166,884897,831269,854449,719268,135181,171225,74286,96939,54109,36295,17814,690492,91343,599149,25850,7831,18019
Total,State - HARYANA,All religious communities,60-69,1348788,669228,679560,405705,348674,57031,112943,57312,55631,28098,20279,7819,830140,263242,566898,17101,7462,9639
Total,State - HARYANA,All religious communities,70-79,570378,285996,284382,95628,83786,11842,26232,15982,10250,4996,3761,1235,448518,186228,262290,4262,2075,2187
Total,State - HARYANA,All religious communities,80+,274589,133397,141192,28590,24224,4366,7852,4640,3212,1612,1151,461,238147,104533,133614,1723,777,946
Total,State - HARYANA,All religious communities,Age not stated,31534,16888,14646,7318,5814,1504,2166,1087,1079,829,542,287,22050,9987,12063,970,447,523
Total,State - HARYANA,All religious communities,15-59,15596219,8259475,7336744,6424550,5362340,1062210,1682322,828772,853550,768328,523166,245162,7489347,2068363,5420984,1019990,473194,546796
Total,State - HARYANA,All religious communities,60+,2193755,1088621,1105134,529923,456684,73239,147027,77934,69093,34706,25191,9515,1516805,554003,962802,23086,10314,12772
Total,State - HARYANA,Hindu,Total,22171128,11821082,10350046,6225731,5177615,1048116,1688339,831095,857244,723169,491128,232041,14257058,5812372,8444686,987824,465366,522458
Total,State - HARYANA,Hindu,5-9,2112108,1163839,948269,12576,7394,5182,14815,8238,6577,3019,1770,1249,2084717,1148207,936510,12483,7069,5414
Total,State - HARYANA,Hindu,10-14,2286819,1265624,1021195,31841,22189,9652,43979,24237,19742,9881,6343,3538,2210999,1219198,991801,29144,17775,11369
Total,State - HARYANA,Hindu,15-19,2340522,1303298,1037224,217561,178988,38573,158634,94341,64293,77447,54881,22566,1964327,1029969,934358,246476,155170,91306
Total,State - HARYANA,Hindu,20-24,2265239,1215284,1049955,703583,592759,110824,261586,146830,114756,145434,103235,42199,1300070,475695,824375,318835,171938,146897
Total,State - HARYANA,Hindu,25-29,1986624,1051228,935396,952418,799300,153118,241626,123848,117778,123200,84360,38840,792580,128080,664500,157077,57723,99354
Total,State - HARYANA,Hindu,30-34,1687668,872947,814721,882993,730283,152710,206392,93581,112811,94369,61484,32885,598283,49083,549200,75827,18108,57719
Total,State - HARYANA,Hindu,35-39,1570991,815421,755570,854325,699263,155062,191665,83414,108251,82693,53544,29149,525001,32744,492257,50109,9093,41016
Total,State - HARYANA,Hindu,40-49,2449085,1290837,1158248,1340715,1108596,232119,282788,121306,161482,108821,71374,37447,825582,60935,764647,53466,11752,41714
Total,State - HARYANA,Hindu,50-59,1531425,790784,740641,765085,641484,123601,154193,66048,88145,47723,32000,15723,612147,83252,528895,23136,7100,16036
Total,State - HARYANA,Hindu,60-69,1187175,587671,599504,351405,299964,51441,100524,50281,50243,24143,17452,6691,735246,237426,497820,15116,6706,8410
Total,State - HARYANA,Hindu,70-79,502105,250540,251565,82051,71455,10596,23239,13947,9292,4308,3213,1095,396815,165138,231677,3730,1820,1910
Total,State - HARYANA,Hindu,80+,240703,116416,124287,24665,20778,3887,6928,4040,2888,1383,983,400,209110,91598,117512,1553,704,849
Total,State - HARYANA,Hindu,Age not stated,27722,14843,12879,6513,5162,1351,1970,984,986,748,489,259,19239,8697,10542,872,408,464
Total,State - HARYANA,Hindu,15-59,13831554,7339799,6491755,5716680,4750673,966007,1496884,729368,767516,679687,460878,218809,6617990,1859758,4758232,924926,430884,494042
Total,State - HARYANA,Hindu,60+,1929983,954627,975356,458121,392197,65924,130691,68268,62423,29834,21648,8186,1341171,494162,847009,20399,9230,11169
Total,State - HARYANA,Muslim,Total,1781342,940027,841315,374197,320826,53371,139373,80159,59214,63415,47749,15666,1267772,539042,728730,44107,23495,20612
Total,State - HARYANA,Muslim,5-9,274669,144885,129784,1293,744,549,1635,865,770,351,195,156,271741,143276,128465,1229,712,517
Total,State - HARYANA,Muslim,10-14,255176,136658,118518,5095,3464,1631,6737,3473,3264,1862,1249,613,243344,129721,113623,3976,2673,1303
Total,State - HARYANA,Muslim,15-19,197594,106997,90597,31858,26442,5416,20485,12395,8090,9525,7470,2055,145251,68160,77091,15325,10792,4533
Total,State - HARYANA,Muslim,20-24,162538,85959,76579,59345,51727,7618,23833,14765,9068,12488,9770,2718,79360,19467,59893,10022,5771,4251
Total,State - HARYANA,Muslim,25-29,124681,66164,58517,56601,49669,6932,18905,11307,7598,9540,7282,2258,49175,5188,43987,4511,1542,2969
Total,State - HARYANA,Muslim,30-34,100216,51022,49194,47031,40359,6672,15129,8366,6763,7443,5417,2026,38056,2297,35759,2684,517,2167
Total,State - HARYANA,Muslim,35-39,92180,47787,44393,45589,38688,6901,13901,7473,6428,6579,4795,1784,32690,1626,31064,2082,336,1746
Total,State - HARYANA,Muslim,40-49,129687,69720,59967,65989,56698,9291,19320,10432,8888,8713,6388,2325,44378,2590,41788,2278,432,1846
Total,State - HARYANA,Muslim,50-59,72521,37300,35221,34079,29181,4898,10172,5368,4804,4003,2928,1075,28270,2751,25519,1020,297,723
Total,State - HARYANA,Muslim,60-69,63287,32271,31016,20946,18301,2645,7051,4212,2839,2339,1791,548,35290,9758,25532,702,276,426
Total,State - HARYANA,Muslim,70-79,24502,12988,11514,4789,4213,576,1626,1128,498,396,328,68,18087,7647,10440,194,101,93
Total,State - HARYANA,Muslim,80+,10963,5590,5373,1372,1170,202,495,329,166,139,111,28,9096,4091,5005,59,31,28
Total,State - HARYANA,Muslim,Age not stated,1293,686,607,210,170,40,84,46,38,37,25,12,999,470,529,25,15,10
Total,State - HARYANA,Muslim,15-59,879417,464949,414468,340492,292764,47728,121745,70106,51639,58291,44050,14241,417180,102079,315101,37922,19687,18235
Total,State - HARYANA,Muslim,60+,98752,50849,47903,27107,23684,3423,9172,5669,3503,2874,2230,644,62473,21496,40977,955,408,547
Total,State - HARYANA,Christian,Total,50353,26165,24188,17684,12869,4815,2628,1562,1066,1094,775,319,30041,11734,18307,2176,911,1265
Total,State - HARYANA,Christian,5-9,4196,2225,1971,31,15,16,61,38,23,11,8,3,4104,2172,1932,41,18,23
Total,State - HARYANA,Christian,10-14,4362,2283,2079,89,57,32,96,50,46,29,15,14,4177,2176,2001,77,50,27
Total,State - HARYANA,Christian,15-19,4602,2417,2185,555,389,166,239,146,93,115,80,35,3808,1882,1926,390,226,164
Total,State - HARYANA,Christian,20-24,5414,2712,2702,1958,1308,650,422,249,173,219,160,59,3034,1155,1879,624,302,322
Total,State - HARYANA,Christian,25-29,5030,2590,2440,2806,1984,822,365,223,142,175,129,46,1859,383,1476,403,152,251
Total,State - HARYANA,Christian,30-34,4412,2303,2109,2689,2000,689,311,172,139,127,86,41,1412,131,1281,211,43,168
Total,State - HARYANA,Christian,35-39,3740,1955,1785,2321,1691,630,271,168,103,114,74,40,1148,96,1052,137,23,114
Total,State - HARYANA,Christian,40-49,6144,3210,2934,3775,2804,971,436,252,184,171,128,43,1933,154,1779,154,31,123
Total,State - HARYANA,Christian,50-59,4182,2166,2016,2363,1769,594,225,139,86,81,55,26,1594,258,1336,81,35,46
Total,State - HARYANA,Christian,60-69,2560,1332,1228,835,651,184,150,96,54,41,33,8,1575,585,990,40,24,16
Total,State - HARYANA,Christian,70-79,1037,514,523,176,140,36,40,24,16,7,5,2,821,350,471,10,3,7
Total,State - HARYANA,Christian,80+,457,212,245,62,45,17,7,4,3,2,1,1,388,163,225,7,3,4
Total,State - HARYANA,Christian,Age not stated,56,29,27,24,16,8,5,1,4,2,1,1,27,12,15,1,1,0
Total,State - HARYANA,Christian,15-59,33524,17353,16171,16467,11945,4522,2269,1349,920,1002,712,290,14788,4059,10729,2000,812,1188
Total,State - HARYANA,Christian,60+,4054,2058,1996,1073,836,237,197,124,73,50,39,11,2784,1098,1686,57,30,27
Total,State - HARYANA,Sikh,Total,1243752,653468,590284,369675,326174,43501,66395,30811,35584,30281,18097,12184,807682,296483,511199,54742,21923,32819
Total,State - HARYANA,Sikh,5-9,97534,55243,42291,567,365,202,448,252,196,81,51,30,96519,54626,41893,664,379,285
Total,State - HARYANA,Sikh,10-14,112018,63952,48066,1660,1315,345,1504,862,642,467,274,193,108854,61775,47079,1733,1086,647
Total,State - HARYANA,Sikh,15-19,124640,69309,55331,14104,12640,1464,6874,4040,2834,3775,2481,1294,103662,52629,51033,13011,7397,5614
Total,State - HARYANA,Sikh,20-24,124114,63480,60634,40524,36047,4477,9918,5347,4571,5866,3860,2006,73672,22086,51586,17326,7873,9453
Total,State - HARYANA,Sikh,25-29,106042,53541,52501,49683,43675,6008,8587,3997,4590,4492,2693,1799,47772,5869,41903,8469,2473,5996
Total,State - HARYANA,Sikh,30-34,93194,46565,46629,46890,40948,5942,7516,2974,4542,3597,1920,1677,38788,2643,36145,4179,761,3418
Total,State - HARYANA,Sikh,35-39,88037,44250,43787,45926,39706,6220,7077,2635,4442,3189,1703,1486,35034,1909,33125,2863,413,2450
Total,State - HARYANA,Sikh,40-49,152147,77407,74740,79359,69491,9868,11335,4332,7003,4651,2577,2074,61453,3584,57869,3340,566,2774
Total,State - HARYANA,Sikh,50-59,100145,50916,49229,49143,43622,5521,6351,2598,3753,2232,1274,958,44651,4696,39955,1506,354,1152
Total,State - HARYANA,Sikh,60-69,90297,45320,44977,30837,28289,2548,5029,2623,2406,1535,979,556,54431,14408,40023,1184,426,758
Total,State - HARYANA,Sikh,70-79,40266,20785,19481,8136,7552,584,1262,848,414,278,209,69,30868,12385,18483,311,144,167
Total,State - HARYANA,Sikh,80+,21364,10711,10653,2352,2118,234,396,251,145,80,52,28,18616,8342,10274,96,36,60
Total,State - HARYANA,Sikh,Age not stated,1992,1060,932,494,406,88,98,52,46,38,24,14,1400,602,798,60,15,45
Total,State - HARYANA,Sikh,15-59,788319,405468,382851,325629,286129,39500,57658,25923,31735,27802,16508,11294,405032,93416,311616,50694,19837,30857
Total,State - HARYANA,Sikh,60+,151927,76816,75111,41325,37959,3366,6687,3722,2965,1893,1240,653,103915,35135,68780,1591,606,985
Total,State - HARYANA,Buddhist,Total,7514,4099,3415,2233,1897,336,456,253,203,238,156,82,4825,1949,2876,312,138,174
Total,State - HARYANA,Buddhist,5-9,823,427,396,7,5,2,9,3,6,2,2,0,807,419,388,7,4,3
Total,State - HARYANA,Buddhist,10-14,789,429,360,15,13,2,13,8,5,0,0,0,761,408,353,8,6,2
Total,State - HARYANA,Buddhist,15-19,617,334,283,59,49,10,53,33,20,33,25,8,505,252,253,56,41,15
Total,State - HARYANA,Buddhist,20-24,709,376,333,265,214,51,74,39,35,41,30,11,370,123,247,86,31,55
Total,State - HARYANA,Buddhist,25-29,848,497,351,447,402,45,75,42,33,38,25,13,326,53,273,72,29,43
Total,State - HARYANA,Buddhist,30-34,693,394,299,398,331,67,63,44,19,32,24,8,232,19,213,38,9,29
Total,State - HARYANA,Buddhist,35-39,522,286,236,302,251,51,40,19,21,23,13,10,180,16,164,18,7,11
Total,State - HARYANA,Buddhist,40-49,740,436,304,453,387,66,65,33,32,36,20,16,222,16,206,13,4,9
Total,State - HARYANA,Buddhist,50-59,401,203,198,188,164,24,31,13,18,16,7,9,182,26,156,7,3,4
Total,State - HARYANA,Buddhist,60-69,334,166,168,80,64,16,26,15,11,16,9,7,228,87,141,6,3,3
Total,State - HARYANA,Buddhist,70-79,124,63,61,12,12,0,5,4,1,1,1,0,107,47,60,1,1,0
Total,State - HARYANA,Buddhist,80+,52,19,33,6,4,2,1,0,1,0,0,0,45,15,30,0,0,0
Total,State - HARYANA,Buddhist,Age not stated,9,7,2,1,1,0,1,0,1,0,0,0,7,6,1,0,0,0
Total,State - HARYANA,Buddhist,15-59,4530,2526,2004,2112,1798,314,401,223,178,219,144,75,2017,505,1512,290,124,166
Total,State - HARYANA,Buddhist,60+,510,248,262,98,80,18,32,19,13,17,10,7,380,149,231,7,4,3
Total,State - HARYANA,Jain,Total,52613,27358,25255,16998,14626,2372,1080,627,453,308,202,106,34535,12105,22430,1948,789,1159
Total,State - HARYANA,Jain,5-9,3910,2091,1819,25,12,13,30,10,20,2,1,1,3855,2069,1786,19,13,6
Total,State - HARYANA,Jain,10-14,4110,2314,1796,47,27,20,56,36,20,4,3,1,4007,2251,1756,33,19,14
Total,State - HARYANA,Jain,15-19,4069,2274,1795,154,124,30,82,50,32,23,17,6,3833,2100,1733,283,173,110
Total,State - HARYANA,Jain,20-24,4585,2395,2190,1161,950,211,161,90,71,73,51,22,3263,1355,1908,697,349,348
Total,State - HARYANA,Jain,25-29,4880,2419,2461,2453,2008,445,152,88,64,65,40,25,2275,323,1952,389,116,273
Total,State - HARYANA,Jain,30-34,4545,2290,2255,2472,2102,370,110,64,46,33,17,16,1963,124,1839,183,31,152
Total,State - HARYANA,Jain,35-39,4080,2066,2014,2239,1908,331,111,63,48,37,25,12,1730,95,1635,114,24,90
Total,State - HARYANA,Jain,40-49,6948,3540,3408,3817,3329,488,172,87,85,37,23,14,2959,124,2835,126,21,105
Total,State - HARYANA,Jain,50-59,5625,2845,2780,2890,2569,321,99,62,37,19,12,7,2636,214,2422,56,18,38
Total,State - HARYANA,Jain,60-69,3773,1958,1815,1275,1169,106,68,46,22,10,8,2,2430,743,1687,34,20,14
Total,State - HARYANA,Jain,70-79,1629,815,814,360,335,25,29,21,8,3,3,0,1240,459,781,8,3,5
Total,State - HARYANA,Jain,80+,630,282,348,99,88,11,10,10,0,2,2,0,521,184,337,2,1,1
Total,State - HARYANA,Jain,Age not stated,37,15,22,6,5,1,0,0,0,0,0,0,31,10,21,4,1,3
Total,State - HARYANA,Jain,15-59,34732,17829,16903,15186,12990,2196,887,504,383,287,185,102,18659,4335,14324,1848,732,1116
Total,State - HARYANA,Jain,60+,6032,3055,2977,1734,1592,142,107,77,30,15,13,2,4191,1386,2805,44,24,20
Total,State - HARYANA,Other religious communities,Total,2548,1111,1437,739,528,211,143,68,75,56,34,22,1666,515,1151,211,47,164
Total,State - HARYANA,Other religious communities,5-9,197,95,102,0,0,0,2,0,2,1,0,1,195,95,100,2,2,0
Total,State - HARYANA,Other religious communities,10-14,344,104,240,1,1,0,12,4,8,1,1,0,331,99,232,4,3,1
Total,State - HARYANA,Other religious communities,15-19,395,128,267,30,21,9,17,9,8,10,4,6,348,98,250,120,15,105
Total,State - HARYANA,Other religious communities,20-24,245,120,125,84,58,26,22,12,10,14,9,5,139,50,89,38,17,21
Total,State - HARYANA,Other religious communities,25-29,206,89,117,124,75,49,13,6,7,4,4,0,69,8,61,23,4,19
Total,State - HARYANA,Other religious communities,30-34,181,92,89,107,76,31,21,14,7,10,6,4,53,2,51,10,1,9
Total,State - HARYANA,Other religious communities,35-39,138,63,75,77,57,20,10,3,7,2,1,1,51,3,48,3,1,2
Total,State - HARYANA,Other religious communities,40-49,270,132,138,156,113,43,27,9,18,11,7,4,87,10,77,6,1,5
Total,State - HARYANA,Other religious communities,50-59,172,94,78,100,77,23,10,5,5,2,1,1,62,12,50,3,2,1
Total,State - HARYANA,Other religious communities,60-69,111,56,55,42,35,7,6,3,3,0,0,0,63,18,45,2,1,1
Total,State - HARYANA,Other religious communities,70-79,63,33,30,12,11,1,3,3,0,1,1,0,48,19,29,0,0,0
Total,State - HARYANA,Other religious communities,80+,32,14,18,3,2,1,0,0,0,0,0,0,29,12,17,0,0,0
Total,State - HARYANA,Other religious communities,Age not stated,15,5,10,3,2,1,0,0,0,0,0,0,12,3,9,0,0,0
Total,State - HARYANA,Other religious communities,15-59,1607,718,889,678,477,201,120,58,62,53,32,21,809,183,626,203,41,162
Total,State - HARYANA,Other religious communities,60+,206,103,103,57,48,9,9,6,3,1,1,0,140,49,91,2,1,1
Rural,State - HARYANA,All religious communities,Total,16509359,8774006,7735353,4435805,3672588,763217,1567307,719626,847681,660074,441966,218108,10506247,4381792,6124455,665505,319751,345754
Rural,State - HARYANA,All religious communities,5-9,1679882,920472,759410,8147,4790,3357,8334,4561,3773,1350,783,567,1663401,911121,752280,8242,4650,3592
Rural,State - HARYANA,All religious communities,10-14,1812859,996086,816773,24473,16947,7526,39348,20919,18429,8357,5386,2971,1749038,958220,790818,22263,13765,8498
Rural,State - HARYANA,All religious communities,15-19,1799991,994391,805600,183847,150684,33163,155077,88786,66291,74319,52472,21847,1461067,754921,706146,189996,119265,70731
Rural,State - HARYANA,All religious communities,20-24,1658579,889577,769002,546689,459657,87032,243925,129758,114167,133237,93901,39336,867965,300162,567803,213038,115519,97519
Rural,State - HARYANA,All religious communities,25-29,1384241,737729,646512,663073,557993,105080,220722,104836,115886,110832,74712,36120,500446,74900,425546,93399,34368,59031
Rural,State - HARYANA,All religious communities,30-34,1174200,605409,568791,604520,497155,107365,190052,78693,111359,85437,54359,31078,379628,29561,350067,45448,10506,34942
Rural,State - HARYANA,All religious communities,35-39,1097613,569510,528103,589442,479141,110301,177184,70445,106739,74853,47513,27340,330987,19924,311063,30129,5243,24886
Rural,State - HARYANA,All religious communities,40-49,1712423,899294,813129,924300,757787,166513,262748,102546,160202,99417,63791,35626,525375,38961,486414,33949,6890,27059
Rural,State - HARYANA,All religious communities,50-59,1053176,534839,518337,515420,428234,87186,144136,56320,87816,43968,28825,15143,393620,50285,343335,14847,3872,10975
Rural,State - HARYANA,All religious communities,60-69,917384,448375,469009,286428,242993,43435,96223,45678,50545,22589,16054,6535,534733,159704,375029,9936,3692,6244
Rural,State - HARYANA,All religious communities,70-79,397362,198875,198487,66269,57832,8437,21754,12824,8930,3905,2926,979,309339,128219,181120,2631,1254,1377
Rural,State - HARYANA,All religious communities,80+,198145,97815,100330,18696,15785,2911,6156,3512,2644,1180,836,344,173293,78518,94775,1000,443,557
Rural,State - HARYANA,All religious communities,Age not stated,20581,11011,9570,4501,3590,911,1648,748,900,630,408,222,14432,6673,7759,627,284,343
Rural,State - HARYANA,All religious communities,15-59,9880223,5230749,4649474,4027291,3330651,696640,1393844,631384,762460,622063,415573,206490,4459088,1268714,3190374,620806,295663,325143
Rural,State - HARYANA,All religious communities,60+,1512891,745065,767826,371393,316610,54783,124133,62014,62119,27674,19816,7858,1017365,366441,650924,13567,5389,8178
Rural,State - HARYANA,Hindu,Total,14128537,7524114,6604423,3875724,3184793,690931,1386072,625793,760279,576980,384132,192848,8866741,3713528,5153213,593808,286802,307006
Rural,State - HARYANA,Hindu,5-9,1375307,756847,618460,6881,4040,2841,7131,3934,3197,1171,692,479,1361295,748873,612422,6884,3868,3016
Rural,State - HARYANA,Hindu,10-14,1514547,833278,681269,19590,13484,6106,32396,17357,15039,6430,4114,2316,1462561,802437,660124,17722,10743,6979
Rural,State - HARYANA,Hindu,15-19,1544648,855449,689199,147679,119809,27870,130514,74383,56131,62295,43512,18783,1266455,661257,605198,168000,105085,62915
Rural,State - HARYANA,Hindu,20-24,1437268,775031,662237,468800,391200,77600,213887,112405,101482,116873,81792,35081,754581,271426,483155,193707,106090,87617
Rural,State - HARYANA,Hindu,25-29,1211520,648442,563078,584890,488984,95906,196646,91985,104661,98422,65971,32451,429984,67473,362511,84698,31806,52892
Rural,State - HARYANA,Hindu,30-34,1029938,533153,496785,536004,437731,98273,170107,69254,100853,75660,47975,27685,323827,26168,297659,40862,9723,31139
Rural,State - HARYANA,Hindu,35-39,963134,501215,461919,522452,421685,100767,158684,62019,96665,66231,41902,24329,281998,17511,264487,26781,4784,21997
Rural,State - HARYANA,Hindu,40-49,1499710,788959,710751,816165,663987,152178,235719,90244,145475,87540,55943,31597,447826,34728,413098,29903,6264,23639
Rural,State - HARYANA,Hindu,50-59,922929,469011,453918,453420,374035,79385,129380,49591,79789,38313,25081,13232,340129,45385,294744,13010,3469,9541
Rural,State - HARYANA,Hindu,60-69,794888,386820,408068,244209,205101,39108,85451,39772,45679,19157,13621,5536,465228,141947,323281,8531,3227,5304
Rural,State - HARYANA,Hindu,70-79,345561,171936,173625,55860,48343,7517,19255,11154,8101,3337,2477,860,270446,112439,158007,2256,1081,1175
Rural,State - HARYANA,Hindu,80+,171587,84541,87046,15834,13268,2566,5414,3026,2388,992,691,301,150339,68247,82092,893,400,493
Rural,State - HARYANA,Hindu,Age not stated,17805,9517,8288,3940,3126,814,1488,669,819,559,361,198,12377,5722,6655,561,262,299
Rural,State - HARYANA,Hindu,15-59,8609147,4571260,4037887,3529410,2897431,631979,1234937,549881,685056,545334,362176,183158,3844800,1123948,2720852,556961,267221,289740
Rural,State - HARYANA,Hindu,60+,1312036,643297,668739,315903,266712,49191,110120,53952,56168,23486,16789,6697,886013,322633,563380,11680,4708,6972
Rural,State - HARYANA,Muslim,Total,1424576,747559,677017,278685,238331,40354,121744,68040,53704,55846,41949,13897,1024147,441188,582959,31730,17610,14120
Rural,State - HARYANA,Muslim,5-9,226454,119489,106965,811,457,354,957,493,464,139,67,72,224686,118539,106147,855,493,362
Rural,State - HARYANA,Muslim,10-14,208953,112045,96908,3481,2347,1134,5676,2835,2841,1516,1026,490,199796,106863,92933,3124,2157,967
Rural,State - HARYANA,Muslim,15-19,156670,84259,72411,23803,19792,4011,18179,10759,7420,8516,6683,1833,114688,53708,60980,11505,8328,3177
Rural,State - HARYANA,Muslim,20-24,124911,65445,59466,44352,38512,5840,21018,12717,8301,11124,8699,2425,59541,14216,45325,7033,4181,2852
Rural,State - HARYANA,Muslim,25-29,92858,48921,43937,40734,35694,5040,16430,9542,6888,8419,6401,2018,35694,3685,32009,2945,1052,1893
Rural,State - HARYANA,Muslim,30-34,74439,37358,37081,33583,28734,4849,13140,6989,6151,6505,4704,1801,27716,1635,26081,1767,358,1409
Rural,State - HARYANA,Muslim,35-39,68791,35146,33645,32794,27761,5033,12099,6266,5833,5745,4145,1600,23898,1119,22779,1376,213,1163
Rural,State - HARYANA,Muslim,40-49,100092,52827,47265,49370,42211,7159,16853,8776,8077,7669,5594,2075,33869,1840,32029,1616,305,1311
Rural,State - HARYANA,Muslim,50-59,58541,29581,28960,26969,22955,4014,9126,4652,4474,3642,2644,998,22446,1974,20472,764,209,555
Rural,State - HARYANA,Muslim,60-69,53699,27178,26521,17536,15286,2250,6350,3718,2632,2080,1585,495,29813,8174,21639,544,208,336
Rural,State - HARYANA,Muslim,70-79,21145,11184,9961,4048,3564,484,1429,974,455,340,280,60,15668,6646,9022,143,73,70
Rural,State - HARYANA,Muslim,80+,9369,4758,4611,1053,895,158,418,282,136,119,99,20,7898,3581,4317,38,22,16
Rural,State - HARYANA,Muslim,Age not stated,979,517,462,151,123,28,69,37,32,32,22,10,759,357,402,20,11,9
Rural,State - HARYANA,Muslim,15-59,676302,353537,322765,251605,215659,35946,106845,59701,47144,51620,38870,12750,317852,78177,239675,27006,14646,12360
Rural,State - HARYANA,Muslim,60+,84213,43120,41093,22637,19745,2892,8197,4974,3223,2539,1964,575,53379,18401,34978,725,303,422
Rural,State - HARYANA,Christian,Total,17367,9235,8132,5021,4061,960,1366,772,594,601,436,165,10980,4402,6578,789,323,466
Rural,State - HARYANA,Christian,5-9,1636,850,786,10,4,6,4,2,2,0,0,0,1622,844,778,16,9,7
Rural,State - HARYANA,Christian,10-14,1827,943,884,46,29,17,30,13,17,9,4,5,1751,901,850,39,27,12
Rural,State - HARYANA,Christian,15-19,1871,980,891,239,191,48,136,74,62,71,50,21,1496,715,781,181,108,73
Rural,State - HARYANA,Christian,20-24,1994,1046,948,690,541,149,220,129,91,123,91,32,1084,376,708,219,92,127
Rural,State - HARYANA,Christian,25-29,1489,821,668,717,587,130,178,114,64,91,73,18,594,120,474,127,43,84
Rural,State - HARYANA,Christian,30-34,1287,681,606,659,553,106,174,83,91,72,47,25,454,45,409,64,13,51
Rural,State - HARYANA,Christian,35-39,1120,623,497,620,505,115,147,82,65,70,44,26,353,36,317,48,8,40
Rural,State - HARYANA,Christian,40-49,1866,1016,850,1037,826,211,239,138,101,98,79,19,590,52,538,58,10,48
Rural,State - HARYANA,Christian,50-59,1133,611,522,595,483,112,116,68,48,37,25,12,422,60,362,24,9,15
Rural,State - HARYANA,Christian,60-69,913,473,440,308,262,46,92,53,39,24,19,5,513,158,355,8,3,5
Rural,State - HARYANA,Christian,70-79,373,193,180,65,57,8,21,12,9,3,2,1,287,124,163,3,1,2
Rural,State - HARYANA,Christian,80+,197,100,97,29,18,11,5,3,2,2,1,1,163,79,84,2,0,2
Rural,State - HARYANA,Christian,Age not stated,23,11,12,6,5,1,4,1,3,1,1,0,13,5,8,0,0,0
Rural,State - HARYANA,Christian,15-59,10760,5778,4982,4557,3686,871,1210,688,522,562,409,153,4993,1404,3589,721,283,438
Rural,State - HARYANA,Christian,60+,1483,766,717,402,337,65,118,68,50,29,22,7,963,361,602,13,4,9
Rural,State - HARYANA,Sikh,Total,912937,479305,433632,270728,240925,29803,56357,24136,32221,25833,14906,10927,585852,214244,371608,38031,14409,23622
Rural,State - HARYANA,Sikh,5-9,73386,41535,31851,398,263,135,215,120,95,31,19,12,72773,41152,31621,461,262,199
Rural,State - HARYANA,Sikh,10-14,84588,48181,36407,1294,1045,249,1168,669,499,380,230,150,82126,46467,35659,1345,817,528
Rural,State - HARYANA,Sikh,15-19,93930,52118,41812,11835,10660,1175,6011,3435,2576,3320,2146,1174,76084,38023,38061,9959,5521,4438
Rural,State - HARYANA,Sikh,20-24,91672,46556,45116,31951,28678,3273,8435,4288,4147,4921,3167,1754,51286,13590,37696,11712,4952,6760
Rural,State - HARYANA,Sikh,25-29,76287,38417,37870,35735,31921,3814,7205,3042,4163,3760,2165,1595,33347,3454,29893,5453,1396,4057
Rural,State - HARYANA,Sikh,30-34,67004,33422,33582,33492,29505,3987,6436,2267,4169,3104,1566,1538,27076,1650,25426,2692,395,2297
Rural,State - HARYANA,Sikh,35-39,63300,31893,31407,32919,28663,4256,6101,2022,4079,2734,1382,1352,24280,1208,23072,1874,219,1655
Rural,State - HARYANA,Sikh,40-49,108891,55586,53305,56762,50000,6762,9715,3313,6402,4016,2127,1889,42414,2273,40141,2326,296,2030
Rural,State - HARYANA,Sikh,50-59,69410,35123,34287,33916,30363,3553,5403,1971,3432,1942,1060,882,30091,2789,27302,1028,173,855
Rural,State - HARYANA,Sikh,60-69,66883,33483,33400,24093,22133,1960,4246,2099,2147,1302,814,488,38544,9251,29293,846,251,595
Rural,State - HARYANA,Sikh,70-79,29688,15299,14389,6214,5801,413,1029,674,355,221,163,58,22445,8824,13621,226,98,128
Rural,State - HARYANA,Sikh,80+,16661,8276,8385,1756,1590,166,313,197,116,67,45,22,14592,6489,8103,66,20,46
Rural,State - HARYANA,Sikh,Age not stated,1519,819,700,363,303,60,80,39,41,35,22,13,1076,477,599,43,9,34
Rural,State - HARYANA,Sikh,15-59,570494,293115,277379,236610,209790,26820,49306,20338,28968,23797,13613,10184,284578,62987,221591,35044,12952,22092
Rural,State - HARYANA,Sikh,60+,113232,57058,56174,32063,29524,2539,5588,2970,2618,1590,1022,568,75581,24564,51017,1138,369,769
Rural,State - HARYANA,Buddhist,Total,2844,1562,1282,610,534,76,301,156,145,184,120,64,1933,872,1061,131,61,70
Rural,State - HARYANA,Buddhist,5-9,373,201,172,2,2,0,5,3,2,2,2,0,366,196,170,4,2,2
Rural,State - HARYANA,Buddhist,10-14,349,201,148,7,6,1,5,3,2,0,0,0,337,192,145,2,1,1
Rural,State - HARYANA,Buddhist,15-19,282,161,121,27,26,1,42,26,16,27,21,6,213,109,104,26,21,5
Rural,State - HARYANA,Buddhist,20-24,276,139,137,87,74,13,50,26,24,28,22,6,139,39,100,41,15,26
Rural,State - HARYANA,Buddhist,25-29,221,124,97,89,82,7,46,23,23,28,18,10,86,19,67,28,11,17
Rural,State - HARYANA,Buddhist,30-34,194,111,83,92,82,10,37,23,14,25,18,7,65,6,59,10,3,7
Rural,State - HARYANA,Buddhist,35-39,153,83,70,76,65,11,25,10,15,17,9,8,52,8,44,7,4,3
Rural,State - HARYANA,Buddhist,40-49,237,143,94,133,118,15,42,20,22,27,15,12,62,5,57,8,1,7
Rural,State - HARYANA,Buddhist,50-59,134,66,68,56,48,8,24,8,16,13,5,8,54,10,44,3,2,1
Rural,State - HARYANA,Buddhist,60-69,140,68,72,33,25,8,21,12,9,16,9,7,86,31,55,2,1,1
Rural,State - HARYANA,Buddhist,70-79,63,30,33,4,4,0,3,2,1,1,1,0,56,24,32,0,0,0
Rural,State - HARYANA,Buddhist,80+,30,12,18,4,2,2,0,0,0,0,0,0,26,10,16,0,0,0
Rural,State - HARYANA,Buddhist,Age not stated,4,3,1,0,0,0,1,0,1,0,0,0,3,3,0,0,0,0
Rural,State - HARYANA,Buddhist,15-59,1497,827,670,560,495,65,266,136,130,165,108,57,671,196,475,123,57,66
Rural,State - HARYANA,Buddhist,60+,233,110,123,41,31,10,24,14,10,17,10,7,168,65,103,2,1,1
Rural,State - HARYANA,Jain,Total,3515,1871,1644,940,819,121,215,98,117,67,49,18,2360,954,1406,162,67,95
Rural,State - HARYANA,Jain,5-9,310,172,138,4,2,2,2,0,2,0,0,0,304,170,134,1,1,0
Rural,State - HARYANA,Jain,10-14,371,197,174,3,0,3,17,11,6,1,1,0,351,186,165,4,3,1
Rural,State - HARYANA,Jain,15-19,371,203,168,26,21,5,27,14,13,8,6,2,318,168,150,33,17,16
Rural,State - HARYANA,Jain,20-24,361,191,170,95,85,10,40,21,19,22,15,7,226,85,141,62,28,34
Rural,State - HARYANA,Jain,25-29,275,145,130,126,110,16,26,11,15,9,7,2,123,24,99,31,12,19
Rural,State - HARYANA,Jain,30-34,230,112,118,114,101,13,15,5,10,5,3,2,101,6,95,10,0,10
Rural,State - HARYANA,Jain,35-39,222,116,106,111,100,11,23,10,13,9,7,2,88,6,82,3,0,3
Rural,State - HARYANA,Jain,40-49,417,229,188,241,206,35,30,10,20,5,4,1,146,13,133,9,2,7
Rural,State - HARYANA,Jain,50-59,233,124,109,123,108,15,14,4,10,3,2,1,96,12,84,5,3,2
Rural,State - HARYANA,Jain,60-69,208,103,105,76,66,10,12,5,7,3,2,1,120,32,88,3,1,2
Rural,State - HARYANA,Jain,70-79,122,62,60,15,14,1,7,5,2,2,2,0,100,43,57,0,0,0
Rural,State - HARYANA,Jain,80+,49,23,26,6,6,0,2,2,0,0,0,0,41,15,26,0,0,0
Rural,State - HARYANA,Jain,Age not stated,5,2,3,0,0,0,0,0,0,0,0,0,5,2,3,1,0,1
Rural,State - HARYANA,Jain,15-59,2109,1120,989,836,731,105,175,75,100,61,44,17,1098,314,784,153,62,91
Rural,State - HARYANA,Jain,60+,379,188,191,97,86,11,21,12,9,5,4,1,261,90,171,3,1,2
Rural,State - HARYANA,Other religious communities,Total,1013,504,509,298,208,90,76,33,43,34,17,17,639,263,376,41,21,20
Rural,State - HARYANA,Other religious communities,5-9,94,50,44,0,0,0,1,0,1,1,0,1,93,50,43,1,1,0
Rural,State - HARYANA,Other religious communities,10-14,118,62,56,0,0,0,4,1,3,0,0,0,114,61,53,3,2,1
Rural,State - HARYANA,Other religious communities,15-19,124,65,59,14,11,3,12,5,7,7,2,5,98,49,49,10,6,4
Rural,State - HARYANA,Other religious communities,20-24,116,53,63,41,28,13,12,6,6,7,4,3,63,19,44,16,8,8
Rural,State - HARYANA,Other religious communities,25-29,90,39,51,60,33,27,6,3,3,2,2,0,24,3,21,5,2,3
Rural,State - HARYANA,Other religious communities,30-34,79,42,37,51,34,17,12,8,4,7,4,3,16,0,16,1,0,1
Rural,State - HARYANA,Other religious communities,35-39,43,21,22,26,21,5,4,0,4,1,0,1,13,0,13,2,0,2
Rural,State - HARYANA,Other religious communities,40-49,92,41,51,47,34,13,13,3,10,6,3,3,32,4,28,2,1,1
Rural,State - HARYANA,Other religious communities,50-59,57,35,22,35,28,7,6,4,2,2,1,1,16,3,13,1,1,0
Rural,State - HARYANA,Other religious communities,60-69,48,22,26,15,12,3,5,2,3,0,0,0,28,8,20,0,0,0
Rural,State - HARYANA,Other religious communities,70-79,25,12,13,6,5,1,1,1,0,1,1,0,18,6,12,0,0,0
Rural,State - HARYANA,Other religious communities,80+,15,9,6,0,0,0,0,0,0,0,0,0,15,9,6,0,0,0
Rural,State - HARYANA,Other religious communities,Age not stated,11,4,7,3,2,1,0,0,0,0,0,0,8,2,6,0,0,0
Rural,State - HARYANA,Other religious communities,15-59,601,296,305,274,189,85,65,29,36,32,16,16,262,78,184,37,18,19
Rural,State - HARYANA,Other religious communities,60+,88,43,45,21,17,4,6,3,3,1,1,0,61,23,38,0,0,0
Urban,State - HARYANA,All religious communities,Total,8842103,4720728,4121375,2579478,2188012,391466,333918,226410,107508,159570,116886,42684,5928707,2306306,3622401,428085,194090,233995
Urban,State - HARYANA,All religious communities,5-9,818875,451353,367522,6470,3812,2658,8789,4906,3883,2137,1252,885,803616,442635,360981,6255,3584,2671
Urban,State - HARYANA,All religious communities,10-14,855819,478050,377769,14402,10213,4189,13239,7857,5382,3937,2532,1405,828178,459980,368198,12784,7887,4897
Urban,State - HARYANA,All religious communities,15-19,877399,493157,384242,81000,68360,12640,31714,22474,9240,16780,12610,4170,764685,402323,362362,86382,55006,31376
Urban,State - HARYANA,All religious communities,20-24,908907,483222,425685,261633,224526,37107,52642,37919,14723,31173,23413,7760,594632,220777,373855,135210,71120,64090
Urban,State - HARYANA,All religious communities,25-29,847718,440611,407107,402996,340336,62660,49420,34929,14491,26891,19969,6922,395302,65346,329956,77893,27805,50088
Urban,State - HARYANA,All religious communities,30-34,719391,371435,347956,379230,319867,59363,39792,26670,13122,20291,14669,5622,300369,24898,275471,37840,9007,28833
Urban,State - HARYANA,All religious communities,35-39,664250,343207,321043,362297,303135,59162,36118,23416,12702,17865,12686,5179,265835,16656,249179,25312,4683,20629
Urban,State - HARYANA,All religious communities,40-49,1035341,547036,488305,571074,484431,86643,51703,34014,17689,23124,16776,6348,412564,28591,383973,25544,5951,19593
Urban,State - HARYANA,All religious communities,50-59,662990,350058,312932,339029,291034,47995,27089,17966,9123,10141,7470,2671,296872,41058,255814,11003,3959,7044
Urban,State - HARYANA,All religious communities,60-69,431404,220853,210551,119277,105681,13596,16720,11634,5086,5509,4225,1284,295407,103538,191869,7165,3770,3395
Urban,State - HARYANA,All religious communities,70-79,173016,87121,85895,29359,25954,3405,4478,3158,1320,1091,835,256,139179,58009,81170,1631,821,810
Urban,State - HARYANA,All religious communities,80+,76444,35582,40862,9894,8439,1455,1696,1128,568,432,315,117,64854,26015,38839,723,334,389
Urban,State - HARYANA,All religious communities,Age not stated,10953,5877,5076,2817,2224,593,518,339,179,199,134,65,7618,3314,4304,343,163,180
Urban,State - HARYANA,All religious communities,15-59,5715996,3028726,2687270,2397259,2031689,365570,288478,197388,91090,146265,107593,38672,3030259,799649,2230610,399184,177531,221653
Urban,State - HARYANA,All religious communities,60+,680864,343556,337308,158530,140074,18456,22894,15920,6974,7032,5375,1657,499440,187562,311878,9519,4925,4594
Urban,State - HARYANA,Hindu,Total,8042591,4296968,3745623,2350007,1992822,357185,302267,205302,96965,146189,106996,39193,5390317,2098844,3291473,394016,178564,215452
Urban,State - HARYANA,Hindu,5-9,736801,406992,329809,5695,3354,2341,7684,4304,3380,1848,1078,770,723422,399334,324088,5599,3201,2398
Urban,State - HARYANA,Hindu,10-14,772272,432346,339926,12251,8705,3546,11583,6880,4703,3451,2229,1222,748438,416761,331677,11422,7032,4390
Urban,State - HARYANA,Hindu,15-19,795874,447849,348025,69882,59179,10703,28120,19958,8162,15152,11369,3783,697872,368712,329160,78476,50085,28391
Urban,State - HARYANA,Hindu,20-24,827971,440253,387718,234783,201559,33224,47699,34425,13274,28561,21443,7118,545489,204269,341220,125128,65848,59280
Urban,State - HARYANA,Hindu,25-29,775104,402786,372318,367528,310316,57212,44980,31863,13117,24778,18389,6389,362596,60607,301989,72379,25917,46462
Urban,State - HARYANA,Hindu,30-34,657730,339794,317936,346989,292552,54437,36285,24327,11958,18709,13509,5200,274456,22915,251541,34965,8385,26580
Urban,State - HARYANA,Hindu,35-39,607857,314206,293651,331873,277578,54295,32981,21395,11586,16462,11642,4820,243003,15233,227770,23328,4309,19019
Urban,State - HARYANA,Hindu,40-49,949375,501878,447497,524550,444609,79941,47069,31062,16007,21281,15431,5850,377756,26207,351549,23563,5488,18075
Urban,State - HARYANA,Hindu,50-59,608496,321773,286723,311665,267449,44216,24813,16457,8356,9410,6919,2491,272018,37867,234151,10126,3631,6495
Urban,State - HARYANA,Hindu,60-69,392287,200851,191436,107196,94863,12333,15073,10509,4564,4986,3831,1155,270018,95479,174539,6585,3479,3106
Urban,State - HARYANA,Hindu,70-79,156544,78604,77940,26191,23112,3079,3984,2793,1191,971,736,235,126369,52699,73670,1474,739,735
Urban,State - HARYANA,Hindu,80+,69116,31875,37241,8831,7510,1321,1514,1014,500,391,292,99,58771,23351,35420,660,304,356
Urban,State - HARYANA,Hindu,Age not stated,9917,5326,4591,2573,2036,537,482,315,167,189,128,61,6862,2975,3887,311,146,165
Urban,State - HARYANA,Hindu,15-59,5222407,2768539,2453868,2187270,1853242,334028,261947,179487,82460,134353,98702,35651,2773190,735810,2037380,367965,163663,204302
Urban,State - HARYANA,Hindu,60+,617947,311330,306617,142218,125485,16733,20571,14316,6255,6348,4859,1489,455158,171529,283629,8719,4522,4197
Urban,State - HARYANA,Muslim,Total,356766,192468,164298,95512,82495,13017,17629,12119,5510,7569,5800,1769,243625,97854,145771,12377,5885,6492
Urban,State - HARYANA,Muslim,5-9,48215,25396,22819,482,287,195,678,372,306,212,128,84,47055,24737,22318,374,219,155
Urban,State - HARYANA,Muslim,10-14,46223,24613,21610,1614,1117,497,1061,638,423,346,223,123,43548,22858,20690,852,516,336
Urban,State - HARYANA,Muslim,15-19,40924,22738,18186,8055,6650,1405,2306,1636,670,1009,787,222,30563,14452,16111,3820,2464,1356
Urban,State - HARYANA,Muslim,20-24,37627,20514,17113,14993,13215,1778,2815,2048,767,1364,1071,293,19819,5251,14568,2989,1590,1399
Urban,State - HARYANA,Muslim,25-29,31823,17243,14580,15867,13975,1892,2475,1765,710,1121,881,240,13481,1503,11978,1566,490,1076
Urban,State - HARYANA,Muslim,30-34,25777,13664,12113,13448,11625,1823,1989,1377,612,938,713,225,10340,662,9678,917,159,758
Urban,State - HARYANA,Muslim,35-39,23389,12641,10748,12795,10927,1868,1802,1207,595,834,650,184,8792,507,8285,706,123,583
Urban,State - HARYANA,Muslim,40-49,29595,16893,12702,16619,14487,2132,2467,1656,811,1044,794,250,10509,750,9759,662,127,535
Urban,State - HARYANA,Muslim,50-59,13980,7719,6261,7110,6226,884,1046,716,330,361,284,77,5824,777,5047,256,88,168
Urban,State - HARYANA,Muslim,60-69,9588,5093,4495,3410,3015,395,701,494,207,259,206,53,5477,1584,3893,158,68,90
Urban,State - HARYANA,Muslim,70-79,3357,1804,1553,741,649,92,197,154,43,56,48,8,2419,1001,1418,51,28,23
Urban,State - HARYANA,Muslim,80+,1594,832,762,319,275,44,77,47,30,20,12,8,1198,510,688,21,9,12
Urban,State - HARYANA,Muslim,Age not stated,314,169,145,59,47,12,15,9,6,5,3,2,240,113,127,5,4,1
Urban,State - HARYANA,Muslim,15-59,203115,111412,91703,88887,77105,11782,14900,10405,4495,6671,5180,1491,99328,23902,75426,10916,5041,5875
Urban,State - HARYANA,Muslim,60+,14539,7729,6810,4470,3939,531,975,695,280,335,266,69,9094,3095,5999,230,105,125
Urban,State - HARYANA,Christian,Total,32986,16930,16056,12663,8808,3855,1262,790,472,493,339,154,19061,7332,11729,1387,588,799
Urban,State - HARYANA,Christian,5-9,2560,1375,1185,21,11,10,57,36,21,11,8,3,2482,1328,1154,25,9,16
Urban,State - HARYANA,Christian,10-14,2535,1340,1195,43,28,15,66,37,29,20,11,9,2426,1275,1151,38,23,15
Urban,State - HARYANA,Christian,15-19,2731,1437,1294,316,198,118,103,72,31,44,30,14,2312,1167,1145,209,118,91
Urban,State - HARYANA,Christian,20-24,3420,1666,1754,1268,767,501,202,120,82,96,69,27,1950,779,1171,405,210,195
Urban,State - HARYANA,Christian,25-29,3541,1769,1772,2089,1397,692,187,109,78,84,56,28,1265,263,1002,276,109,167
Urban,State - HARYANA,Christian,30-34,3125,1622,1503,2030,1447,583,137,89,48,55,39,16,958,86,872,147,30,117
Urban,State - HARYANA,Christian,35-39,2620,1332,1288,1701,1186,515,124,86,38,44,30,14,795,60,735,89,15,74
Urban,State - HARYANA,Christian,40-49,4278,2194,2084,2738,1978,760,197,114,83,73,49,24,1343,102,1241,96,21,75
Urban,State - HARYANA,Christian,50-59,3049,1555,1494,1768,1286,482,109,71,38,44,30,14,1172,198,974,57,26,31
Urban,State - HARYANA,Christian,60-69,1647,859,788,527,389,138,58,43,15,17,14,3,1062,427,635,32,21,11
Urban,State - HARYANA,Christian,70-79,664,321,343,111,83,28,19,12,7,4,3,1,534,226,308,7,2,5
Urban,State - HARYANA,Christian,80+,260,112,148,33,27,6,2,1,1,0,0,0,225,84,141,5,3,2
Urban,State - HARYANA,Christian,Age not stated,33,18,15,18,11,7,1,0,1,1,0,1,14,7,7,1,1,0
Urban,State - HARYANA,Christian,15-59,22764,11575,11189,11910,8259,3651,1059,661,398,440,303,137,9795,2655,7140,1279,529,750
Urban,State - HARYANA,Christian,60+,2571,1292,1279,671,499,172,79,56,23,21,17,4,1821,737,1084,44,26,18
Urban,State - HARYANA,Sikh,Total,330815,174163,156652,98947,85249,13698,10038,6675,3363,4448,3191,1257,221830,82239,139591,16711,7514,9197
Urban,State - HARYANA,Sikh,5-9,24148,13708,10440,169,102,67,233,132,101,50,32,18,23746,13474,10272,203,117,86
Urban,State - HARYANA,Sikh,10-14,27430,15771,11659,366,270,96,336,193,143,87,44,43,26728,15308,11420,388,269,119
Urban,State - HARYANA,Sikh,15-19,30710,17191,13519,2269,1980,289,863,605,258,455,335,120,27578,14606,12972,3052,1876,1176
Urban,State - HARYANA,Sikh,20-24,32442,16924,15518,8573,7369,1204,1483,1059,424,945,693,252,22386,8496,13890,5614,2921,2693
Urban,State - HARYANA,Sikh,25-29,29755,15124,14631,13948,11754,2194,1382,955,427,732,528,204,14425,2415,12010,3016,1077,1939
Urban,State - HARYANA,Sikh,30-34,26190,13143,13047,13398,11443,1955,1080,707,373,493,354,139,11712,993,10719,1487,366,1121
Urban,State - HARYANA,Sikh,35-39,24737,12357,12380,13007,11043,1964,976,613,363,455,321,134,10754,701,10053,989,194,795
Urban,State - HARYANA,Sikh,40-49,43256,21821,21435,22597,19491,3106,1620,1019,601,635,450,185,19039,1311,17728,1014,270,744
Urban,State - HARYANA,Sikh,50-59,30735,15793,14942,15227,13259,1968,948,627,321,290,214,76,14560,1907,12653,478,181,297
Urban,State - HARYANA,Sikh,60-69,23414,11837,11577,6744,6156,588,783,524,259,233,165,68,15887,5157,10730,338,175,163
Urban,State - HARYANA,Sikh,70-79,10578,5486,5092,1922,1751,171,233,174,59,57,46,11,8423,3561,4862,85,46,39
Urban,State - HARYANA,Sikh,80+,4703,2435,2268,596,528,68,83,54,29,13,7,6,4024,1853,2171,30,16,14
Urban,State - HARYANA,Sikh,Age not stated,473,241,232,131,103,28,18,13,5,3,2,1,324,125,199,17,6,11
Urban,State - HARYANA,Sikh,15-59,217825,112353,105472,89019,76339,12680,8352,5585,2767,4005,2895,1110,120454,30429,90025,15650,6885,8765
Urban,State - HARYANA,Sikh,60+,38695,19758,18937,9262,8435,827,1099,752,347,303,218,85,28334,10571,17763,453,237,216
Urban,State - HARYANA,Buddhist,Total,4670,2537,2133,1623,1363,260,155,97,58,54,36,18,2892,1077,1815,181,77,104
Urban,State - HARYANA,Buddhist,5-9,450,226,224,5,3,2,4,0,4,0,0,0,441,223,218,3,2,1
Urban,State - HARYANA,Buddhist,10-14,440,228,212,8,7,1,8,5,3,0,0,0,424,216,208,6,5,1
Urban,State - HARYANA,Buddhist,15-19,335,173,162,32,23,9,11,7,4,6,4,2,292,143,149,30,20,10
Urban,State - HARYANA,Buddhist,20-24,433,237,196,178,140,38,24,13,11,13,8,5,231,84,147,45,16,29
Urban,State - HARYANA,Buddhist,25-29,627,373,254,358,320,38,29,19,10,10,7,3,240,34,206,44,18,26
Urban,State - HARYANA,Buddhist,30-34,499,283,216,306,249,57,26,21,5,7,6,1,167,13,154,28,6,22
Urban,State - HARYANA,Buddhist,35-39,369,203,166,226,186,40,15,9,6,6,4,2,128,8,120,11,3,8
Urban,State - HARYANA,Buddhist,40-49,503,293,210,320,269,51,23,13,10,9,5,4,160,11,149,5,3,2
Urban,State - HARYANA,Buddhist,50-59,267,137,130,132,116,16,7,5,2,3,2,1,128,16,112,4,1,3
Urban,State - HARYANA,Buddhist,60-69,194,98,96,47,39,8,5,3,2,0,0,0,142,56,86,4,2,2
Urban,State - HARYANA,Buddhist,70-79,61,33,28,8,8,0,2,2,0,0,0,0,51,23,28,1,1,0
Urban,State - HARYANA,Buddhist,80+,22,7,15,2,2,0,1,0,1,0,0,0,19,5,14,0,0,0
Urban,State - HARYANA,Buddhist,Age not stated,5,4,1,1,1,0,0,0,0,0,0,0,4,3,1,0,0,0
Urban,State - HARYANA,Buddhist,15-59,3033,1699,1334,1552,1303,249,135,87,48,54,36,18,1346,309,1037,167,67,100
Urban,State - HARYANA,Buddhist,60+,277,138,139,57,49,8,8,5,3,0,0,0,212,84,128,5,3,2
Urban,State - HARYANA,Jain,Total,49098,25487,23611,16058,13807,2251,865,529,336,241,153,88,32175,11151,21024,1786,722,1064
Urban,State - HARYANA,Jain,5-9,3600,1919,1681,21,10,11,28,10,18,2,1,1,3551,1899,1652,18,12,6
Urban,State - HARYANA,Jain,10-14,3739,2117,1622,44,27,17,39,25,14,3,2,1,3656,2065,1591,29,16,13
Urban,State - HARYANA,Jain,15-19,3698,2071,1627,128,103,25,55,36,19,15,11,4,3515,1932,1583,250,156,94
Urban,State - HARYANA,Jain,20-24,4224,2204,2020,1066,865,201,121,69,52,51,36,15,3037,1270,1767,635,321,314
Urban,State - HARYANA,Jain,25-29,4605,2274,2331,2327,1898,429,126,77,49,56,33,23,2152,299,1853,358,104,254
Urban,State - HARYANA,Jain,30-34,4315,2178,2137,2358,2001,357,95,59,36,28,14,14,1862,118,1744,173,31,142
Urban,State - HARYANA,Jain,35-39,3858,1950,1908,2128,1808,320,88,53,35,28,18,10,1642,89,1553,111,24,87
Urban,State - HARYANA,Jain,40-49,6531,3311,3220,3576,3123,453,142,77,65,32,19,13,2813,111,2702,117,19,98
Urban,State - HARYANA,Jain,50-59,5392,2721,2671,2767,2461,306,85,58,27,16,10,6,2540,202,2338,51,15,36
Urban,State - HARYANA,Jain,60-69,3565,1855,1710,1199,1103,96,56,41,15,7,6,1,2310,711,1599,31,19,12
Urban,State - HARYANA,Jain,70-79,1507,753,754,345,321,24,22,16,6,1,1,0,1140,416,724,8,3,5
Urban,State - HARYANA,Jain,80+,581,259,322,93,82,11,8,8,0,2,2,0,480,169,311,2,1,1
Urban,State - HARYANA,Jain,Age not stated,32,13,19,6,5,1,0,0,0,0,0,0,26,8,18,3,1,2
Urban,State - HARYANA,Jain,15-59,32623,16709,15914,14350,12259,2091,712,429,283,226,141,85,17561,4021,13540,1695,670,1025
Urban,State - HARYANA,Jain,60+,5653,2867,2786,1637,1506,131,86,65,21,10,9,1,3930,1296,2634,41,23,18
Urban,State - HARYANA,Other religious communities,Total,1535,607,928,441,320,121,67,35,32,22,17,5,1027,252,775,170,26,144
Urban,State - HARYANA,Other religious communities,5-9,103,45,58,0,0,0,1,0,1,0,0,0,102,45,57,1,1,0
Urban,State - HARYANA,Other religious communities,10-14,226,42,184,1,1,0,8,3,5,1,1,0,217,38,179,1,1,0
Urban,State - HARYANA,Other religious communities,15-19,271,63,208,16,10,6,5,4,1,3,2,1,250,49,201,110,9,101
Urban,State - HARYANA,Other religious communities,20-24,129,67,62,43,30,13,10,6,4,7,5,2,76,31,45,22,9,13
Urban,State - HARYANA,Other religious communities,25-29,116,50,66,64,42,22,7,3,4,2,2,0,45,5,40,18,2,16
Urban,State - HARYANA,Other religious communities,30-34,102,50,52,56,42,14,9,6,3,3,2,1,37,2,35,9,1,8
Urban,State - HARYANA,Other religious communities,35-39,95,42,53,51,36,15,6,3,3,1,1,0,38,3,35,1,1,0
Urban,State - HARYANA,Other religious communities,40-49,178,91,87,109,79,30,14,6,8,5,4,1,55,6,49,4,0,4
Urban,State - HARYANA,Other religious communities,50-59,115,59,56,65,49,16,4,1,3,0,0,0,46,9,37,2,1,1
Urban,State - HARYANA,Other religious communities,60-69,63,34,29,27,23,4,1,1,0,0,0,0,35,10,25,2,1,1
Urban,State - HARYANA,Other religious communities,70-79,38,21,17,6,6,0,2,2,0,0,0,0,30,13,17,0,0,0
Urban,State - HARYANA,Other religious communities,80+,17,5,12,3,2,1,0,0,0,0,0,0,14,3,11,0,0,0
Urban,State - HARYANA,Other religious communities,Age not stated,4,1,3,0,0,0,0,0,0,0,0,0,4,1,3,0,0,0
Urban,State - HARYANA,Other religious communities,15-59,1006,422,584,404,288,116,55,29,26,21,16,5,547,105,442,166,23,143
Urban,State - HARYANA,Other religious communities,60+,118,60,58,36,31,5,3,3,0,0,0,0,79,26,53,2,1,1
Total,State - NCT OF DELHI,All religious communities,Total,16787941,8987326,7800615,5307329,4562710,744619,279720,199316,80404,119411,91260,28151,11200892,4225300,6975592,632251,323569,308682
Total,State - NCT OF DELHI,All religious communities,5-9,1535972,829487,706485,6206,3721,2485,3367,1832,1535,698,403,295,1526399,823934,702465,5684,3209,2475
Total,State - NCT OF DELHI,All religious communities,10-14,1648147,895446,752701,20267,15308,4959,6477,3950,2527,1924,1302,622,1621403,876188,745215,16561,10658,5903
Total,State - NCT OF DELHI,All religious communities,15-19,1667375,925118,742257,166005,144527,21478,25083,18603,6480,11917,9295,2622,1476287,761988,714299,123368,82336,41032
Total,State - NCT OF DELHI,All religious communities,20-24,1764060,951411,812649,576850,494440,82410,50720,37842,12878,26614,20587,6027,1136490,419129,717361,221702,128893,92809
Total,State - NCT OF DELHI,All religious communities,25-29,1668326,878196,790130,855675,731594,124081,45740,33681,12059,21675,16631,5044,766911,112921,653990,119309,51849,67460
Total,State - NCT OF DELHI,All religious communities,30-34,1434699,757455,677244,804337,697616,106721,34811,24546,10265,15401,11621,3780,595551,35293,560258,54018,16216,37802
Total,State - NCT OF DELHI,All religious communities,35-39,1319244,698455,620789,765052,657660,107392,31473,21251,10222,13454,9918,3536,522719,19544,503175,33749,7517,26232
Total,State - NCT OF DELHI,All religious communities,40-49,2008410,1086085,922325,1191673,1022243,169430,44455,30781,13674,16945,13006,3939,772282,33061,739221,33435,9251,24184
Total,State - NCT OF DELHI,All religious communities,50-59,1196361,645407,550954,668208,572874,95334,21354,15154,6200,6639,5268,1371,506799,57379,449420,13501,6662,6839
Total,State - NCT OF DELHI,All religious communities,60-69,744471,377501,366970,199240,175406,23834,12141,8835,3306,3364,2651,713,533090,193260,339830,8172,5326,2846
Total,State - NCT OF DELHI,All religious communities,70-79,289943,145393,144550,37458,33346,4112,2754,1934,820,481,367,114,249731,110113,139618,1550,990,560
Total,State - NCT OF DELHI,All religious communities,80+,113031,53861,59170,12101,10364,1737,960,653,307,184,130,54,99970,42844,57126,744,428,316
Total,State - NCT OF DELHI,All religious communities,Age not stated,16702,9175,7527,4257,3611,646,385,254,131,115,81,34,12060,5310,6750,458,234,224
Total,State - NCT OF DELHI,All religious communities,15-59,11058475,5942127,5116348,5027800,4320954,706846,253636,181858,71778,112645,86326,26319,5777039,1439315,4337724,599082,302724,296358
Total,State - NCT OF DELHI,All religious communities,60+,1147445,576755,570690,248799,219116,29683,15855,11422,4433,4029,3148,881,882791,346217,536574,10466,6744,3722
Total,State - NCT OF DELHI,Hindu,Total,13712100,7353594,6358506,4378019,3744735,633284,226194,160880,65314,97448,74090,23358,9107887,3447979,5659908,529361,267830,261531
Total,State - NCT OF DELHI,Hindu,5-9,1222403,664860,557543,4977,2960,2017,2648,1437,1211,541,311,230,1214778,660463,554315,4535,2538,1997
Total,State - NCT OF DELHI,Hindu,10-14,1317526,719068,598458,14575,10764,3811,4758,2840,1918,1381,903,478,1298193,705464,592729,12359,7744,4615
Total,State - NCT OF DELHI,Hindu,15-19,1335693,744613,591080,120894,104242,16652,18698,13871,4827,8992,6965,2027,1196101,626500,569601,97997,64740,33257
Total,State - NCT OF DELHI,Hindu,20-24,1431953,772348,659605,456834,388520,68314,40588,30243,10345,21662,16697,4965,934531,353585,580946,188311,109001,79310
Total,State - NCT OF DELHI,Hindu,25-29,1376435,724581,651854,707676,601449,106227,37712,27754,9958,18074,13806,4268,631047,95378,535669,102686,44498,58188
Total,State - NCT OF DELHI,Hindu,30-34,1191004,627941,563063,670069,578178,91891,28776,20216,8560,12816,9623,3193,492159,29547,462612,46368,13910,32458
Total,State - NCT OF DELHI,Hindu,35-39,1096706,581204,515502,639530,547323,92207,25931,17473,8458,11238,8242,2996,431245,16408,414837,28754,6416,22338
Total,State - NCT OF DELHI,Hindu,40-49,1675566,905869,769697,997969,852984,144985,36559,25295,11264,14049,10722,3327,641038,27590,613448,28146,7739,20407
Total,State - NCT OF DELHI,Hindu,50-59,1000864,541192,459672,562784,481156,81628,17466,12392,5074,5410,4273,1137,420614,47644,372970,11094,5465,5629
Total,State - NCT OF DELHI,Hindu,60-69,614750,310855,303895,159366,139325,20041,9730,7071,2659,2662,2092,570,445654,164459,281195,6793,4408,2385
Total,State - NCT OF DELHI,Hindu,70-79,241719,120745,120974,29926,26439,3487,2259,1569,690,383,285,98,209534,92737,116797,1308,824,484
Total,State - NCT OF DELHI,Hindu,80+,93829,44474,49355,9908,8433,1475,764,522,242,153,110,43,83157,35519,47638,617,349,268
Total,State - NCT OF DELHI,Hindu,Age not stated,13601,7457,6144,3511,2962,549,305,197,108,87,61,26,9785,4298,5487,393,198,195
Total,State - NCT OF DELHI,Hindu,15-59,9108221,4897748,4210473,4155756,3553852,601904,205730,147244,58486,92241,70328,21913,4746735,1196652,3550083,503356,251769,251587
Total,State - NCT OF DELHI,Hindu,60+,950298,476074,474224,199200,174197,25003,12753,9162,3591,3198,2487,711,738345,292715,445630,8718,5581,3137
Total,State - NCT OF DELHI,Muslim,Total,2158684,1163934,994750,610639,564874,45765,42508,31661,10847,18109,14629,3480,1505537,567399,938138,72129,41769,30360
Total,State - NCT OF DELHI,Muslim,5-9,250866,130492,120374,977,603,374,581,326,255,134,84,50,249308,129563,119745,905,528,377
Total,State - NCT OF DELHI,Muslim,10-14,259831,137460,122371,5056,4078,978,1486,971,515,494,365,129,253289,132411,120878,3609,2558,1051
Total,State - NCT OF DELHI,Muslim,15-19,255028,139389,115639,40458,36790,3668,5673,4274,1399,2611,2111,500,208897,98325,110572,21018,14960,6058
Total,State - NCT OF DELHI,Muslim,20-24,246313,135499,110814,92462,86228,6234,8289,6473,1816,4003,3302,701,145562,42798,102764,22652,14246,8406
Total,State - NCT OF DELHI,Muslim,25-29,207365,111876,95489,101847,95258,6589,6324,4886,1438,2884,2361,523,99194,11732,87462,10522,4994,5528
Total,State - NCT OF DELHI,Muslim,30-34,168207,91526,76681,90239,84076,6163,4773,3547,1226,2110,1682,428,73195,3903,69292,4784,1542,3242
Total,State - NCT OF DELHI,Muslim,35-39,151145,82160,68985,83500,77016,6484,4397,3138,1259,1838,1431,407,63248,2006,61242,3151,687,2464
Total,State - NCT OF DELHI,Muslim,40-49,204020,116143,87877,117413,108422,8991,6099,4419,1680,2380,1933,447,80508,3302,77206,3075,885,2190
Total,State - NCT OF DELHI,Muslim,50-59,98269,54700,43569,51466,47439,4027,2704,2005,699,977,811,166,44099,5256,38843,1327,658,669
Total,State - NCT OF DELHI,Muslim,60-69,65737,34987,30750,22167,20321,1846,1738,1288,450,568,462,106,41832,13378,28454,827,541,286
Total,State - NCT OF DELHI,Muslim,70-79,18772,9877,8895,3440,3162,278,289,227,62,67,58,9,15043,6488,8555,135,91,44
Total,State - NCT OF DELHI,Muslim,80+,7525,3562,3963,1124,1031,93,108,71,37,22,14,8,6293,2460,3833,81,53,28
Total,State - NCT OF DELHI,Muslim,Age not stated,2140,1197,943,490,450,40,47,36,11,21,15,6,1603,711,892,43,26,17
Total,State - NCT OF DELHI,Muslim,15-59,1330347,731293,599054,577385,535229,42156,38259,28742,9517,16803,13631,3172,714703,167322,547381,66529,37972,28557
Total,State - NCT OF DELHI,Muslim,60+,92034,48426,43608,26731,24514,2217,2135,1586,549,657,534,123,63168,22326,40842,1043,685,358
Total,State - NCT OF DELHI,Christian,Total,146093,71438,74655,62119,37836,24283,2496,1343,1153,897,531,366,81478,32259,49219,6026,2874,3152
Total,State - NCT OF DELHI,Christian,5-9,10540,5423,5117,49,30,19,25,10,15,2,1,1,10466,5383,5083,47,28,19
Total,State - NCT OF DELHI,Christian,10-14,12066,6340,5726,121,67,54,67,36,31,16,9,7,11878,6237,5641,97,49,48
Total,State - NCT OF DELHI,Christian,15-19,12370,6069,6301,1064,502,562,171,95,76,62,35,27,11135,5472,5663,740,397,343
Total,State - NCT OF DELHI,Christian,20-24,14685,6750,7935,5469,2663,2806,419,212,207,194,102,92,8797,3875,4922,1951,1043,908
Total,State - NCT OF DELHI,Christian,25-29,13954,6413,7541,8679,4979,3700,374,208,166,166,95,71,4901,1226,3675,1234,553,681
Total,State - NCT OF DELHI,Christian,30-34,12329,5838,6491,8301,5230,3071,278,149,129,106,67,39,3750,459,3291,611,211,400
Total,State - NCT OF DELHI,Christian,35-39,12803,5954,6849,9160,5556,3604,297,145,152,97,54,43,3346,253,3093,415,124,291
Total,State - NCT OF DELHI,Christian,40-49,23700,11807,11893,17465,10979,6486,461,250,211,146,96,50,5774,578,5196,554,235,319
Total,State - NCT OF DELHI,Christian,50-59,14339,7385,6954,9678,6350,3328,262,154,108,65,43,22,4399,881,3518,264,161,103
Total,State - NCT OF DELHI,Christian,60-69,6624,3211,3413,1704,1207,497,106,64,42,37,24,13,4814,1940,2874,91,61,30
Total,State - NCT OF DELHI,Christian,70-79,2587,1157,1430,270,179,91,20,10,10,5,4,1,2297,968,1329,14,10,4
Total,State - NCT OF DELHI,Christian,80+,952,392,560,106,67,39,14,9,5,1,1,0,832,316,516,5,1,4
Total,State - NCT OF DELHI,Christian,Age not stated,157,82,75,53,27,26,2,1,1,0,0,0,102,54,48,3,1,2
Total,State - NCT OF DELHI,Christian,15-59,104180,50216,53964,59816,36259,23557,2262,1213,1049,836,492,344,42102,12744,29358,5769,2724,3045
Total,State - NCT OF DELHI,Christian,60+,10163,4760,5403,2080,1453,627,140,83,57,43,29,14,7943,3224,4719,110,72,38
Total,State - NCT OF DELHI,Sikh,Total,570581,294403,276178,189878,158366,31512,6446,4161,2285,2320,1616,704,374257,131876,242381,18691,8450,10241
Total,State - NCT OF DELHI,Sikh,5-9,37791,20928,16863,135,88,47,76,43,33,10,3,7,37580,20797,16783,142,85,57
Total,State - NCT OF DELHI,Sikh,10-14,43008,23942,19066,382,300,82,115,69,46,23,17,6,42511,23573,18938,384,241,143
Total,State - NCT OF DELHI,Sikh,15-19,47605,26092,21513,2888,2451,437,430,291,139,212,157,55,44287,23350,20937,2817,1742,1075
Total,State - NCT OF DELHI,Sikh,20-24,53171,27444,25727,16952,13053,3899,1104,716,388,602,397,205,35115,13675,21440,6508,3417,3091
Total,State - NCT OF DELHI,Sikh,25-29,51991,26017,25974,27557,21991,5566,994,628,366,425,291,134,23440,3398,20042,3640,1370,2270
Total,State - NCT OF DELHI,Sikh,30-34,45968,23454,22514,26132,21939,4193,705,457,248,264,180,84,19131,1058,18073,1689,446,1243
Total,State - NCT OF DELHI,Sikh,35-39,43103,21426,21677,24300,20391,3909,630,377,253,214,150,64,18173,658,17515,1081,221,860
Total,State - NCT OF DELHI,Sikh,40-49,77089,37962,39127,43048,36126,6922,1020,634,386,297,210,87,33021,1202,31819,1282,293,989
Total,State - NCT OF DELHI,Sikh,50-59,61877,31192,30685,32935,27887,5048,699,456,243,158,122,36,28243,2849,25394,659,299,360
Total,State - NCT OF DELHI,Sikh,60-69,44380,21900,22480,11932,10829,1103,469,346,123,82,63,19,31979,10725,21254,370,257,113
Total,State - NCT OF DELHI,Sikh,70-79,20800,10577,10223,2807,2620,187,132,96,36,22,18,4,17861,7861,10000,76,56,20
Total,State - NCT OF DELHI,Sikh,80+,8490,4396,4094,694,593,101,56,40,16,7,4,3,7740,3763,3977,33,20,13
Total,State - NCT OF DELHI,Sikh,Age not stated,430,215,215,116,98,18,16,8,8,4,4,0,298,109,189,10,3,7
Total,State - NCT OF DELHI,Sikh,15-59,380804,193587,187217,173812,143838,29974,5582,3559,2023,2172,1507,665,201410,46190,155220,17676,7788,9888
Total,State - NCT OF DELHI,Sikh,60+,73670,36873,36797,15433,14042,1391,657,482,175,111,85,26,57580,22349,35231,479,333,146
Total,State - NCT OF DELHI,Buddhist,Total,18449,9606,8843,6396,4754,1642,352,219,133,151,99,52,11701,4633,7068,995,474,521
Total,State - NCT OF DELHI,Buddhist,5-9,1361,711,650,9,5,4,6,1,5,1,0,1,1346,705,641,6,4,2
Total,State - NCT OF DELHI,Buddhist,10-14,1545,825,720,12,6,6,13,6,7,2,0,2,1520,813,707,14,9,5
Total,State - NCT OF DELHI,Buddhist,15-19,1768,926,842,143,95,48,22,11,11,9,5,4,1603,820,783,130,74,56
Total,State - NCT OF DELHI,Buddhist,20-24,2080,1055,1025,592,413,179,53,40,13,28,19,9,1435,602,833,335,175,160
Total,State - NCT OF DELHI,Buddhist,25-29,1984,969,1015,1028,695,333,59,35,24,29,18,11,897,239,658,222,100,122
Total,State - NCT OF DELHI,Buddhist,30-34,1671,847,824,1012,733,279,54,33,21,29,21,8,605,81,524,112,45,67
Total,State - NCT OF DELHI,Buddhist,35-39,1446,750,696,900,688,212,34,22,12,17,12,5,512,40,472,67,21,46
Total,State - NCT OF DELHI,Buddhist,40-49,2411,1287,1124,1544,1183,361,63,37,26,22,15,7,804,67,737,73,25,48
Total,State - NCT OF DELHI,Buddhist,50-59,1445,808,637,856,706,150,28,18,10,7,4,3,561,84,477,21,10,11
Total,State - NCT OF DELHI,Buddhist,60-69,888,453,435,227,169,58,16,13,3,7,5,2,645,271,374,11,9,2
Total,State - NCT OF DELHI,Buddhist,70-79,392,212,180,49,41,8,4,3,1,0,0,0,339,168,171,1,1,0
Total,State - NCT OF DELHI,Buddhist,80+,133,69,64,19,16,3,0,0,0,0,0,0,114,53,61,2,1,1
Total,State - NCT OF DELHI,Buddhist,Age not stated,28,20,8,5,4,1,0,0,0,0,0,0,23,16,7,1,0,1
Total,State - NCT OF DELHI,Buddhist,15-59,12805,6642,6163,6075,4513,1562,313,196,117,141,94,47,6417,1933,4484,960,450,510
Total,State - NCT OF DELHI,Buddhist,60+,1413,734,679,295,226,69,20,16,4,7,5,2,1098,492,606,14,11,3
Total,State - NCT OF DELHI,Jain,Total,166231,85605,80626,55589,48363,7226,1287,745,542,334,175,159,109355,36497,72858,4350,1810,2540
Total,State - NCT OF DELHI,Jain,5-9,11522,6272,5250,45,29,16,22,10,12,6,1,5,11455,6233,5222,40,20,20
Total,State - NCT OF DELHI,Jain,10-14,12675,6952,5723,87,69,18,24,18,6,4,4,0,12564,6865,5699,71,41,30
Total,State - NCT OF DELHI,Jain,15-19,13445,7192,6253,401,324,77,53,36,17,21,13,8,12991,6832,6159,530,329,201
Total,State - NCT OF DELHI,Jain,20-24,14243,7430,6813,4026,3153,873,200,111,89,92,44,48,10017,4166,5851,1731,889,842
Total,State - NCT OF DELHI,Jain,25-29,15140,7524,7616,8142,6620,1522,210,118,92,65,33,32,6788,786,6002,872,275,597
Total,State - NCT OF DELHI,Jain,30-34,14293,7145,7148,7874,6864,1010,165,98,67,53,28,25,6254,183,6071,394,43,351
Total,State - NCT OF DELHI,Jain,35-39,13005,6385,6620,7056,6181,875,138,65,73,36,17,19,5811,139,5672,235,34,201
Total,State - NCT OF DELHI,Jain,40-49,24049,12141,11908,13288,11782,1506,192,106,86,39,22,17,10569,253,10316,265,59,206
Total,State - NCT OF DELHI,Jain,50-59,18533,9561,8972,9890,8871,1019,153,102,51,9,8,1,8490,588,7902,117,59,58
Total,State - NCT OF DELHI,Jain,60-69,11430,5740,5690,3616,3379,237,68,42,26,6,3,3,7746,2319,5427,69,47,22
Total,State - NCT OF DELHI,Jain,70-79,5358,2688,2670,917,867,50,44,26,18,2,1,1,4397,1795,2602,16,8,8
Total,State - NCT OF DELHI,Jain,80+,1928,894,1034,221,203,18,15,10,5,1,1,0,1692,681,1011,6,4,2
Total,State - NCT OF DELHI,Jain,Age not stated,111,66,45,26,21,5,3,3,0,0,0,0,82,42,40,4,2,2
Total,State - NCT OF DELHI,Jain,15-59,112708,57378,55330,50677,43795,6882,1111,636,475,315,165,150,60920,12947,47973,4144,1688,2456
Total,State - NCT OF DELHI,Jain,60+,18716,9322,9394,4754,4449,305,127,78,49,9,5,4,13835,4795,9040,91,59,32
Total,State - NCT OF DELHI,Other religious communities,Total,2197,1148,1049,946,669,277,48,35,13,17,16,1,1203,444,759,82,37,45
Total,State - NCT OF DELHI,Other religious communities,5-9,121,61,60,1,0,1,0,0,0,0,0,0,120,61,59,0,0,0
Total,State - NCT OF DELHI,Other religious communities,10-14,157,82,75,9,7,2,1,1,0,0,0,0,147,74,73,2,0,2
Total,State - NCT OF DELHI,Other religious communities,15-19,180,101,79,22,14,8,1,1,0,0,0,0,157,86,71,16,7,9
Total,State - NCT OF DELHI,Other religious communities,20-24,217,110,107,81,49,32,16,11,5,10,9,1,120,50,70,24,13,11
Total,State - NCT OF DELHI,Other religious communities,25-29,210,116,94,120,87,33,7,7,0,6,6,0,83,22,61,20,11,9
Total,State - NCT OF DELHI,Other religious communities,30-34,182,91,91,118,85,33,3,2,1,1,1,0,61,4,57,6,0,6
Total,State - NCT OF DELHI,Other religious communities,35-39,173,92,81,115,86,29,7,4,3,0,0,0,51,2,49,2,0,2
Total,State - NCT OF DELHI,Other religious communities,40-49,310,163,147,216,154,62,7,5,2,0,0,0,87,4,83,4,1,3
Total,State - NCT OF DELHI,Other religious communities,50-59,268,143,125,172,122,50,3,2,1,0,0,0,93,19,74,5,4,1
Total,State - NCT OF DELHI,Other religious communities,60-69,142,78,64,68,47,21,0,0,0,0,0,0,74,31,43,3,1,2
Total,State - NCT OF DELHI,Other religious communities,70-79,68,30,38,16,13,3,3,2,1,0,0,0,49,15,34,0,0,0
Total,State - NCT OF DELHI,Other religious communities,80+,47,19,28,8,5,3,0,0,0,0,0,0,39,14,25,0,0,0
Total,State - NCT OF DELHI,Other religious communities,Age not stated,2,0,2,0,0,0,0,0,0,0,0,0,2,0,2,0,0,0
Total,State - NCT OF DELHI,Other religious communities,15-59,1540,816,724,844,597,247,44,32,12,17,16,1,652,187,465,77,36,41
Total,State - NCT OF DELHI,Other religious communities,60+,257,127,130,92,65,27,3,2,1,0,0,0,162,60,102,3,1,2
Rural,State - NCT OF DELHI,All religious communities,Total,419042,226321,192721,118510,103568,14942,11717,7932,3785,5987,4606,1381,288815,114821,173994,20653,10036,10617
Rural,State - NCT OF DELHI,All religious communities,5-9,42594,23698,18896,167,107,60,68,39,29,14,8,6,42359,23552,18807,160,98,62
Rural,State - NCT OF DELHI,All religious communities,10-14,45883,25479,20404,462,353,109,161,106,55,57,43,14,45260,25020,20240,554,342,212
Rural,State - NCT OF DELHI,All religious communities,15-19,44367,24916,19451,4292,3804,488,834,623,211,519,410,109,39241,20489,18752,4272,2769,1503
Rural,State - NCT OF DELHI,All religious communities,20-24,44407,23805,20602,13811,12369,1442,1881,1382,499,1136,907,229,28715,10054,18661,7120,3982,3138
Rural,State - NCT OF DELHI,All religious communities,25-29,39250,20584,18666,18665,16621,2044,1876,1323,553,1082,851,231,18709,2640,16069,3758,1561,2197
Rural,State - NCT OF DELHI,All religious communities,30-34,33833,17431,16402,17753,15462,2291,1578,1063,515,855,648,207,14502,906,13596,1853,479,1374
Rural,State - NCT OF DELHI,All religious communities,35-39,31648,16738,14910,17687,15305,2382,1483,926,557,769,558,211,12478,507,11971,1163,220,943
Rural,State - NCT OF DELHI,All religious communities,40-49,45638,25161,20477,26581,22984,3597,2051,1308,743,967,739,228,17006,869,16137,1065,255,810
Rural,State - NCT OF DELHI,All religious communities,50-59,24646,13289,11357,13081,11376,1705,977,621,356,352,266,86,10588,1292,9296,356,140,216
Rural,State - NCT OF DELHI,All religious communities,60-69,17747,8825,8922,4730,4044,686,626,410,216,188,141,47,12391,4371,8020,258,140,118
Rural,State - NCT OF DELHI,All religious communities,70-79,6365,3151,3214,876,776,100,129,93,36,30,23,7,5360,2282,3078,49,28,21
Rural,State - NCT OF DELHI,All religious communities,80+,3022,1482,1540,318,287,31,39,30,9,9,8,1,2665,1165,1500,28,15,13
Rural,State - NCT OF DELHI,All religious communities,Age not stated,517,281,236,87,80,7,14,8,6,9,4,5,416,193,223,17,7,10
Rural,State - NCT OF DELHI,All religious communities,15-59,263789,141924,121865,111870,97921,13949,10680,7246,3434,5680,4379,1301,141239,36757,104482,19587,9406,10181
Rural,State - NCT OF DELHI,All religious communities,60+,27134,13458,13676,5924,5107,817,794,533,261,227,172,55,20416,7818,12598,335,183,152
Rural,State - NCT OF DELHI,Hindu,Total,384028,207567,176461,108974,95249,13725,10849,7312,3537,5495,4206,1289,264205,105006,159199,19122,9289,9833
Rural,State - NCT OF DELHI,Hindu,5-9,38027,21249,16778,146,95,51,61,37,24,12,7,5,37820,21117,16703,146,88,58
Rural,State - NCT OF DELHI,Hindu,10-14,41141,22953,18188,381,294,87,143,91,52,47,34,13,40617,22568,18049,460,272,188
Rural,State - NCT OF DELHI,Hindu,15-19,40108,22566,17542,3524,3117,407,730,541,189,449,349,100,35854,18908,16946,3764,2421,1343
Rural,State - NCT OF DELHI,Hindu,20-24,40858,21885,18973,12387,11056,1331,1741,1271,470,1053,833,220,26730,9558,17172,6712,3777,2935
Rural,State - NCT OF DELHI,Hindu,25-29,36403,19085,17318,17256,15332,1924,1743,1227,516,1005,787,218,17404,2526,14878,3560,1502,2058
Rural,State - NCT OF DELHI,Hindu,30-34,31463,16227,15236,16491,14378,2113,1470,991,479,789,598,191,13502,858,12644,1746,465,1281
Rural,State - NCT OF DELHI,Hindu,35-39,29335,15528,13807,16376,14183,2193,1393,866,527,724,527,197,11566,479,11087,1084,211,873
Rural,State - NCT OF DELHI,Hindu,40-49,42508,23388,19120,24664,21358,3306,1921,1217,704,891,677,214,15923,813,15110,998,242,756
Rural,State - NCT OF DELHI,Hindu,50-59,23172,12505,10667,12313,10726,1587,906,576,330,319,241,78,9953,1203,8750,326,132,194
Rural,State - NCT OF DELHI,Hindu,60-69,16543,8203,8340,4259,3661,598,579,378,201,169,126,43,11705,4164,7541,238,132,106
Rural,State - NCT OF DELHI,Hindu,70-79,6025,2966,3059,797,706,91,119,84,35,25,18,7,5109,2176,2933,45,25,20
Rural,State - NCT OF DELHI,Hindu,80+,2904,1429,1475,302,271,31,35,27,8,8,7,1,2567,1131,1436,27,15,12
Rural,State - NCT OF DELHI,Hindu,Age not stated,467,253,214,78,72,6,8,6,2,4,2,2,381,175,206,16,7,9
Rural,State - NCT OF DELHI,Hindu,15-59,243847,131184,112663,103011,90150,12861,9904,6689,3215,5230,4012,1218,130932,34345,96587,18190,8750,9440
Rural,State - NCT OF DELHI,Hindu,60+,25472,12598,12874,5358,4638,720,733,489,244,202,151,51,19381,7471,11910,310,172,138
Rural,State - NCT OF DELHI,Muslim,Total,29143,15703,13440,7671,6847,824,713,518,195,402,328,74,20759,8338,12421,1274,626,648
Rural,State - NCT OF DELHI,Muslim,5-9,3978,2126,1852,18,11,7,6,2,4,2,1,1,3954,2113,1841,14,10,4
Rural,State - NCT OF DELHI,Muslim,10-14,4101,2189,1912,70,52,18,14,12,2,8,7,1,4017,2125,1892,85,64,21
Rural,State - NCT OF DELHI,Muslim,15-19,3623,2023,1600,668,604,64,91,75,16,63,54,9,2864,1344,1520,438,300,138
Rural,State - NCT OF DELHI,Muslim,20-24,2973,1639,1334,1228,1153,75,109,90,19,60,55,5,1636,396,1240,332,163,169
Rural,State - NCT OF DELHI,Muslim,25-29,2341,1241,1100,1150,1071,79,112,82,30,64,54,10,1079,88,991,165,47,118
Rural,State - NCT OF DELHI,Muslim,30-34,1927,982,945,1009,887,122,89,60,29,55,42,13,829,35,794,85,8,77
Rural,State - NCT OF DELHI,Muslim,35-39,1908,997,911,1051,922,129,81,52,29,40,26,14,776,23,753,59,9,50
Rural,State - NCT OF DELHI,Muslim,40-49,2534,1457,1077,1529,1333,196,110,77,33,65,53,12,895,47,848,57,12,45
Rural,State - NCT OF DELHI,Muslim,50-59,1101,599,502,564,491,73,52,35,17,27,22,5,485,73,412,23,6,17
Rural,State - NCT OF DELHI,Muslim,60-69,840,436,404,321,265,56,34,23,11,11,9,2,485,148,337,13,5,8
Rural,State - NCT OF DELHI,Muslim,70-79,213,112,101,47,43,4,8,7,1,3,3,0,158,62,96,3,2,1
Rural,State - NCT OF DELHI,Muslim,80+,84,37,47,12,12,0,3,2,1,1,1,0,69,23,46,0,0,0
Rural,State - NCT OF DELHI,Muslim,Age not stated,33,19,14,4,3,1,4,1,3,3,1,2,25,15,10,0,0,0
Rural,State - NCT OF DELHI,Muslim,15-59,16407,8938,7469,7199,6461,738,644,471,173,374,306,68,8564,2006,6558,1159,545,614
Rural,State - NCT OF DELHI,Muslim,60+,1137,585,552,380,320,60,45,32,13,15,13,2,712,233,479,16,7,9
Rural,State - NCT OF DELHI,Christian,Total,1132,580,552,367,266,101,24,15,9,12,7,5,741,299,442,66,29,37
Rural,State - NCT OF DELHI,Christian,5-9,107,59,48,3,1,2,0,0,0,0,0,0,104,58,46,0,0,0
Rural,State - NCT OF DELHI,Christian,10-14,122,67,55,3,1,2,0,0,0,0,0,0,119,66,53,0,0,0
Rural,State - NCT OF DELHI,Christian,15-19,105,60,45,11,10,1,0,0,0,0,0,0,94,50,44,11,7,4
Rural,State - NCT OF DELHI,Christian,20-24,107,47,60,30,17,13,7,5,2,5,4,1,70,25,45,20,10,10
Rural,State - NCT OF DELHI,Christian,25-29,109,58,51,62,48,14,3,2,1,2,1,1,44,8,36,11,6,5
Rural,State - NCT OF DELHI,Christian,30-34,108,53,55,62,44,18,3,1,2,1,0,1,43,8,35,10,3,7
Rural,State - NCT OF DELHI,Christian,35-39,93,46,47,56,44,12,1,1,0,0,0,0,36,1,35,5,0,5
Rural,State - NCT OF DELHI,Christian,40-49,124,66,58,84,62,22,2,1,1,1,0,1,38,3,35,1,0,1
Rural,State - NCT OF DELHI,Christian,50-59,77,35,42,38,26,12,5,2,3,2,1,1,34,7,27,6,2,4
Rural,State - NCT OF DELHI,Christian,60-69,57,25,32,15,11,4,2,2,0,1,1,0,40,12,28,1,1,0
Rural,State - NCT OF DELHI,Christian,70-79,19,11,8,2,1,1,0,0,0,0,0,0,17,10,7,0,0,0
Rural,State - NCT OF DELHI,Christian,80+,7,4,3,1,1,0,1,1,0,0,0,0,5,2,3,1,0,1
Rural,State - NCT OF DELHI,Christian,Age not stated,0,0,0,0,0,0,0,0,0,0,0,0,0,0,0,0,0,0
Rural,State - NCT OF DELHI,Christian,15-59,723,365,358,343,251,92,21,12,9,11,6,5,359,102,257,64,28,36
Rural,State - NCT OF DELHI,Christian,60+,83,40,43,18,13,5,3,3,0,1,1,0,62,24,38,2,1,1
Rural,State - NCT OF DELHI,Sikh,Total,4080,2105,1975,1309,1043,266,112,74,38,70,60,10,2659,988,1671,168,78,90
Rural,State - NCT OF DELHI,Sikh,5-9,427,230,197,0,0,0,0,0,0,0,0,0,427,230,197,0,0,0
Rural,State - NCT OF DELHI,Sikh,10-14,473,243,230,8,6,2,4,3,1,2,2,0,461,234,227,9,6,3
Rural,State - NCT OF DELHI,Sikh,15-19,467,231,236,84,69,15,13,7,6,7,7,0,370,155,215,53,36,17
Rural,State - NCT OF DELHI,Sikh,20-24,407,200,207,146,126,20,20,13,7,15,13,2,241,61,180,48,26,22
Rural,State - NCT OF DELHI,Sikh,25-29,324,160,164,159,138,21,16,10,6,10,8,2,149,12,137,18,4,14
Rural,State - NCT OF DELHI,Sikh,30-34,291,148,143,168,135,33,14,10,4,9,7,2,109,3,106,10,2,8
Rural,State - NCT OF DELHI,Sikh,35-39,268,141,127,180,134,46,6,5,1,4,4,0,82,2,80,12,0,12
Rural,State - NCT OF DELHI,Sikh,40-49,402,212,190,263,197,66,15,11,4,10,9,1,124,4,120,9,1,8
Rural,State - NCT OF DELHI,Sikh,50-59,249,119,130,137,106,31,11,6,5,3,2,1,101,7,94,1,0,1
Rural,State - NCT OF DELHI,Sikh,60-69,279,148,131,132,104,28,10,6,4,7,5,2,137,38,99,6,2,4
Rural,State - NCT OF DELHI,Sikh,70-79,86,51,35,27,23,4,2,2,0,2,2,0,57,26,31,1,1,0
Rural,State - NCT OF DELHI,Sikh,80+,17,6,11,1,1,0,0,0,0,0,0,0,16,5,11,0,0,0
Rural,State - NCT OF DELHI,Sikh,Age not stated,11,6,5,4,4,0,1,1,0,1,1,0,6,1,5,1,0,1
Rural,State - NCT OF DELHI,Sikh,15-59,2408,1211,1197,1137,905,232,95,62,33,58,50,8,1176,244,932,151,69,82
Rural,State - NCT OF DELHI,Sikh,60+,382,205,177,160,128,32,12,8,4,9,7,2,210,69,141,7,3,4
Rural,State - NCT OF DELHI,Buddhist,Total,158,86,72,48,41,7,1,1,0,1,1,0,109,44,65,7,4,3
Rural,State - NCT OF DELHI,Buddhist,5-9,12,5,7,0,0,0,0,0,0,0,0,0,12,5,7,0,0,0
Rural,State - NCT OF DELHI,Buddhist,10-14,11,4,7,0,0,0,0,0,0,0,0,0,11,4,7,0,0,0
Rural,State - NCT OF DELHI,Buddhist,15-19,21,12,9,1,0,1,0,0,0,0,0,0,20,12,8,1,1,0
Rural,State - NCT OF DELHI,Buddhist,20-24,23,15,8,9,8,1,1,1,0,1,1,0,13,6,7,2,2,0
Rural,State - NCT OF DELHI,Buddhist,25-29,18,7,11,8,6,2,0,0,0,0,0,0,10,1,9,2,1,1
Rural,State - NCT OF DELHI,Buddhist,30-34,7,3,4,4,3,1,0,0,0,0,0,0,3,0,3,0,0,0
Rural,State - NCT OF DELHI,Buddhist,35-39,9,5,4,5,5,0,0,0,0,0,0,0,4,0,4,2,0,2
Rural,State - NCT OF DELHI,Buddhist,40-49,17,9,8,11,9,2,0,0,0,0,0,0,6,0,6,0,0,0
Rural,State - NCT OF DELHI,Buddhist,50-59,12,8,4,7,7,0,0,0,0,0,0,0,5,1,4,0,0,0
Rural,State - NCT OF DELHI,Buddhist,60-69,3,2,1,1,1,0,0,0,0,0,0,0,2,1,1,0,0,0
Rural,State - NCT OF DELHI,Buddhist,70-79,2,1,1,1,1,0,0,0,0,0,0,0,1,0,1,0,0,0
Rural,State - NCT OF DELHI,Buddhist,80+,1,1,0,1,1,0,0,0,0,0,0,0,0,0,0,0,0,0
Rural,State - NCT OF DELHI,Buddhist,Age not stated,0,0,0,0,0,0,0,0,0,0,0,0,0,0,0,0,0,0
Rural,State - NCT OF DELHI,Buddhist,15-59,107,59,48,45,38,7,1,1,0,1,1,0,61,20,41,7,4,3
Rural,State - NCT OF DELHI,Buddhist,60+,6,4,2,3,3,0,0,0,0,0,0,0,3,1,2,0,0,0
Rural,State - NCT OF DELHI,Jain,Total,192,94,98,57,47,10,1,1,0,1,1,0,134,46,88,4,3,1
Rural,State - NCT OF DELHI,Jain,5-9,11,8,3,0,0,0,0,0,0,0,0,0,11,8,3,0,0,0
Rural,State - NCT OF DELHI,Jain,10-14,12,8,4,0,0,0,0,0,0,0,0,0,12,8,4,0,0,0
Rural,State - NCT OF DELHI,Jain,15-19,15,7,8,0,0,0,0,0,0,0,0,0,15,7,8,1,1,0
Rural,State - NCT OF DELHI,Jain,20-24,14,7,7,5,5,0,0,0,0,0,0,0,9,2,7,1,1,0
Rural,State - NCT OF DELHI,Jain,25-29,22,12,10,11,10,1,0,0,0,0,0,0,11,2,9,2,1,1
Rural,State - NCT OF DELHI,Jain,30-34,19,7,12,10,6,4,1,1,0,1,1,0,8,0,8,0,0,0
Rural,State - NCT OF DELHI,Jain,35-39,11,5,6,6,5,1,0,0,0,0,0,0,5,0,5,0,0,0
Rural,State - NCT OF DELHI,Jain,40-49,23,10,13,10,8,2,0,0,0,0,0,0,13,2,11,0,0,0
Rural,State - NCT OF DELHI,Jain,50-59,19,12,7,13,11,2,0,0,0,0,0,0,6,1,5,0,0,0
Rural,State - NCT OF DELHI,Jain,60-69,12,4,8,1,1,0,0,0,0,0,0,0,11,3,8,0,0,0
Rural,State - NCT OF DELHI,Jain,70-79,12,5,7,1,1,0,0,0,0,0,0,0,11,4,7,0,0,0
Rural,State - NCT OF DELHI,Jain,80+,6,3,3,0,0,0,0,0,0,0,0,0,6,3,3,0,0,0
Rural,State - NCT OF DELHI,Jain,Age not stated,0,0,0,0,0,0,0,0,0,0,0,0,0,0,0,0,0,0
Rural,State - NCT OF DELHI,Jain,15-59,123,60,63,55,45,10,1,1,0,1,1,0,67,14,53,4,3,1
Rural,State - NCT OF DELHI,Jain,60+,30,12,18,2,2,0,0,0,0,0,0,0,28,10,18,0,0,0
Rural,State - NCT OF DELHI,Other religious communities,Total,29,17,12,14,9,5,1,0,1,0,0,0,14,8,6,1,0,1
Rural,State - NCT OF DELHI,Other religious communities,5-9,5,3,2,0,0,0,0,0,0,0,0,0,5,3,2,0,0,0
Rural,State - NCT OF DELHI,Other religious communities,10-14,5,5,0,0,0,0,0,0,0,0,0,0,5,5,0,0,0,0
Rural,State - NCT OF DELHI,Other religious communities,15-19,5,2,3,2,2,0,0,0,0,0,0,0,3,0,3,1,0,1
Rural,State - NCT OF DELHI,Other religious communities,20-24,2,0,2,2,0,2,0,0,0,0,0,0,0,0,0,0,0,0
Rural,State - NCT OF DELHI,Other religious communities,25-29,2,0,2,2,0,2,0,0,0,0,0,0,0,0,0,0,0,0
Rural,State - NCT OF DELHI,Other religious communities,30-34,1,0,1,0,0,0,1,0,1,0,0,0,0,0,0,0,0,0
Rural,State - NCT OF DELHI,Other religious communities,35-39,5,3,2,4,3,1,0,0,0,0,0,0,1,0,1,0,0,0
Rural,State - NCT OF DELHI,Other religious communities,40-49,2,2,0,2,2,0,0,0,0,0,0,0,0,0,0,0,0,0
Rural,State - NCT OF DELHI,Other religious communities,50-59,2,2,0,2,2,0,0,0,0,0,0,0,0,0,0,0,0,0
Rural,State - NCT OF DELHI,Other religious communities,60-69,0,0,0,0,0,0,0,0,0,0,0,0,0,0,0,0,0,0
Rural,State - NCT OF DELHI,Other religious communities,70-79,0,0,0,0,0,0,0,0,0,0,0,0,0,0,0,0,0,0
Rural,State - NCT OF DELHI,Other religious communities,80+,0,0,0,0,0,0,0,0,0,0,0,0,0,0,0,0,0,0
Rural,State - NCT OF DELHI,Other religious communities,Age not stated,0,0,0,0,0,0,0,0,0,0,0,0,0,0,0,0,0,0
Rural,State - NCT OF DELHI,Other religious communities,15-59,19,9,10,14,9,5,1,0,1,0,0,0,4,0,4,1,0,1
Rural,State - NCT OF DELHI,Other religious communities,60+,0,0,0,0,0,0,0,0,0,0,0,0,0,0,0,0,0,0
Urban,State - NCT OF DELHI,All religious communities,Total,16368899,8761005,7607894,5188819,4459142,729677,268003,191384,76619,113424,86654,26770,10912077,4110479,6801598,611598,313533,298065
Urban,State - NCT OF DELHI,All religious communities,5-9,1493378,805789,687589,6039,3614,2425,3299,1793,1506,684,395,289,1484040,800382,683658,5524,3111,2413
Urban,State - NCT OF DELHI,All religious communities,10-14,1602264,869967,732297,19805,14955,4850,6316,3844,2472,1867,1259,608,1576143,851168,724975,16007,10316,5691
Urban,State - NCT OF DELHI,All religious communities,15-19,1623008,900202,722806,161713,140723,20990,24249,17980,6269,11398,8885,2513,1437046,741499,695547,119096,79567,39529
Urban,State - NCT OF DELHI,All religious communities,20-24,1719653,927606,792047,563039,482071,80968,48839,36460,12379,25478,19680,5798,1107775,409075,698700,214582,124911,89671
Urban,State - NCT OF DELHI,All religious communities,25-29,1629076,857612,771464,837010,714973,122037,43864,32358,11506,20593,15780,4813,748202,110281,637921,115551,50288,65263
Urban,State - NCT OF DELHI,All religious communities,30-34,1400866,740024,660842,786584,682154,104430,33233,23483,9750,14546,10973,3573,581049,34387,546662,52165,15737,36428
Urban,State - NCT OF DELHI,All religious communities,35-39,1287596,681717,605879,747365,642355,105010,29990,20325,9665,12685,9360,3325,510241,19037,491204,32586,7297,25289
Urban,State - NCT OF DELHI,All religious communities,40-49,1962772,1060924,901848,1165092,999259,165833,42404,29473,12931,15978,12267,3711,755276,32192,723084,32370,8996,23374
Urban,State - NCT OF DELHI,All religious communities,50-59,1171715,632118,539597,655127,561498,93629,20377,14533,5844,6287,5002,1285,496211,56087,440124,13145,6522,6623
Urban,State - NCT OF DELHI,All religious communities,60-69,726724,368676,358048,194510,171362,23148,11515,8425,3090,3176,2510,666,520699,188889,331810,7914,5186,2728
Urban,State - NCT OF DELHI,All religious communities,70-79,283578,142242,141336,36582,32570,4012,2625,1841,784,451,344,107,244371,107831,136540,1501,962,539
Urban,State - NCT OF DELHI,All religious communities,80+,110009,52379,57630,11783,10077,1706,921,623,298,175,122,53,97305,41679,55626,716,413,303
Urban,State - NCT OF DELHI,All religious communities,Age not stated,16185,8894,7291,4170,3531,639,371,246,125,106,77,29,11644,5117,6527,441,227,214
Urban,State - NCT OF DELHI,All religious communities,15-59,10794686,5800203,4994483,4915930,4223033,692897,242956,174612,68344,106965,81947,25018,5635800,1402558,4233242,579495,293318,286177
Urban,State - NCT OF DELHI,All religious communities,60+,1120311,563297,557014,242875,214009,28866,15061,10889,4172,3802,2976,826,862375,338399,523976,10131,6561,3570
Urban,State - NCT OF DELHI,Hindu,Total,13328072,7146027,6182045,4269045,3649486,619559,215345,153568,61777,91953,69884,22069,8843682,3342973,5500709,510239,258541,251698
Urban,State - NCT OF DELHI,Hindu,5-9,1184376,643611,540765,4831,2865,1966,2587,1400,1187,529,304,225,1176958,639346,537612,4389,2450,1939
Urban,State - NCT OF DELHI,Hindu,10-14,1276385,696115,580270,14194,10470,3724,4615,2749,1866,1334,869,465,1257576,682896,574680,11899,7472,4427
Urban,State - NCT OF DELHI,Hindu,15-19,1295585,722047,573538,117370,101125,16245,17968,13330,4638,8543,6616,1927,1160247,607592,552655,94233,62319,31914
Urban,State - NCT OF DELHI,Hindu,20-24,1391095,750463,640632,444447,377464,66983,38847,28972,9875,20609,15864,4745,907801,344027,563774,181599,105224,76375
Urban,State - NCT OF DELHI,Hindu,25-29,1340032,705496,634536,690420,586117,104303,35969,26527,9442,17069,13019,4050,613643,92852,520791,99126,42996,56130
Urban,State - NCT OF DELHI,Hindu,30-34,1159541,611714,547827,653578,563800,89778,27306,19225,8081,12027,9025,3002,478657,28689,449968,44622,13445,31177
Urban,State - NCT OF DELHI,Hindu,35-39,1067371,565676,501695,623154,533140,90014,24538,16607,7931,10514,7715,2799,419679,15929,403750,27670,6205,21465
Urban,State - NCT OF DELHI,Hindu,40-49,1633058,882481,750577,973305,831626,141679,34638,24078,10560,13158,10045,3113,625115,26777,598338,27148,7497,19651
Urban,State - NCT OF DELHI,Hindu,50-59,977692,528687,449005,550471,470430,80041,16560,11816,4744,5091,4032,1059,410661,46441,364220,10768,5333,5435
Urban,State - NCT OF DELHI,Hindu,60-69,598207,302652,295555,155107,135664,19443,9151,6693,2458,2493,1966,527,433949,160295,273654,6555,4276,2279
Urban,State - NCT OF DELHI,Hindu,70-79,235694,117779,117915,29129,25733,3396,2140,1485,655,358,267,91,204425,90561,113864,1263,799,464
Urban,State - NCT OF DELHI,Hindu,80+,90925,43045,47880,9606,8162,1444,729,495,234,145,103,42,80590,34388,46202,590,334,256
Urban,State - NCT OF DELHI,Hindu,Age not stated,13134,7204,5930,3433,2890,543,297,191,106,83,59,24,9404,4123,5281,377,191,186
Urban,State - NCT OF DELHI,Hindu,15-59,8864374,4766564,4097810,4052745,3463702,589043,195826,140555,55271,87011,66316,20695,4615803,1162307,3453496,485166,243019,242147
Urban,State - NCT OF DELHI,Hindu,60+,924826,463476,461350,193842,169559,24283,12020,8673,3347,2996,2336,660,718964,285244,433720,8408,5409,2999
Urban,State - NCT OF DELHI,Muslim,Total,2129541,1148231,981310,602968,558027,44941,41795,31143,10652,17707,14301,3406,1484778,559061,925717,70855,41143,29712
Urban,State - NCT OF DELHI,Muslim,5-9,246888,128366,118522,959,592,367,575,324,251,132,83,49,245354,127450,117904,891,518,373
Urban,State - NCT OF DELHI,Muslim,10-14,255730,135271,120459,4986,4026,960,1472,959,513,486,358,128,249272,130286,118986,3524,2494,1030
Urban,State - NCT OF DELHI,Muslim,15-19,251405,137366,114039,39790,36186,3604,5582,4199,1383,2548,2057,491,206033,96981,109052,20580,14660,5920
Urban,State - NCT OF DELHI,Muslim,20-24,243340,133860,109480,91234,85075,6159,8180,6383,1797,3943,3247,696,143926,42402,101524,22320,14083,8237
Urban,State - NCT OF DELHI,Muslim,25-29,205024,110635,94389,100697,94187,6510,6212,4804,1408,2820,2307,513,98115,11644,86471,10357,4947,5410
Urban,State - NCT OF DELHI,Muslim,30-34,166280,90544,75736,89230,83189,6041,4684,3487,1197,2055,1640,415,72366,3868,68498,4699,1534,3165
Urban,State - NCT OF DELHI,Muslim,35-39,149237,81163,68074,82449,76094,6355,4316,3086,1230,1798,1405,393,62472,1983,60489,3092,678,2414
Urban,State - NCT OF DELHI,Muslim,40-49,201486,114686,86800,115884,107089,8795,5989,4342,1647,2315,1880,435,79613,3255,76358,3018,873,2145
Urban,State - NCT OF DELHI,Muslim,50-59,97168,54101,43067,50902,46948,3954,2652,1970,682,950,789,161,43614,5183,38431,1304,652,652
Urban,State - NCT OF DELHI,Muslim,60-69,64897,34551,30346,21846,20056,1790,1704,1265,439,557,453,104,41347,13230,28117,814,536,278
Urban,State - NCT OF DELHI,Muslim,70-79,18559,9765,8794,3393,3119,274,281,220,61,64,55,9,14885,6426,8459,132,89,43
Urban,State - NCT OF DELHI,Muslim,80+,7441,3525,3916,1112,1019,93,105,69,36,21,13,8,6224,2437,3787,81,53,28
Urban,State - NCT OF DELHI,Muslim,Age not stated,2107,1178,929,486,447,39,43,35,8,18,14,4,1578,696,882,43,26,17
Urban,State - NCT OF DELHI,Muslim,15-59,1313940,722355,591585,570186,528768,41418,37615,28271,9344,16429,13325,3104,706139,165316,540823,65370,37427,27943
Urban,State - NCT OF DELHI,Muslim,60+,90897,47841,43056,26351,24194,2157,2090,1554,536,642,521,121,62456,22093,40363,1027,678,349
Urban,State - NCT OF DELHI,Christian,Total,144961,70858,74103,61752,37570,24182,2472,1328,1144,885,524,361,80737,31960,48777,5960,2845,3115
Urban,State - NCT OF DELHI,Christian,5-9,10433,5364,5069,46,29,17,25,10,15,2,1,1,10362,5325,5037,47,28,19
Urban,State - NCT OF DELHI,Christian,10-14,11944,6273,5671,118,66,52,67,36,31,16,9,7,11759,6171,5588,97,49,48
Urban,State - NCT OF DELHI,Christian,15-19,12265,6009,6256,1053,492,561,171,95,76,62,35,27,11041,5422,5619,729,390,339
Urban,State - NCT OF DELHI,Christian,20-24,14578,6703,7875,5439,2646,2793,412,207,205,189,98,91,8727,3850,4877,1931,1033,898
Urban,State - NCT OF DELHI,Christian,25-29,13845,6355,7490,8617,4931,3686,371,206,165,164,94,70,4857,1218,3639,1223,547,676
Urban,State - NCT OF DELHI,Christian,30-34,12221,5785,6436,8239,5186,3053,275,148,127,105,67,38,3707,451,3256,601,208,393
Urban,State - NCT OF DELHI,Christian,35-39,12710,5908,6802,9104,5512,3592,296,144,152,97,54,43,3310,252,3058,410,124,286
Urban,State - NCT OF DELHI,Christian,40-49,23576,11741,11835,17381,10917,6464,459,249,210,145,96,49,5736,575,5161,553,235,318
Urban,State - NCT OF DELHI,Christian,50-59,14262,7350,6912,9640,6324,3316,257,152,105,63,42,21,4365,874,3491,258,159,99
Urban,State - NCT OF DELHI,Christian,60-69,6567,3186,3381,1689,1196,493,104,62,42,36,23,13,4774,1928,2846,90,60,30
Urban,State - NCT OF DELHI,Christian,70-79,2568,1146,1422,268,178,90,20,10,10,5,4,1,2280,958,1322,14,10,4
Urban,State - NCT OF DELHI,Christian,80+,945,388,557,105,66,39,13,8,5,1,1,0,827,314,513,4,1,3
Urban,State - NCT OF DELHI,Christian,Age not stated,157,82,75,53,27,26,2,1,1,0,0,0,102,54,48,3,1,2
Urban,State - NCT OF DELHI,Christian,15-59,103457,49851,53606,59473,36008,23465,2241,1201,1040,825,486,339,41743,12642,29101,5705,2696,3009
Urban,State - NCT OF DELHI,Christian,60+,10080,4720,5360,2062,1440,622,137,80,57,42,28,14,7881,3200,4681,108,71,37
Urban,State - NCT OF DELHI,Sikh,Total,566501,292298,274203,188569,157323,31246,6334,4087,2247,2250,1556,694,371598,130888,240710,18523,8372,10151
Urban,State - NCT OF DELHI,Sikh,5-9,37364,20698,16666,135,88,47,76,43,33,10,3,7,37153,20567,16586,142,85,57
Urban,State - NCT OF DELHI,Sikh,10-14,42535,23699,18836,374,294,80,111,66,45,21,15,6,42050,23339,18711,375,235,140
Urban,State - NCT OF DELHI,Sikh,15-19,47138,25861,21277,2804,2382,422,417,284,133,205,150,55,43917,23195,20722,2764,1706,1058
Urban,State - NCT OF DELHI,Sikh,20-24,52764,27244,25520,16806,12927,3879,1084,703,381,587,384,203,34874,13614,21260,6460,3391,3069
Urban,State - NCT OF DELHI,Sikh,25-29,51667,25857,25810,27398,21853,5545,978,618,360,415,283,132,23291,3386,19905,3622,1366,2256
Urban,State - NCT OF DELHI,Sikh,30-34,45677,23306,22371,25964,21804,4160,691,447,244,255,173,82,19022,1055,17967,1679,444,1235
Urban,State - NCT OF DELHI,Sikh,35-39,42835,21285,21550,24120,20257,3863,624,372,252,210,146,64,18091,656,17435,1069,221,848
Urban,State - NCT OF DELHI,Sikh,40-49,76687,37750,38937,42785,35929,6856,1005,623,382,287,201,86,32897,1198,31699,1273,292,981
Urban,State - NCT OF DELHI,Sikh,50-59,61628,31073,30555,32798,27781,5017,688,450,238,155,120,35,28142,2842,25300,658,299,359
Urban,State - NCT OF DELHI,Sikh,60-69,44101,21752,22349,11800,10725,1075,459,340,119,75,58,17,31842,10687,21155,364,255,109
Urban,State - NCT OF DELHI,Sikh,70-79,20714,10526,10188,2780,2597,183,130,94,36,20,16,4,17804,7835,9969,75,55,20
Urban,State - NCT OF DELHI,Sikh,80+,8473,4390,4083,693,592,101,56,40,16,7,4,3,7724,3758,3966,33,20,13
Urban,State - NCT OF DELHI,Sikh,Age not stated,419,209,210,112,94,18,15,7,8,3,3,0,292,108,184,9,3,6
Urban,State - NCT OF DELHI,Sikh,15-59,378396,192376,186020,172675,142933,29742,5487,3497,1990,2114,1457,657,200234,45946,154288,17525,7719,9806
Urban,State - NCT OF DELHI,Sikh,60+,73288,36668,36620,15273,13914,1359,645,474,171,102,78,24,57370,22280,35090,472,330,142
Urban,State - NCT OF DELHI,Buddhist,Total,18291,9520,8771,6348,4713,1635,351,218,133,150,98,52,11592,4589,7003,988,470,518
Urban,State - NCT OF DELHI,Buddhist,5-9,1349,706,643,9,5,4,6,1,5,1,0,1,1334,700,634,6,4,2
Urban,State - NCT OF DELHI,Buddhist,10-14,1534,821,713,12,6,6,13,6,7,2,0,2,1509,809,700,14,9,5
Urban,State - NCT OF DELHI,Buddhist,15-19,1747,914,833,142,95,47,22,11,11,9,5,4,1583,808,775,129,73,56
Urban,State - NCT OF DELHI,Buddhist,20-24,2057,1040,1017,583,405,178,52,39,13,27,18,9,1422,596,826,333,173,160
Urban,State - NCT OF DELHI,Buddhist,25-29,1966,962,1004,1020,689,331,59,35,24,29,18,11,887,238,649,220,99,121
Urban,State - NCT OF DELHI,Buddhist,30-34,1664,844,820,1008,730,278,54,33,21,29,21,8,602,81,521,112,45,67
Urban,State - NCT OF DELHI,Buddhist,35-39,1437,745,692,895,683,212,34,22,12,17,12,5,508,40,468,65,21,44
Urban,State - NCT OF DELHI,Buddhist,40-49,2394,1278,1116,1533,1174,359,63,37,26,22,15,7,798,67,731,73,25,48
Urban,State - NCT OF DELHI,Buddhist,50-59,1433,800,633,849,699,150,28,18,10,7,4,3,556,83,473,21,10,11
Urban,State - NCT OF DELHI,Buddhist,60-69,885,451,434,226,168,58,16,13,3,7,5,2,643,270,373,11,9,2
Urban,State - NCT OF DELHI,Buddhist,70-79,390,211,179,48,40,8,4,3,1,0,0,0,338,168,170,1,1,0
Urban,State - NCT OF DELHI,Buddhist,80+,132,68,64,18,15,3,0,0,0,0,0,0,114,53,61,2,1,1
Urban,State - NCT OF DELHI,Buddhist,Age not stated,28,20,8,5,4,1,0,0,0,0,0,0,23,16,7,1,0,1
Urban,State - NCT OF DELHI,Buddhist,15-59,12698,6583,6115,6030,4475,1555,312,195,117,140,93,47,6356,1913,4443,953,446,507
Urban,State - NCT OF DELHI,Buddhist,60+,1407,730,677,292,223,69,20,16,4,7,5,2,1095,491,604,14,11,3
Urban,State - NCT OF DELHI,Jain,Total,166039,85511,80528,55532,48316,7216,1286,744,542,333,174,159,109221,36451,72770,4346,1807,2539
Urban,State - NCT OF DELHI,Jain,5-9,11511,6264,5247,45,29,16,22,10,12,6,1,5,11444,6225,5219,40,20,20
Urban,State - NCT OF DELHI,Jain,10-14,12663,6944,5719,87,69,18,24,18,6,4,4,0,12552,6857,5695,71,41,30
Urban,State - NCT OF DELHI,Jain,15-19,13430,7185,6245,401,324,77,53,36,17,21,13,8,12976,6825,6151,529,328,201
Urban,State - NCT OF DELHI,Jain,20-24,14229,7423,6806,4021,3148,873,200,111,89,92,44,48,10008,4164,5844,1730,888,842
Urban,State - NCT OF DELHI,Jain,25-29,15118,7512,7606,8131,6610,1521,210,118,92,65,33,32,6777,784,5993,870,274,596
Urban,State - NCT OF DELHI,Jain,30-34,14274,7138,7136,7864,6858,1006,164,97,67,52,27,25,6246,183,6063,394,43,351
Urban,State - NCT OF DELHI,Jain,35-39,12994,6380,6614,7050,6176,874,138,65,73,36,17,19,5806,139,5667,235,34,201
Urban,State - NCT OF DELHI,Jain,40-49,24026,12131,11895,13278,11774,1504,192,106,86,39,22,17,10556,251,10305,265,59,206
Urban,State - NCT OF DELHI,Jain,50-59,18514,9549,8965,9877,8860,1017,153,102,51,9,8,1,8484,587,7897,117,59,58
Urban,State - NCT OF DELHI,Jain,60-69,11418,5736,5682,3615,3378,237,68,42,26,6,3,3,7735,2316,5419,69,47,22
Urban,State - NCT OF DELHI,Jain,70-79,5346,2683,2663,916,866,50,44,26,18,2,1,1,4386,1791,2595,16,8,8
Urban,State - NCT OF DELHI,Jain,80+,1922,891,1031,221,203,18,15,10,5,1,1,0,1686,678,1008,6,4,2
Urban,State - NCT OF DELHI,Jain,Age not stated,111,66,45,26,21,5,3,3,0,0,0,0,82,42,40,4,2,2
Urban,State - NCT OF DELHI,Jain,15-59,112585,57318,55267,50622,43750,6872,1110,635,475,314,164,150,60853,12933,47920,4140,1685,2455
Urban,State - NCT OF DELHI,Jain,60+,18686,9310,9376,4752,4447,305,127,78,49,9,5,4,13807,4785,9022,91,59,32
Urban,State - NCT OF DELHI,Other religious communities,Total,2168,1131,1037,932,660,272,47,35,12,17,16,1,1189,436,753,81,37,44
Urban,State - NCT OF DELHI,Other religious communities,5-9,116,58,58,1,0,1,0,0,0,0,0,0,115,58,57,0,0,0
Urban,State - NCT OF DELHI,Other religious communities,10-14,152,77,75,9,7,2,1,1,0,0,0,0,142,69,73,2,0,2
Urban,State - NCT OF DELHI,Other religious communities,15-19,175,99,76,20,12,8,1,1,0,0,0,0,154,86,68,15,7,8
Urban,State - NCT OF DELHI,Other religious communities,20-24,215,110,105,79,49,30,16,11,5,10,9,1,120,50,70,24,13,11
Urban,State - NCT OF DELHI,Other religious communities,25-29,208,116,92,118,87,31,7,7,0,6,6,0,83,22,61,20,11,9
Urban,State - NCT OF DELHI,Other religious communities,30-34,181,91,90,118,85,33,2,2,0,1,1,0,61,4,57,6,0,6
Urban,State - NCT OF DELHI,Other religious communities,35-39,168,89,79,111,83,28,7,4,3,0,0,0,50,2,48,2,0,2
Urban,State - NCT OF DELHI,Other religious communities,40-49,308,161,147,214,152,62,7,5,2,0,0,0,87,4,83,4,1,3
Urban,State - NCT OF DELHI,Other religious communities,50-59,266,141,125,170,120,50,3,2,1,0,0,0,93,19,74,5,4,1
Urban,State - NCT OF DELHI,Other religious communities,60-69,142,78,64,68,47,21,0,0,0,0,0,0,74,31,43,3,1,2
Urban,State - NCT OF DELHI,Other religious communities,70-79,68,30,38,16,13,3,3,2,1,0,0,0,49,15,34,0,0,0
Urban,State - NCT OF DELHI,Other religious communities,80+,47,19,28,8,5,3,0,0,0,0,0,0,39,14,25,0,0,0
Urban,State - NCT OF DELHI,Other religious communities,Age not stated,2,0,2,0,0,0,0,0,0,0,0,0,2,0,2,0,0,0
Urban,State - NCT OF DELHI,Other religious communities,15-59,1521,807,714,830,588,242,43,32,11,17,16,1,648,187,461,76,36,40
Urban,State - NCT OF DELHI,Other religious communities,60+,257,127,130,92,65,27,3,2,1,0,0,0,162,60,102,3,1,2
Total,State - RAJASTHAN,All religious communities,Total,68548437,35550997,32997440,21057968,15243537,5814431,8828287,3053539,5774748,3662447,1743027,1919420,38662182,17253921,21408261,2166954,1044693,1122261
Total,State - RAJASTHAN,All religious communities,5-9,8042738,4258873,3783865,41380,22180,19200,85296,40814,44482,9809,4837,4972,7916062,4195879,3720183,42871,23123,19748
Total,State - RAJASTHAN,All religious communities,10-14,8380518,4430696,3949822,210958,111405,99553,510752,221819,288933,102354,47988,54366,7658808,4097472,3561336,142924,77566,65358
Total,State - RAJASTHAN,All religious communities,15-19,7314017,3889874,3424143,1257276,821945,435331,1228397,532933,695464,554146,295364,258782,4828344,2534996,2293348,642172,381843,260329
Total,State - RAJASTHAN,All religious communities,20-24,6426494,3377483,3049011,2662864,1922999,739865,1343667,537220,806447,698347,381656,316691,2419963,917264,1502699,623184,345679,277505
Total,State - RAJASTHAN,All religious communities,25-29,5348497,2763059,2585438,2927241,2160896,766345,1091981,370270,721711,534627,262320,272307,1329275,231893,1097382,276320,111680,164640
Total,State - RAJASTHAN,All religious communities,30-34,4722683,2384569,2338114,2787315,2022284,765031,950263,276088,674175,439432,191591,247841,985105,86197,898908,137297,34527,102770
Total,State - RAJASTHAN,All religious communities,35-39,4334564,2201790,2132774,2656133,1917579,738554,844650,229917,614733,376783,155328,221455,833781,54294,779487,90628,16686,73942
Total,State - RAJASTHAN,All religious communities,40-49,6880759,3535428,3345331,4271969,3102493,1169476,1277321,339473,937848,522664,213010,309654,1331469,93462,1238007,106599,19827,86772
Total,State - RAJASTHAN,All religious communities,50-59,4414257,2280873,2133384,2588393,1922490,665903,776531,221177,555354,258756,110185,148571,1049333,137206,912127,52679,13020,39659
Total,State - RAJASTHAN,All religious communities,60-69,3030515,1473495,1557020,1180186,876056,304130,494746,180032,314714,119278,56555,62723,1355583,417407,938176,32315,11998,20317
Total,State - RAJASTHAN,All religious communities,70-79,1494570,706027,788543,324344,253947,70397,154563,74889,79674,26046,14520,11526,1015663,377191,638472,10180,4159,6021
Total,State - RAJASTHAN,All religious communities,80+,587053,252741,334312,70443,53463,16980,33137,16335,16802,6108,3195,2913,483473,182943,300530,3295,1399,1896
Total,State - RAJASTHAN,All religious communities,Age not stated,269602,137515,132087,79466,55800,23666,36983,12572,24411,14097,6478,7619,153153,69143,84010,6490,3186,3304
Total,State - RAJASTHAN,All religious communities,15-59,39441271,20433076,19008195,19151191,13870686,5280505,7512810,2507078,5005732,3384755,1609454,1775301,12777270,4055312,8721958,1928879,923262,1005617
Total,State - RAJASTHAN,All religious communities,60+,5112138,2432263,2679875,1574973,1183466,391507,682446,271256,411190,151432,74270,77162,2854719,977541,1877178,45790,17556,28234
Total,State - RAJASTHAN,Hindu,Total,60657103,31485832,29171271,18805444,13458394,5347050,8084715,2775476,5309239,3381757,1592503,1789254,33766944,15251962,18514982,1920537,934510,986027
Total,State - RAJASTHAN,Hindu,5-9,7075999,3751566,3324433,36051,19149,16902,76112,36440,39672,8601,4185,4416,6963836,3695977,3267859,37745,20285,17460
Total,State - RAJASTHAN,Hindu,10-14,7414344,3923584,3490760,182291,93676,88615,459532,199609,259923,92284,42619,49665,6772521,3630299,3142222,124245,66831,57414
Total,State - RAJASTHAN,Hindu,15-19,6462665,3446860,3015805,1090207,698401,391806,1116125,482600,633525,508423,267803,240620,4256333,2265859,1990474,570022,339126,230896
Total,State - RAJASTHAN,Hindu,20-24,5644505,2977207,2667298,2342613,1667220,675393,1224286,488047,736239,643550,349225,294325,2077606,821940,1255666,558723,313456,245267
Total,State - RAJASTHAN,Hindu,25-29,4722491,2442790,2279701,2604236,1899078,705158,999244,336385,662859,494201,240418,253783,1119011,207327,911684,245756,101761,143995
Total,State - RAJASTHAN,Hindu,30-34,4192783,2118143,2074640,2497300,1790790,706510,872485,251191,621294,407007,175766,231241,822998,76162,746836,120483,31219,89264
Total,State - RAJASTHAN,Hindu,35-39,3860266,1962513,1897753,2387220,1705398,681822,777283,209416,567867,349656,142517,207139,695763,47699,648064,78674,14947,63727
Total,State - RAJASTHAN,Hindu,40-49,6140222,3155538,2984684,3844293,2764034,1080259,1176980,309377,867603,485357,195348,290009,1118949,82127,1036822,92664,17487,75177
Total,State - RAJASTHAN,Hindu,50-59,3950606,2039725,1910881,2335151,1718053,617098,717690,201928,515762,239997,100881,139116,897765,119744,778021,46057,11248,34809
Total,State - RAJASTHAN,Hindu,60-69,2713595,1316632,1396963,1063333,781793,281540,458083,165459,292624,110158,51665,58493,1192179,369380,822799,28478,10458,18020
Total,State - RAJASTHAN,Hindu,70-79,1338675,629894,708781,290524,225696,64828,142753,68771,73982,23922,13245,10677,905398,335427,569971,8963,3606,5357
Total,State - RAJASTHAN,Hindu,80+,520164,222297,297867,61646,46249,15397,30239,14795,15444,5558,2885,2673,428279,161253,267026,2891,1215,1676
Total,State - RAJASTHAN,Hindu,Age not stated,237676,121008,116668,70579,48857,21722,33903,11458,22445,13043,5946,7097,133194,60693,72501,5836,2871,2965
Total,State - RAJASTHAN,Hindu,15-59,34973538,18142776,16830762,17101020,12242974,4858046,6884093,2278944,4605149,3128191,1471958,1656233,10988425,3620858,7367567,1712379,829244,883135
Total,State - RAJASTHAN,Hindu,60+,4572434,2168823,2403611,1415503,1053738,361765,631075,249025,382050,139638,67795,71843,2525856,866060,1659796,40332,15279,25053
Total,State - RAJASTHAN,Muslim,Total,6215377,3193530,3021847,1691155,1334487,356668,601994,235475,366519,233182,128552,104630,3922228,1623568,2298660,184702,84320,100382
Total,State - RAJASTHAN,Muslim,5-9,823155,429587,393568,4526,2521,2005,8137,3840,4297,1044,554,490,810492,423226,387266,4360,2443,1917
Total,State - RAJASTHAN,Muslim,10-14,809192,422317,386875,25357,15346,10011,45326,19392,25934,8765,4645,4120,738509,387579,350930,16197,9366,6831
Total,State - RAJASTHAN,Muslim,15-19,691116,357408,333708,145028,106244,38784,95964,43086,52878,38866,23603,15263,450124,208078,242046,57533,34554,22979
Total,State - RAJASTHAN,Muslim,20-24,624510,319456,305054,264359,211341,53018,99448,42210,57238,45867,27781,18086,260703,65905,194798,44113,22633,21480
Total,State - RAJASTHAN,Muslim,25-29,487734,248354,239380,249500,202313,47187,75774,29091,46683,33747,18824,14923,162460,16950,145510,21135,6768,14367
Total,State - RAJASTHAN,Muslim,30-34,403952,202260,201692,217659,173581,44078,62195,21346,40849,26982,13703,13279,124098,7333,116765,12382,2371,10011
Total,State - RAJASTHAN,Muslim,35-39,355828,179352,176476,198708,157084,41624,53061,17453,35608,22355,11016,11339,104059,4815,99244,9096,1260,7836
Total,State - RAJASTHAN,Muslim,40-49,530313,272432,257881,301749,238938,62811,77158,25284,51874,30446,14991,15455,151406,8210,143196,10445,1661,8784
Total,State - RAJASTHAN,Muslim,50-59,321354,167127,154227,172468,138221,34247,45303,15960,29343,15310,7893,7417,103583,12946,90637,4968,1340,3628
Total,State - RAJASTHAN,Muslim,60-69,215644,106946,108698,79277,62657,16620,27158,11448,15710,7053,3933,3120,109209,32841,76368,2901,1181,1720
Total,State - RAJASTHAN,Muslim,70-79,101814,49302,52512,21539,17549,3990,8339,4440,3899,1569,965,604,71936,27313,44623,891,418,473
Total,State - RAJASTHAN,Muslim,80+,43616,19424,24192,5732,4612,1120,2101,1117,984,424,241,183,35783,13695,22088,307,141,166
Total,State - RAJASTHAN,Muslim,Age not stated,20694,10527,10167,5253,4080,1173,2030,808,1222,754,403,351,13411,5639,7772,374,184,190
Total,State - RAJASTHAN,Muslim,15-59,3414807,1746389,1668418,1549471,1227722,321749,508903,194430,314473,213573,117811,95762,1356433,324237,1032196,159672,70587,89085
Total,State - RAJASTHAN,Muslim,60+,361074,175672,185402,106548,84818,21730,37598,17005,20593,9046,5139,3907,216928,73849,143079,4099,1740,2359
Total,State - RAJASTHAN,Christian,Total,96430,48887,47543,35261,22490,12771,8384,3296,5088,4113,1831,2282,52785,23101,29684,3360,1610,1750
Total,State - RAJASTHAN,Christian,5-9,9730,5091,4639,48,30,18,141,76,65,24,15,9,9541,4985,4556,68,36,32
Total,State - RAJASTHAN,Christian,10-14,9886,5033,4853,221,121,100,520,230,290,155,76,79,9145,4682,4463,160,82,78
Total,State - RAJASTHAN,Christian,15-19,9105,4642,4463,1104,695,409,1218,555,663,640,302,338,6783,3392,3391,683,398,285
Total,State - RAJASTHAN,Christian,20-24,8642,4262,4380,3123,2042,1081,1233,508,725,765,367,398,4286,1712,2574,965,491,474
Total,State - RAJASTHAN,Christian,25-29,7652,3968,3684,4407,3021,1386,990,391,599,596,283,313,2255,556,1699,557,216,341
Total,State - RAJASTHAN,Christian,30-34,7046,3672,3374,4650,3158,1492,909,318,591,522,215,307,1487,196,1291,282,92,190
Total,State - RAJASTHAN,Christian,35-39,6562,3323,3239,4507,2921,1586,812,272,540,404,157,247,1243,130,1113,178,48,130
Total,State - RAJASTHAN,Christian,40-49,12000,6091,5909,8798,5380,3418,1185,413,772,546,215,331,2017,298,1719,220,99,121
Total,State - RAJASTHAN,Christian,50-59,8565,4277,4288,5941,3536,2405,708,263,445,290,133,157,1916,478,1438,146,91,55
Total,State - RAJASTHAN,Christian,60-69,5051,2448,2603,1672,1097,575,454,174,280,131,49,82,2925,1177,1748,74,43,31
Total,State - RAJASTHAN,Christian,70-79,2192,938,1254,490,304,186,138,61,77,19,9,10,1564,573,991,12,8,4
Total,State - RAJASTHAN,Christian,80+,901,349,552,122,74,48,24,14,10,7,4,3,755,261,494,5,1,4
Total,State - RAJASTHAN,Christian,Age not stated,447,240,207,178,111,67,52,21,31,14,6,8,217,108,109,10,5,5
Total,State - RAJASTHAN,Christian,15-59,59572,30235,29337,32530,20753,11777,7055,2720,4335,3763,1672,2091,19987,6762,13225,3031,1435,1596
Total,State - RAJASTHAN,Christian,60+,8144,3735,4409,2284,1475,809,616,249,367,157,62,95,5244,2011,3233,91,52,39
Total,State - RAJASTHAN,Sikh,Total,872930,459406,413524,308982,240059,68923,109752,28960,80792,35488,15909,19579,454196,190387,263809,28821,12050,16771
Total,State - RAJASTHAN,Sikh,5-9,80427,44010,36417,341,222,119,537,269,268,48,28,20,79549,43519,36030,375,205,170
Total,State - RAJASTHAN,Sikh,10-14,89927,49318,40609,2395,1796,599,4592,2212,2380,950,551,399,82940,45310,37630,1635,953,682
Total,State - RAJASTHAN,Sikh,15-19,90646,48978,41668,17956,14402,3554,12990,5618,7372,5297,3108,2189,59700,28958,30742,8593,4682,3911
Total,State - RAJASTHAN,Sikh,20-24,86017,44920,41097,37541,29811,7730,15393,4849,10544,6472,3318,3154,33083,10260,22823,8778,3904,4874
Total,State - RAJASTHAN,Sikh,25-29,71493,37784,33709,41065,32215,8850,13026,2998,10028,4806,2089,2717,17402,2571,14831,3581,1128,2453
Total,State - RAJASTHAN,Sikh,30-34,64316,32837,31479,38850,29625,9225,12143,2216,9927,4040,1462,2578,13323,996,12327,1728,340,1388
Total,State - RAJASTHAN,Sikh,35-39,59839,30426,29413,37338,27836,9502,11206,1930,9276,3610,1262,2348,11295,660,10635,1124,159,965
Total,State - RAJASTHAN,Sikh,40-49,104130,53512,50618,64948,49245,15703,18245,3025,15220,5246,1914,3332,20937,1242,19695,1536,262,1274
Total,State - RAJASTHAN,Sikh,50-59,63381,33274,30107,37323,29540,7783,10323,2041,8282,2610,1019,1591,15735,1693,14042,690,132,558
Total,State - RAJASTHAN,Sikh,60-69,48355,23859,24496,20709,16621,4088,7319,2143,5176,1658,769,889,20327,5095,15232,422,130,292
Total,State - RAJASTHAN,Sikh,70-79,25397,12968,12429,6730,5724,1006,2643,1207,1436,460,259,201,16024,6037,9987,168,71,97
Total,State - RAJASTHAN,Sikh,80+,11856,5909,5947,1645,1367,278,602,300,302,102,57,45,9609,4242,5367,44,19,25
Total,State - RAJASTHAN,Sikh,Age not stated,5786,2972,2814,2141,1655,486,733,152,581,189,73,116,2912,1165,1747,147,65,82
Total,State - RAJASTHAN,Sikh,15-59,539822,281731,258091,275021,212674,62347,93326,22677,70649,32081,14172,17909,171475,46380,125095,26030,10607,15423
Total,State - RAJASTHAN,Sikh,60+,85608,42736,42872,29084,23712,5372,10564,3650,6914,2220,1085,1135,45960,15374,30586,634,220,414
Total,State - RAJASTHAN,Buddhist,Total,12185,6382,5803,3697,2750,947,1325,439,886,501,246,255,7163,3193,3970,469,205,264
Total,State - RAJASTHAN,Buddhist,5-9,1456,746,710,5,5,0,5,5,0,0,0,0,1446,736,710,10,4,6
Total,State - RAJASTHAN,Buddhist,10-14,1493,821,672,31,18,13,59,25,34,11,5,6,1403,778,625,25,12,13
Total,State - RAJASTHAN,Buddhist,15-19,1315,658,657,156,100,56,196,84,112,71,39,32,963,474,489,125,66,59
Total,State - RAJASTHAN,Buddhist,20-24,1091,567,524,448,316,132,183,72,111,92,49,43,460,179,281,129,65,64
Total,State - RAJASTHAN,Buddhist,25-29,1054,545,509,572,420,152,201,63,138,90,44,46,281,62,219,73,29,44
Total,State - RAJASTHAN,Buddhist,30-34,879,440,439,514,379,135,156,40,116,62,26,36,209,21,188,46,10,36
Total,State - RAJASTHAN,Buddhist,35-39,776,411,365,499,368,131,128,35,93,54,28,26,149,8,141,17,4,13
Total,State - RAJASTHAN,Buddhist,40-49,1225,685,540,780,611,169,197,53,144,72,32,40,248,21,227,23,4,19
Total,State - RAJASTHAN,Buddhist,50-59,720,392,328,429,338,91,102,26,76,35,15,20,189,28,161,10,4,6
Total,State - RAJASTHAN,Buddhist,60-69,502,242,260,187,126,61,56,14,42,10,6,4,259,102,157,9,6,3
Total,State - RAJASTHAN,Buddhist,70-79,272,143,129,51,45,6,33,18,15,3,2,1,188,80,108,1,0,1
Total,State - RAJASTHAN,Buddhist,80+,88,40,48,11,11,0,7,3,4,0,0,0,70,26,44,1,1,0
Total,State - RAJASTHAN,Buddhist,Age not stated,52,30,22,14,13,1,2,1,1,1,0,1,36,16,20,0,0,0
Total,State - RAJASTHAN,Buddhist,15-59,7060,3698,3362,3398,2532,866,1163,373,790,476,233,243,2499,793,1706,423,182,241
Total,State - RAJASTHAN,Buddhist,60+,862,425,437,249,182,67,96,35,61,13,8,5,517,208,309,11,7,4
Total,State - RAJASTHAN,Jain,Total,622023,317614,304409,194561,171263,23298,14932,6918,8014,4366,2387,1979,412530,139433,273097,26253,10575,15678
Total,State - RAJASTHAN,Jain,5-9,43255,23156,20099,246,146,100,169,89,80,67,41,26,42840,22921,19919,237,114,123
Total,State - RAJASTHAN,Jain,10-14,47777,25319,22458,381,281,100,303,159,144,84,41,43,47093,24879,22214,499,233,266
Total,State - RAJASTHAN,Jain,15-19,52374,27603,24771,1692,1371,321,930,501,429,398,244,154,49752,25731,24021,4425,2555,1870
Total,State - RAJASTHAN,Jain,20-24,55608,27809,27799,12514,10588,1926,2040,1039,1001,1031,585,446,41054,16182,24872,9799,4754,5045
Total,State - RAJASTHAN,Jain,25-29,53137,26890,26247,24849,21871,2978,1958,1001,957,791,441,350,26330,4018,22312,4893,1630,3263
Total,State - RAJASTHAN,Jain,30-34,49383,24874,24509,25891,22897,2994,1640,731,909,484,261,223,21852,1246,20606,2148,413,1735
Total,State - RAJASTHAN,Jain,35-39,47384,23563,23821,25546,22178,3368,1515,588,927,398,198,200,20323,797,19526,1386,214,1172
Total,State - RAJASTHAN,Jain,40-49,87039,43985,43054,47972,41690,6282,2590,992,1598,572,307,265,36477,1303,35174,1534,242,1292
Total,State - RAJASTHAN,Jain,50-59,65743,33956,31787,34882,31154,3728,1816,748,1068,315,148,167,29045,2054,26991,711,166,545
Total,State - RAJASTHAN,Jain,60-69,44476,21920,22556,13997,12989,1008,1241,622,619,146,76,70,29238,8309,20929,370,157,213
Total,State - RAJASTHAN,Jain,70-79,24641,12014,12627,4680,4379,301,519,321,198,45,27,18,19442,7314,12128,132,53,79
Total,State - RAJASTHAN,Jain,80+,9630,4352,5278,1173,1064,109,128,92,36,12,6,6,8329,3196,5133,39,16,23
Total,State - RAJASTHAN,Jain,Age not stated,2541,1259,1282,738,655,83,83,35,48,23,12,11,1720,569,1151,80,28,52
Total,State - RAJASTHAN,Jain,15-59,410668,208680,201988,173346,151749,21597,12489,5600,6889,3989,2184,1805,224833,51331,173502,24896,9974,14922
Total,State - RAJASTHAN,Jain,60+,78747,38286,40461,19850,18432,1418,1888,1035,853,203,109,94,57009,18819,38190,541,226,315
Total,State - RAJASTHAN,Other religious communities,Total,4676,2399,2277,1186,872,314,700,300,400,455,222,233,2790,1227,1563,194,80,114
Total,State - RAJASTHAN,Other religious communities,5-9,573,311,262,6,3,3,10,8,2,2,2,0,557,300,257,3,1,2
Total,State - RAJASTHAN,Other religious communities,10-14,547,292,255,11,3,8,19,8,11,8,3,5,517,281,236,13,5,8
Total,State - RAJASTHAN,Other religious communities,15-19,478,245,233,58,37,21,69,36,33,45,24,21,351,172,179,55,25,30
Total,State - RAJASTHAN,Other religious communities,20-24,426,221,205,127,93,34,92,45,47,68,40,28,207,83,124,60,33,27
Total,State - RAJASTHAN,Other religious communities,25-29,330,172,158,153,119,34,72,30,42,51,24,27,105,23,82,20,8,12
Total,State - RAJASTHAN,Other religious communities,30-34,302,129,173,152,102,50,73,21,52,51,18,33,77,6,71,14,4,10
Total,State - RAJASTHAN,Other religious communities,35-39,295,165,130,155,125,30,94,39,55,67,31,36,46,1,45,7,0,7
Total,State - RAJASTHAN,Other religious communities,40-49,516,262,254,260,194,66,142,55,87,88,42,46,114,13,101,14,1,13
Total,State - RAJASTHAN,Other religious communities,50-59,294,157,137,158,116,42,58,28,30,40,19,21,78,13,65,4,1,3
Total,State - RAJASTHAN,Other religious communities,60-69,224,112,112,76,58,18,47,20,27,26,14,12,101,34,67,1,0,1
Total,State - RAJASTHAN,Other religious communities,70-79,132,55,77,20,14,6,17,10,7,7,5,2,95,31,64,1,0,1
Total,State - RAJASTHAN,Other religious communities,80+,40,22,18,7,5,2,1,0,1,0,0,0,32,17,15,0,0,0
Total,State - RAJASTHAN,Other religious communities,Age not stated,23,8,15,3,3,0,6,0,6,2,0,2,14,5,9,2,2,0
Total,State - RAJASTHAN,Other religious communities,15-59,2641,1351,1290,1063,786,277,600,254,346,410,198,212,978,311,667,174,72,102
Total,State - RAJASTHAN,Other religious communities,60+,396,189,207,103,77,26,65,30,35,33,19,14,228,82,146,2,0,2
Rural,State - RAJASTHAN,All religious communities,Total,51500352,26641747,24858605,16173343,11069837,5103506,8211890,2705632,5506258,3389435,1558293,1831142,27115119,12866278,14248841,1420171,696685,723486
Rural,State - RAJASTHAN,All religious communities,5-9,6326379,3336981,2989398,32201,16713,15488,77398,36549,40849,7841,3734,4107,6216780,3283719,2933061,30616,16287,14329
Rural,State - RAJASTHAN,All religious communities,10-14,6537189,3446732,3090457,178201,88050,90151,490609,210739,279870,95389,43573,51816,5868379,3147943,2720436,108007,56823,51184
Rural,State - RAJASTHAN,All religious communities,15-19,5496935,2918083,2578852,1050058,649602,400456,1162388,491816,670572,520855,271622,249233,3284489,1776665,1507824,471139,278619,192520
Rural,State - RAJASTHAN,All religious communities,20-24,4682761,2471674,2211087,2122141,1452423,669718,1246958,475288,771670,645852,343074,302778,1313662,543963,769699,387007,220554,166453
Rural,State - RAJASTHAN,All religious communities,25-29,3832693,1981853,1850840,2213341,1540486,672855,1004506,317738,686768,490780,231368,259412,614846,123629,491217,150239,61805,88434
Rural,State - RAJASTHAN,All religious communities,30-34,3412817,1716111,1696706,2096146,1431796,664350,874912,235753,639159,404314,168521,235793,441759,48562,393197,78472,19286,59186
Rural,State - RAJASTHAN,All religious communities,35-39,3130395,1585834,1544561,1991368,1358182,633186,775906,195629,580277,346172,136298,209874,363121,32023,331098,53225,9789,43436
Rural,State - RAJASTHAN,All religious communities,40-49,4970472,2540662,2429810,3197489,2191737,1005752,1179609,290616,888993,483283,188253,295030,593374,58309,535065,68029,12123,55906
Rural,State - RAJASTHAN,All religious communities,50-59,3201508,1636763,1564745,1935219,1358845,576374,723815,193407,530408,240965,98640,142325,542474,84511,457963,36141,7889,28252
Rural,State - RAJASTHAN,All religious communities,60-69,2314649,1115148,1199501,972240,696266,275974,465745,163469,302276,111286,51357,59929,876664,255413,621251,22857,7350,15507
Rural,State - RAJASTHAN,All religious communities,70-79,1160072,544470,615602,266669,203594,63075,145094,68850,76244,24081,13187,10894,748309,272026,476283,7588,2932,4656
Rural,State - RAJASTHAN,All religious communities,80+,449071,193050,256021,54112,39455,14657,30364,14600,15764,5482,2799,2683,364595,138995,225600,2145,901,1244
Rural,State - RAJASTHAN,All religious communities,Age not stated,214487,108656,105831,64158,42688,21470,34586,11178,23408,13135,5867,7268,115743,54790,60953,4706,2327,2379
Rural,State - RAJASTHAN,All religious communities,15-59,28727581,14850980,13876601,14605762,9983071,4622691,6968094,2200247,4767847,3132221,1437776,1694445,7153725,2667662,4486063,1244252,610065,634187
Rural,State - RAJASTHAN,All religious communities,60+,3923792,1852668,2071124,1293021,939315,353706,641203,246919,394284,140849,67343,73506,1989568,666434,1323134,32590,11183,21407
Rural,State - RAJASTHAN,Hindu,Total,47362921,24505347,22857574,14946316,10181527,4764789,7598117,2507885,5090232,3165163,1449568,1715595,24818488,11815935,13002553,1316891,652843,664048
Rural,State - RAJASTHAN,Hindu,5-9,5776869,3048042,2728827,29400,15206,14194,70208,33244,36964,7134,3386,3748,5677261,2999592,2677669,28299,15028,13271
Rural,State - RAJASTHAN,Hindu,10-14,6003674,3164839,2838835,160082,77997,82085,444710,191567,253143,87180,39491,47689,5398882,2895275,2503607,98918,51947,46971
Rural,State - RAJASTHAN,Hindu,15-19,5063322,2690949,2372373,949106,581397,367709,1067347,452574,614773,483526,250355,233171,3046869,1656978,1389891,438750,260324,178426
Rural,State - RAJASTHAN,Hindu,20-24,4294004,2272156,2021848,1940096,1319702,620394,1149178,441021,708157,602126,319456,282670,1204730,511433,693297,361325,208617,152708
Rural,State - RAJASTHAN,Hindu,25-29,3526696,1824294,1702402,2040505,1412793,627712,929475,295381,634094,458898,216010,242888,556716,116120,440596,139153,58647,80506
Rural,State - RAJASTHAN,Hindu,30-34,3152810,1585790,1567020,1942890,1320940,621950,811876,219658,592218,378525,157498,221027,398044,45192,352852,71968,18170,53798
Rural,State - RAJASTHAN,Hindu,35-39,2899611,1469449,1430162,1850600,1257245,593355,721766,182504,539262,324689,127415,197274,327245,29700,297545,48584,9153,39431
Rural,State - RAJASTHAN,Hindu,40-49,4606806,2355368,2251438,2973448,2030117,943331,1098194,271245,826949,453603,175968,277635,535164,54006,481158,62197,11233,50964
Rural,State - RAJASTHAN,Hindu,50-59,2972973,1519152,1453821,1803184,1260777,542407,675180,180249,494931,225818,91974,133844,494609,78126,416483,33235,7257,25978
Rural,State - RAJASTHAN,Hindu,60-69,2147885,1033228,1114657,902924,643837,259087,434849,152551,282298,103930,47727,56203,810112,236840,573272,21119,6775,14344
Rural,State - RAJASTHAN,Hindu,70-79,1074983,502892,572091,246303,187264,59039,135266,64052,71214,22393,12231,10162,693414,251576,441838,6998,2693,4305
Rural,State - RAJASTHAN,Hindu,80+,412406,175943,236463,49253,35648,13605,28079,13471,14608,5074,2587,2487,335074,126824,208250,1977,828,1149
Rural,State - RAJASTHAN,Hindu,Age not stated,194977,98528,96449,58525,38604,19921,31989,10368,21621,12267,5470,6797,104463,49556,54907,4368,2171,2197
Rural,State - RAJASTHAN,Hindu,15-59,26516222,13717158,12799064,13499829,9182971,4316858,6453016,2042632,4410384,2927185,1338676,1588509,6563377,2491555,4071822,1155212,573401,581811
Rural,State - RAJASTHAN,Hindu,60+,3635274,1712063,1923211,1198480,866749,331731,598194,230074,368120,131397,62545,68852,1838600,615240,1223360,30094,10296,19798
Rural,State - RAJASTHAN,Muslim,Total,3161857,1626309,1535548,889086,628336,260750,486882,163352,323530,182416,90215,92201,1785889,834621,951268,70812,30391,40421
Rural,State - RAJASTHAN,Muslim,5-9,457903,239235,218668,2345,1217,1128,6413,2915,3498,623,297,326,449145,235103,214042,1874,1019,855
Rural,State - RAJASTHAN,Muslim,10-14,433844,227898,205946,15547,8226,7321,40458,16595,23863,7040,3444,3596,377839,203077,174762,7371,3923,3448
Rural,State - RAJASTHAN,Muslim,15-19,334491,174152,160339,82453,53871,28582,79884,32711,47173,31086,17722,13364,172154,87570,84584,22897,13121,9776
Rural,State - RAJASTHAN,Muslim,20-24,295506,151374,144132,142229,101795,40434,79843,28522,51321,35908,19685,16223,73434,21057,52377,15850,7564,8286
Rural,State - RAJASTHAN,Muslim,25-29,228671,117077,111594,128756,93528,35228,60109,18761,41348,26182,12889,13293,39806,4788,35018,7137,1894,5243
Rural,State - RAJASTHAN,Muslim,30-34,189735,94346,95389,110851,78695,32156,49155,13423,35732,21015,9269,11746,29729,2228,27501,4492,714,3778
Rural,State - RAJASTHAN,Muslim,35-39,165216,82812,82404,99778,70425,29353,41385,10841,30544,17249,7390,9859,24053,1546,22507,3292,428,2864
Rural,State - RAJASTHAN,Muslim,40-49,249899,126624,123275,152857,107971,44886,60677,15798,44879,23617,10093,13524,36365,2855,33510,4022,586,3436
Rural,State - RAJASTHAN,Muslim,50-59,156864,80444,76420,90325,65268,25057,36618,10712,25906,12116,5511,6605,29921,4464,25457,2028,440,1588
Rural,State - RAJASTHAN,Muslim,60-69,111014,54656,56358,45570,33420,12150,22365,8368,13997,5498,2797,2701,43079,12868,30211,1198,415,783
Rural,State - RAJASTHAN,Muslim,70-79,54360,26313,28047,12376,9558,2818,6738,3378,3360,1179,677,502,35246,13377,21869,377,157,220
Rural,State - RAJASTHAN,Muslim,80+,22946,10480,12466,2982,2267,715,1595,775,820,299,154,145,18369,7438,10931,113,52,61
Rural,State - RAJASTHAN,Muslim,Age not stated,11818,6025,5793,3017,2095,922,1642,553,1089,604,287,317,7159,3377,3782,161,78,83
Rural,State - RAJASTHAN,Muslim,15-59,1620382,826829,793553,807249,571553,235696,407671,130768,276903,167173,82559,84614,405462,124508,280954,59718,24747,34971
Rural,State - RAJASTHAN,Muslim,60+,188320,91449,96871,60928,45245,15683,30698,12521,18177,6976,3628,3348,96694,33683,63011,1688,624,1064
Rural,State - RAJASTHAN,Christian,Total,46177,23643,22534,15757,10055,5702,7030,2496,4534,3581,1476,2105,23390,11092,12298,1091,511,580
Rural,State - RAJASTHAN,Christian,5-9,5869,3040,2829,17,10,7,111,59,52,16,11,5,5741,2971,2770,37,20,17
Rural,State - RAJASTHAN,Christian,10-14,5587,2838,2749,155,78,77,479,204,275,141,64,77,4953,2556,2397,92,43,49
Rural,State - RAJASTHAN,Christian,15-19,4572,2291,2281,771,444,327,1122,496,626,593,271,322,2679,1351,1328,316,187,129
Rural,State - RAJASTHAN,Christian,20-24,4020,2018,2002,1822,1149,673,1081,417,664,673,312,361,1117,452,665,267,129,138
Rural,State - RAJASTHAN,Christian,25-29,3361,1731,1630,2068,1336,732,804,276,528,504,222,282,489,119,370,125,45,80
Rural,State - RAJASTHAN,Christian,30-34,3125,1664,1461,2083,1394,689,731,222,509,448,169,279,311,48,263,74,20,54
Rural,State - RAJASTHAN,Christian,35-39,2902,1494,1408,1990,1280,710,660,180,480,348,117,231,252,34,218,55,14,41
Rural,State - RAJASTHAN,Christian,40-49,4888,2561,2327,3485,2215,1270,951,269,682,477,170,307,452,77,375,61,19,42
Rural,State - RAJASTHAN,Christian,50-59,2926,1504,1422,2001,1252,749,531,156,375,229,84,145,394,96,298,34,22,12
Rural,State - RAJASTHAN,Christian,60-69,1932,951,981,878,585,293,375,132,243,114,39,75,679,234,445,23,10,13
Rural,State - RAJASTHAN,Christian,70-79,946,422,524,303,199,104,115,54,61,19,9,10,528,169,359,2,1,1
Rural,State - RAJASTHAN,Christian,80+,373,143,230,54,32,22,21,13,8,6,3,3,298,98,200,3,0,3
Rural,State - RAJASTHAN,Christian,Age not stated,321,168,153,130,81,49,49,18,31,13,5,8,142,69,73,2,1,1
Rural,State - RAJASTHAN,Christian,15-59,25794,13263,12531,14220,9070,5150,5880,2016,3864,3272,1345,1927,5694,2177,3517,932,436,496
Rural,State - RAJASTHAN,Christian,60+,3251,1516,1735,1235,816,419,511,199,312,139,51,88,1505,501,1004,28,11,17
Rural,State - RAJASTHAN,Sikh,Total,707227,371222,336005,255590,194257,61333,103964,25938,78026,32749,14227,18522,347673,151027,196646,21400,8861,12539
Rural,State - RAJASTHAN,Sikh,5-9,66769,36447,30322,280,178,102,478,241,237,41,23,18,66011,36028,29983,289,162,127
Rural,State - RAJASTHAN,Sikh,10-14,74487,40774,33713,2087,1551,536,4390,2110,2280,905,519,386,68010,37113,30897,1346,775,571
Rural,State - RAJASTHAN,Sikh,15-19,74482,40257,34225,16037,12744,3293,12393,5243,7150,4972,2888,2084,46052,22270,23782,7094,3809,3285
Rural,State - RAJASTHAN,Sikh,20-24,69161,35936,33225,31938,24877,7061,14583,4345,10238,6012,2998,3014,22640,6714,15926,6321,2685,3636
Rural,State - RAJASTHAN,Sikh,25-29,56327,29474,26853,33399,25479,7920,12224,2549,9675,4356,1786,2570,10704,1446,9258,2233,661,1572
Rural,State - RAJASTHAN,Sikh,30-34,51259,25945,25314,31640,23435,8205,11451,1889,9562,3707,1278,2429,8168,621,7547,1126,196,930
Rural,State - RAJASTHAN,Sikh,35-39,48034,24421,23613,30687,22311,8376,10603,1663,8940,3338,1122,2216,6744,447,6297,766,105,661
Rural,State - RAJASTHAN,Sikh,40-49,82998,42670,40328,52929,39178,13751,17304,2620,14684,4793,1666,3127,12765,872,11893,1092,178,914
Rural,State - RAJASTHAN,Sikh,50-59,49758,25986,23772,29771,23052,6719,9794,1791,8003,2393,900,1493,10193,1143,9050,511,86,425
Rural,State - RAJASTHAN,Sikh,60-69,39305,19417,19888,17822,14053,3769,6956,1949,5007,1535,694,841,14527,3415,11112,336,88,248
Rural,State - RAJASTHAN,Sikh,70-79,20789,10566,10223,5768,4859,909,2522,1124,1398,432,239,193,12499,4583,7916,144,59,85
Rural,State - RAJASTHAN,Sikh,80+,9955,4942,5013,1406,1155,251,570,279,291,92,50,42,7979,3508,4471,30,10,20
Rural,State - RAJASTHAN,Sikh,Age not stated,4796,2456,2340,1826,1385,441,696,135,561,173,64,109,2274,936,1338,112,47,65
Rural,State - RAJASTHAN,Sikh,15-59,432019,224689,207330,226401,171076,55325,88352,20100,68252,29571,12638,16933,117266,33513,83753,19143,7720,11423
Rural,State - RAJASTHAN,Sikh,60+,70049,34925,35124,24996,20067,4929,10048,3352,6696,2059,983,1076,35005,11506,23499,510,157,353
Rural,State - RAJASTHAN,Buddhist,Total,8091,4202,3889,2456,1717,739,1202,374,828,446,210,236,4433,2111,2322,261,121,140
Rural,State - RAJASTHAN,Buddhist,5-9,1048,533,515,3,3,0,4,4,0,0,0,0,1041,526,515,5,2,3
Rural,State - RAJASTHAN,Buddhist,10-14,1056,573,483,20,11,9,56,23,33,11,5,6,980,539,441,20,8,12
Rural,State - RAJASTHAN,Buddhist,15-19,905,453,452,124,71,53,185,79,106,66,37,29,596,303,293,90,50,40
Rural,State - RAJASTHAN,Buddhist,20-24,723,370,353,341,224,117,168,61,107,83,41,42,214,85,129,65,35,30
Rural,State - RAJASTHAN,Buddhist,25-29,704,367,337,407,286,121,177,51,126,78,36,42,120,30,90,38,19,19
Rural,State - RAJASTHAN,Buddhist,30-34,512,258,254,326,226,100,133,27,106,51,20,31,53,5,48,16,1,15
Rural,State - RAJASTHAN,Buddhist,35-39,469,246,223,307,216,91,117,28,89,47,22,25,45,2,43,6,1,5
Rural,State - RAJASTHAN,Buddhist,40-49,729,407,322,481,355,126,175,46,129,64,29,35,73,6,67,11,0,11
Rural,State - RAJASTHAN,Buddhist,50-59,423,227,196,249,187,62,95,22,73,32,12,20,79,18,61,5,2,3
Rural,State - RAJASTHAN,Buddhist,60-69,330,154,176,147,93,54,55,14,41,10,6,4,128,47,81,4,3,1
Rural,State - RAJASTHAN,Buddhist,70-79,166,80,86,35,30,5,29,15,14,3,2,1,102,35,67,1,0,1
Rural,State - RAJASTHAN,Buddhist,80+,55,24,31,7,7,0,6,3,3,0,0,0,42,14,28,0,0,0
Rural,State - RAJASTHAN,Buddhist,Age not stated,34,18,16,9,8,1,2,1,1,1,0,1,23,9,14,0,0,0
Rural,State - RAJASTHAN,Buddhist,15-59,4465,2328,2137,2235,1565,670,1050,314,736,421,197,224,1180,449,731,231,108,123
Rural,State - RAJASTHAN,Buddhist,60+,551,258,293,189,130,59,90,32,58,13,8,5,272,96,176,5,3,2
Rural,State - RAJASTHAN,Jain,Total,166322,84649,81673,50982,44534,6448,8525,3184,5341,2448,1273,1175,106815,36931,69884,8293,3178,5115
Rural,State - RAJASTHAN,Jain,5-9,11927,6440,5487,40,21,19,33,17,16,8,5,3,11854,6402,5452,57,27,30
Rural,State - RAJASTHAN,Jain,10-14,13300,6961,6339,100,70,30,149,74,75,24,10,14,13051,6817,6234,150,72,78
Rural,State - RAJASTHAN,Jain,15-19,14835,7627,7208,726,571,155,587,294,293,212,127,85,13522,6762,6760,1564,876,688
Rural,State - RAJASTHAN,Jain,20-24,15712,7787,7925,4134,3549,585,1176,522,654,559,311,248,10402,3716,6686,2856,1332,1524
Rural,State - RAJASTHAN,Jain,25-29,13977,7216,6761,6429,5790,639,1068,467,601,429,247,182,6480,959,5521,1424,467,957
Rural,State - RAJASTHAN,Jain,30-34,12637,6552,6085,6644,5858,786,959,348,611,290,160,130,5034,346,4688,704,141,563
Rural,State - RAJASTHAN,Jain,35-39,11676,5947,5729,6408,5517,891,825,232,593,231,105,126,4443,198,4245,456,58,398
Rural,State - RAJASTHAN,Jain,40-49,21454,10946,10508,11959,10203,1756,1474,383,1091,356,158,198,8021,360,7661,551,68,483
Rural,State - RAJASTHAN,Jain,50-59,16051,8064,7987,8178,7232,946,1076,305,771,200,76,124,6797,527,6270,279,55,224
Rural,State - RAJASTHAN,Jain,60-69,12159,5701,6458,4104,3682,422,761,311,450,90,45,45,7294,1708,5586,138,42,96
Rural,State - RAJASTHAN,Jain,70-79,7690,3633,4057,1615,1483,132,302,165,137,30,18,12,5773,1985,3788,56,20,36
Rural,State - RAJASTHAN,Jain,80+,2791,1244,1547,333,289,44,63,46,17,6,3,3,2395,909,1486,17,8,9
Rural,State - RAJASTHAN,Jain,Age not stated,1015,519,496,312,269,43,52,20,32,13,8,5,651,230,421,41,12,29
Rural,State - RAJASTHAN,Jain,15-59,106342,54139,52203,44478,38720,5758,7165,2551,4614,2277,1184,1093,54699,12868,41831,7834,2997,4837
Rural,State - RAJASTHAN,Jain,60+,22640,10578,12062,6052,5454,598,1126,522,604,126,66,60,15462,4602,10860,211,70,141
Rural,State - RAJASTHAN,Other religious communities,Total,3407,1731,1676,786,556,230,655,270,385,445,218,227,1966,905,1061,141,62,79
Rural,State - RAJASTHAN,Other religious communities,5-9,455,247,208,4,2,2,6,4,2,2,2,0,445,241,204,2,1,1
Rural,State - RAJASTHAN,Other religious communities,10-14,439,223,216,9,1,8,14,6,8,7,3,4,416,216,200,12,4,8
Rural,State - RAJASTHAN,Other religious communities,15-19,370,195,175,47,28,19,66,34,32,44,24,20,257,133,124,48,25,23
Rural,State - RAJASTHAN,Other religious communities,20-24,271,146,125,79,56,23,89,44,45,67,39,28,103,46,57,40,24,16
Rural,State - RAJASTHAN,Other religious communities,25-29,212,106,106,99,71,28,67,25,42,50,23,27,46,10,36,8,4,4
Rural,State - RAJASTHAN,Other religious communities,30-34,194,82,112,93,60,33,72,21,51,50,18,32,29,1,28,8,1,7
Rural,State - RAJASTHAN,Other religious communities,35-39,216,116,100,101,81,20,89,34,55,67,31,36,26,1,25,6,0,6
Rural,State - RAJASTHAN,Other religious communities,40-49,367,188,179,180,131,49,130,48,82,84,41,43,57,9,48,11,1,10
Rural,State - RAJASTHAN,Other religious communities,50-59,181,97,84,94,67,27,55,26,29,40,19,21,32,4,28,2,0,2
Rural,State - RAJASTHAN,Other religious communities,60-69,156,76,80,57,43,14,44,18,26,25,13,12,55,15,40,1,0,1
Rural,State - RAJASTHAN,Other religious communities,70-79,97,37,60,16,11,5,16,10,6,7,5,2,65,16,49,1,0,1
Rural,State - RAJASTHAN,Other religious communities,80+,25,15,10,5,3,2,1,0,1,0,0,0,19,12,7,0,0,0
Rural,State - RAJASTHAN,Other religious communities,Age not stated,22,7,15,2,2,0,6,0,6,2,0,2,14,5,9,2,2,0
Rural,State - RAJASTHAN,Other religious communities,15-59,1811,930,881,693,494,199,568,232,336,402,195,207,550,204,346,123,55,68
Rural,State - RAJASTHAN,Other religious communities,60+,278,128,150,78,57,21,61,28,33,32,18,14,139,43,96,2,0,2
Urban,State - RAJASTHAN,All religious communities,Total,17048085,8909250,8138835,4884625,4173700,710925,616397,347907,268490,273012,184734,88278,11547063,4387643,7159420,746783,348008,398775
Urban,State - RAJASTHAN,All religious communities,5-9,1716359,921892,794467,9179,5467,3712,7898,4265,3633,1968,1103,865,1699282,912160,787122,12255,6836,5419
Urban,State - RAJASTHAN,All religious communities,10-14,1843329,983964,859365,32757,23355,9402,20143,11080,9063,6965,4415,2550,1790429,949529,840900,34917,20743,14174
Urban,State - RAJASTHAN,All religious communities,15-19,1817082,971791,845291,207218,172343,34875,66009,41117,24892,33291,23742,9549,1543855,758331,785524,171033,103224,67809
Urban,State - RAJASTHAN,All religious communities,20-24,1743733,905809,837924,540723,470576,70147,96709,61932,34777,52495,38582,13913,1106301,373301,733000,236177,125125,111052
Urban,State - RAJASTHAN,All religious communities,25-29,1515804,781206,734598,713900,620410,93490,87475,52532,34943,43847,30952,12895,714429,108264,606165,126081,49875,76206
Urban,State - RAJASTHAN,All religious communities,30-34,1309866,668458,641408,691169,590488,100681,75351,40335,35016,35118,23070,12048,543346,37635,505711,58825,15241,43584
Urban,State - RAJASTHAN,All religious communities,35-39,1204169,615956,588213,664765,559397,105368,68744,34288,34456,30611,19030,11581,470660,22271,448389,37403,6897,30506
Urban,State - RAJASTHAN,All religious communities,40-49,1910287,994766,915521,1074480,910756,163724,97712,48857,48855,39381,24757,14624,738095,35153,702942,38570,7704,30866
Urban,State - RAJASTHAN,All religious communities,50-59,1212749,644110,568639,653174,563645,89529,52716,27770,24946,17791,11545,6246,506859,52695,454164,16538,5131,11407
Urban,State - RAJASTHAN,All religious communities,60-69,715866,358347,357519,207946,179790,28156,29001,16563,12438,7992,5198,2794,478919,161994,316925,9458,4648,4810
Urban,State - RAJASTHAN,All religious communities,70-79,334498,161557,172941,57675,50353,7322,9469,6039,3430,1965,1333,632,267354,105165,162189,2592,1227,1365
Urban,State - RAJASTHAN,All religious communities,80+,137982,59691,78291,16331,14008,2323,2773,1735,1038,626,396,230,118878,43948,74930,1150,498,652
Urban,State - RAJASTHAN,All religious communities,Age not stated,55115,28859,26256,15308,13112,2196,2397,1394,1003,962,611,351,37410,14353,23057,1784,859,925
Urban,State - RAJASTHAN,All religious communities,15-59,10713690,5582096,5131594,4545429,3887615,657814,544716,306831,237885,252534,171678,80856,5623545,1387650,4235895,684627,313197,371430
Urban,State - RAJASTHAN,All religious communities,60+,1188346,579595,608751,281952,244151,37801,41243,24337,16906,10583,6927,3656,865151,311107,554044,13200,6373,6827
Urban,State - RAJASTHAN,Hindu,Total,13294182,6980485,6313697,3859128,3276867,582261,486598,267591,219007,216594,142935,73659,8948456,3436027,5512429,603646,281667,321979
Urban,State - RAJASTHAN,Hindu,5-9,1299130,703524,595606,6651,3943,2708,5904,3196,2708,1467,799,668,1286575,696385,590190,9446,5257,4189
Urban,State - RAJASTHAN,Hindu,10-14,1410670,758745,651925,22209,15679,6530,14822,8042,6780,5104,3128,1976,1373639,735024,638615,25327,14884,10443
Urban,State - RAJASTHAN,Hindu,15-19,1399343,755911,643432,141101,117004,24097,48778,30026,18752,24897,17448,7449,1209464,608881,600583,131272,78802,52470
Urban,State - RAJASTHAN,Hindu,20-24,1350501,705051,645450,402517,347518,54999,75108,47026,28082,41424,29769,11655,872876,310507,562369,197398,104839,92559
Urban,State - RAJASTHAN,Hindu,25-29,1195795,618496,577299,563731,486285,77446,69769,41004,28765,35303,24408,10895,562295,91207,471088,106603,43114,63489
Urban,State - RAJASTHAN,Hindu,30-34,1039973,532353,507620,554410,469850,84560,60609,31533,29076,28482,18268,10214,424954,30970,393984,48515,13049,35466
Urban,State - RAJASTHAN,Hindu,35-39,960655,493064,467591,536620,448153,88467,55517,26912,28605,24967,15102,9865,368518,17999,350519,30090,5794,24296
Urban,State - RAJASTHAN,Hindu,40-49,1533416,800170,733246,870845,733917,136928,78786,38132,40654,31754,19380,12374,583785,28121,555664,30467,6254,24213
Urban,State - RAJASTHAN,Hindu,50-59,977633,520573,457060,531967,457276,74691,42510,21679,20831,14179,8907,5272,403156,41618,361538,12822,3991,8831
Urban,State - RAJASTHAN,Hindu,60-69,565710,283404,282306,160409,137956,22453,23234,12908,10326,6228,3938,2290,382067,132540,249527,7359,3683,3676
Urban,State - RAJASTHAN,Hindu,70-79,263692,127002,136690,44221,38432,5789,7487,4719,2768,1529,1014,515,211984,83851,128133,1965,913,1052
Urban,State - RAJASTHAN,Hindu,80+,107758,46354,61404,12393,10601,1792,2160,1324,836,484,298,186,93205,34429,58776,914,387,527
Urban,State - RAJASTHAN,Hindu,Age not stated,42699,22480,20219,12054,10253,1801,1914,1090,824,776,476,300,28731,11137,17594,1468,700,768
Urban,State - RAJASTHAN,Hindu,15-59,8457316,4425618,4031698,3601191,3060003,541188,431077,236312,194765,201006,133282,67724,4425048,1129303,3295745,557167,255843,301324
Urban,State - RAJASTHAN,Hindu,60+,937160,456760,480400,217023,186989,30034,32881,18951,13930,8241,5250,2991,687256,250820,436436,10238,4983,5255
Urban,State - RAJASTHAN,Muslim,Total,3053520,1567221,1486299,802069,706151,95918,115112,72123,42989,50766,38337,12429,2136339,788947,1347392,113890,53929,59961
Urban,State - RAJASTHAN,Muslim,5-9,365252,190352,174900,2181,1304,877,1724,925,799,421,257,164,361347,188123,173224,2486,1424,1062
Urban,State - RAJASTHAN,Muslim,10-14,375348,194419,180929,9810,7120,2690,4868,2797,2071,1725,1201,524,360670,184502,176168,8826,5443,3383
Urban,State - RAJASTHAN,Muslim,15-19,356625,183256,173369,62575,52373,10202,16080,10375,5705,7780,5881,1899,277970,120508,157462,34636,21433,13203
Urban,State - RAJASTHAN,Muslim,20-24,329004,168082,160922,122130,109546,12584,19605,13688,5917,9959,8096,1863,187269,44848,142421,28263,15069,13194
Urban,State - RAJASTHAN,Muslim,25-29,259063,131277,127786,120744,108785,11959,15665,10330,5335,7565,5935,1630,122654,12162,110492,13998,4874,9124
Urban,State - RAJASTHAN,Muslim,30-34,214217,107914,106303,106808,94886,11922,13040,7923,5117,5967,4434,1533,94369,5105,89264,7890,1657,6233
Urban,State - RAJASTHAN,Muslim,35-39,190612,96540,94072,98930,86659,12271,11676,6612,5064,5106,3626,1480,80006,3269,76737,5804,832,4972
Urban,State - RAJASTHAN,Muslim,40-49,280414,145808,134606,148892,130967,17925,16481,9486,6995,6829,4898,1931,115041,5355,109686,6423,1075,5348
Urban,State - RAJASTHAN,Muslim,50-59,164490,86683,77807,82143,72953,9190,8685,5248,3437,3194,2382,812,73662,8482,65180,2940,900,2040
Urban,State - RAJASTHAN,Muslim,60-69,104630,52290,52340,33707,29237,4470,4793,3080,1713,1555,1136,419,66130,19973,46157,1703,766,937
Urban,State - RAJASTHAN,Muslim,70-79,47454,22989,24465,9163,7991,1172,1601,1062,539,390,288,102,36690,13936,22754,514,261,253
Urban,State - RAJASTHAN,Muslim,80+,20670,8944,11726,2750,2345,405,506,342,164,125,87,38,17414,6257,11157,194,89,105
Urban,State - RAJASTHAN,Muslim,Age not stated,8876,4502,4374,2236,1985,251,388,255,133,150,116,34,6252,2262,3990,213,106,107
Urban,State - RAJASTHAN,Muslim,15-59,1794425,919560,874865,742222,656169,86053,101232,63662,37570,46400,35252,11148,950971,199729,751242,99954,45840,54114
Urban,State - RAJASTHAN,Muslim,60+,172754,84223,88531,45620,39573,6047,6900,4484,2416,2070,1511,559,120234,40166,80068,2411,1116,1295
Urban,State - RAJASTHAN,Christian,Total,50253,25244,25009,19504,12435,7069,1354,800,554,532,355,177,29395,12009,17386,2269,1099,1170
Urban,State - RAJASTHAN,Christian,5-9,3861,2051,1810,31,20,11,30,17,13,8,4,4,3800,2014,1786,31,16,15
Urban,State - RAJASTHAN,Christian,10-14,4299,2195,2104,66,43,23,41,26,15,14,12,2,4192,2126,2066,68,39,29
Urban,State - RAJASTHAN,Christian,15-19,4533,2351,2182,333,251,82,96,59,37,47,31,16,4104,2041,2063,367,211,156
Urban,State - RAJASTHAN,Christian,20-24,4622,2244,2378,1301,893,408,152,91,61,92,55,37,3169,1260,1909,698,362,336
Urban,State - RAJASTHAN,Christian,25-29,4291,2237,2054,2339,1685,654,186,115,71,92,61,31,1766,437,1329,432,171,261
Urban,State - RAJASTHAN,Christian,30-34,3921,2008,1913,2567,1764,803,178,96,82,74,46,28,1176,148,1028,208,72,136
Urban,State - RAJASTHAN,Christian,35-39,3660,1829,1831,2517,1641,876,152,92,60,56,40,16,991,96,895,123,34,89
Urban,State - RAJASTHAN,Christian,40-49,7112,3530,3582,5313,3165,2148,234,144,90,69,45,24,1565,221,1344,159,80,79
Urban,State - RAJASTHAN,Christian,50-59,5639,2773,2866,3940,2284,1656,177,107,70,61,49,12,1522,382,1140,112,69,43
Urban,State - RAJASTHAN,Christian,60-69,3119,1497,1622,794,512,282,79,42,37,17,10,7,2246,943,1303,51,33,18
Urban,State - RAJASTHAN,Christian,70-79,1246,516,730,187,105,82,23,7,16,0,0,0,1036,404,632,10,7,3
Urban,State - RAJASTHAN,Christian,80+,528,206,322,68,42,26,3,1,2,1,1,0,457,163,294,2,1,1
Urban,State - RAJASTHAN,Christian,Age not stated,126,72,54,48,30,18,3,3,0,1,1,0,75,39,36,8,4,4
Urban,State - RAJASTHAN,Christian,15-59,33778,16972,16806,18310,11683,6627,1175,704,471,491,327,164,14293,4585,9708,2099,999,1100
Urban,State - RAJASTHAN,Christian,60+,4893,2219,2674,1049,659,390,105,50,55,18,11,7,3739,1510,2229,63,41,22
Urban,State - RAJASTHAN,Sikh,Total,165703,88184,77519,53392,45802,7590,5788,3022,2766,2739,1682,1057,106523,39360,67163,7421,3189,4232
Urban,State - RAJASTHAN,Sikh,5-9,13658,7563,6095,61,44,17,59,28,31,7,5,2,13538,7491,6047,86,43,43
Urban,State - RAJASTHAN,Sikh,10-14,15440,8544,6896,308,245,63,202,102,100,45,32,13,14930,8197,6733,289,178,111
Urban,State - RAJASTHAN,Sikh,15-19,16164,8721,7443,1919,1658,261,597,375,222,325,220,105,13648,6688,6960,1499,873,626
Urban,State - RAJASTHAN,Sikh,20-24,16856,8984,7872,5603,4934,669,810,504,306,460,320,140,10443,3546,6897,2457,1219,1238
Urban,State - RAJASTHAN,Sikh,25-29,15166,8310,6856,7666,6736,930,802,449,353,450,303,147,6698,1125,5573,1348,467,881
Urban,State - RAJASTHAN,Sikh,30-34,13057,6892,6165,7210,6190,1020,692,327,365,333,184,149,5155,375,4780,602,144,458
Urban,State - RAJASTHAN,Sikh,35-39,11805,6005,5800,6651,5525,1126,603,267,336,272,140,132,4551,213,4338,358,54,304
Urban,State - RAJASTHAN,Sikh,40-49,21132,10842,10290,12019,10067,1952,941,405,536,453,248,205,8172,370,7802,444,84,360
Urban,State - RAJASTHAN,Sikh,50-59,13623,7288,6335,7552,6488,1064,529,250,279,217,119,98,5542,550,4992,179,46,133
Urban,State - RAJASTHAN,Sikh,60-69,9050,4442,4608,2887,2568,319,363,194,169,123,75,48,5800,1680,4120,86,42,44
Urban,State - RAJASTHAN,Sikh,70-79,4608,2402,2206,962,865,97,121,83,38,28,20,8,3525,1454,2071,24,12,12
Urban,State - RAJASTHAN,Sikh,80+,1901,967,934,239,212,27,32,21,11,10,7,3,1630,734,896,14,9,5
Urban,State - RAJASTHAN,Sikh,Age not stated,990,516,474,315,270,45,37,17,20,16,9,7,638,229,409,35,18,17
Urban,State - RAJASTHAN,Sikh,15-59,107803,57042,50761,48620,41598,7022,4974,2577,2397,2510,1534,976,54209,12867,41342,6887,2887,4000
Urban,State - RAJASTHAN,Sikh,60+,15559,7811,7748,4088,3645,443,516,298,218,161,102,59,10955,3868,7087,124,63,61
Urban,State - RAJASTHAN,Buddhist,Total,4094,2180,1914,1241,1033,208,123,65,58,55,36,19,2730,1082,1648,208,84,124
Urban,State - RAJASTHAN,Buddhist,5-9,408,213,195,2,2,0,1,1,0,0,0,0,405,210,195,5,2,3
Urban,State - RAJASTHAN,Buddhist,10-14,437,248,189,11,7,4,3,2,1,0,0,0,423,239,184,5,4,1
Urban,State - RAJASTHAN,Buddhist,15-19,410,205,205,32,29,3,11,5,6,5,2,3,367,171,196,35,16,19
Urban,State - RAJASTHAN,Buddhist,20-24,368,197,171,107,92,15,15,11,4,9,8,1,246,94,152,64,30,34
Urban,State - RAJASTHAN,Buddhist,25-29,350,178,172,165,134,31,24,12,12,12,8,4,161,32,129,35,10,25
Urban,State - RAJASTHAN,Buddhist,30-34,367,182,185,188,153,35,23,13,10,11,6,5,156,16,140,30,9,21
Urban,State - RAJASTHAN,Buddhist,35-39,307,165,142,192,152,40,11,7,4,7,6,1,104,6,98,11,3,8
Urban,State - RAJASTHAN,Buddhist,40-49,496,278,218,299,256,43,22,7,15,8,3,5,175,15,160,12,4,8
Urban,State - RAJASTHAN,Buddhist,50-59,297,165,132,180,151,29,7,4,3,3,3,0,110,10,100,5,2,3
Urban,State - RAJASTHAN,Buddhist,60-69,172,88,84,40,33,7,1,0,1,0,0,0,131,55,76,5,3,2
Urban,State - RAJASTHAN,Buddhist,70-79,106,63,43,16,15,1,4,3,1,0,0,0,86,45,41,0,0,0
Urban,State - RAJASTHAN,Buddhist,80+,33,16,17,4,4,0,1,0,1,0,0,0,28,12,16,1,1,0
Urban,State - RAJASTHAN,Buddhist,Age not stated,18,12,6,5,5,0,0,0,0,0,0,0,13,7,6,0,0,0
Urban,State - RAJASTHAN,Buddhist,15-59,2595,1370,1225,1163,967,196,113,59,54,55,36,19,1319,344,975,192,74,118
Urban,State - RAJASTHAN,Buddhist,60+,311,167,144,60,52,8,6,3,3,0,0,0,245,112,133,6,4,2
Urban,State - RAJASTHAN,Jain,Total,455701,232965,222736,143579,126729,16850,6407,3734,2673,1918,1114,804,305715,102502,203213,17960,7397,10563
Urban,State - RAJASTHAN,Jain,5-9,31328,16716,14612,206,125,81,136,72,64,59,36,23,30986,16519,14467,180,87,93
Urban,State - RAJASTHAN,Jain,10-14,34477,18358,16119,281,211,70,154,85,69,60,31,29,34042,18062,15980,349,161,188
Urban,State - RAJASTHAN,Jain,15-19,37539,19976,17563,966,800,166,343,207,136,186,117,69,36230,18969,17261,2861,1679,1182
Urban,State - RAJASTHAN,Jain,20-24,39896,20022,19874,8380,7039,1341,864,517,347,472,274,198,30652,12466,18186,6943,3422,3521
Urban,State - RAJASTHAN,Jain,25-29,39160,19674,19486,18420,16081,2339,890,534,356,362,194,168,19850,3059,16791,3469,1163,2306
Urban,State - RAJASTHAN,Jain,30-34,36746,18322,18424,19247,17039,2208,681,383,298,194,101,93,16818,900,15918,1444,272,1172
Urban,State - RAJASTHAN,Jain,35-39,35708,17616,18092,19138,16661,2477,690,356,334,167,93,74,15880,599,15281,930,156,774
Urban,State - RAJASTHAN,Jain,40-49,65585,33039,32546,36013,31487,4526,1116,609,507,216,149,67,28456,943,27513,983,174,809
Urban,State - RAJASTHAN,Jain,50-59,49692,25892,23800,26704,23922,2782,740,443,297,115,72,43,22248,1527,20721,432,111,321
Urban,State - RAJASTHAN,Jain,60-69,32317,16219,16098,9893,9307,586,480,311,169,56,31,25,21944,6601,15343,232,115,117
Urban,State - RAJASTHAN,Jain,70-79,16951,8381,8570,3065,2896,169,217,156,61,15,9,6,13669,5329,8340,76,33,43
Urban,State - RAJASTHAN,Jain,80+,6839,3108,3731,840,775,65,65,46,19,6,3,3,5934,2287,3647,22,8,14
Urban,State - RAJASTHAN,Jain,Age not stated,1526,740,786,426,386,40,31,15,16,10,4,6,1069,339,730,39,16,23
Urban,State - RAJASTHAN,Jain,15-59,304326,154541,149785,128868,113029,15839,5324,3049,2275,1712,1000,712,170134,38463,131671,17062,6977,10085
Urban,State - RAJASTHAN,Jain,60+,56107,27708,28399,13798,12978,820,762,513,249,77,43,34,41547,14217,27330,330,156,174
Urban,State - RAJASTHAN,Other religious communities,Total,1269,668,601,400,316,84,45,30,15,10,4,6,824,322,502,53,18,35
Urban,State - RAJASTHAN,Other religious communities,5-9,118,64,54,2,1,1,4,4,0,0,0,0,112,59,53,1,0,1
Urban,State - RAJASTHAN,Other religious communities,10-14,108,69,39,2,2,0,5,2,3,1,0,1,101,65,36,1,1,0
Urban,State - RAJASTHAN,Other religious communities,15-19,108,50,58,11,9,2,3,2,1,1,0,1,94,39,55,7,0,7
Urban,State - RAJASTHAN,Other religious communities,20-24,155,75,80,48,37,11,3,1,2,1,1,0,104,37,67,20,9,11
Urban,State - RAJASTHAN,Other religious communities,25-29,118,66,52,54,48,6,5,5,0,1,1,0,59,13,46,12,4,8
Urban,State - RAJASTHAN,Other religious communities,30-34,108,47,61,59,42,17,1,0,1,1,0,1,48,5,43,6,3,3
Urban,State - RAJASTHAN,Other religious communities,35-39,79,49,30,54,44,10,5,5,0,0,0,0,20,0,20,1,0,1
Urban,State - RAJASTHAN,Other religious communities,40-49,149,74,75,80,63,17,12,7,5,4,1,3,57,4,53,3,0,3
Urban,State - RAJASTHAN,Other religious communities,50-59,113,60,53,64,49,15,3,2,1,0,0,0,46,9,37,2,1,1
Urban,State - RAJASTHAN,Other religious communities,60-69,68,36,32,19,15,4,3,2,1,1,1,0,46,19,27,0,0,0
Urban,State - RAJASTHAN,Other religious communities,70-79,35,18,17,4,3,1,1,0,1,0,0,0,30,15,15,0,0,0
Urban,State - RAJASTHAN,Other religious communities,80+,15,7,8,2,2,0,0,0,0,0,0,0,13,5,8,0,0,0
Urban,State - RAJASTHAN,Other religious communities,Age not stated,1,1,0,1,1,0,0,0,0,0,0,0,0,0,0,0,0,0
Urban,State - RAJASTHAN,Other religious communities,15-59,830,421,409,370,292,78,32,22,10,8,3,5,428,107,321,51,17,34
Urban,State - RAJASTHAN,Other religious communities,60+,118,61,57,25,20,5,4,2,2,1,1,0,89,39,50,0,0,0
Total,State - UTTAR PRADESH,All religious communities,Total,199812341,104480510,95331831,44635492,37420299,7215193,21179223,12426463,8752760,9396375,6826277,2570098,133997626,54633748,79363878,8572759,4257744,4315015
Total,State - UTTAR PRADESH,All religious communities,5-9,25061717,13250331,11811386,288349,171429,116920,390020,208282,181738,102950,57911,45039,24383348,12870620,11512728,219447,119866,99581
Total,State - UTTAR PRADESH,All religious communities,10-14,25869881,13679154,12190727,607952,416079,191873,890385,495481,394904,260719,166949,93770,24371544,12767594,11603950,466314,276391,189923
Total,State - UTTAR PRADESH,All religious communities,15-19,23040380,12307573,10732807,2595613,2121962,473651,2364844,1519940,844904,1152248,867583,284665,18079923,8665671,9414252,2463659,1528800,934859
Total,State - UTTAR PRADESH,All religious communities,20-24,17578648,9405485,8173163,4697767,4001356,696411,2830210,1832999,997211,1519089,1170158,348931,10050671,3571130,6479541,2071178,1184117,887061
Total,State - UTTAR PRADESH,All religious communities,25-29,14579829,7466367,7113462,5431503,4599048,832455,2642496,1609604,1032892,1342943,1001389,341554,6505830,1257715,5248115,1096333,477739,618594
Total,State - UTTAR PRADESH,All religious communities,30-34,12954682,6431401,6523281,5334115,4469992,864123,2375836,1344908,1030928,1145235,819698,325537,5244731,616501,4628230,644357,214671,429686
Total,State - UTTAR PRADESH,All religious communities,35-39,12556222,6401231,6154991,5601040,4698500,902540,2290760,1282617,1008143,1073510,764037,309473,4664422,420114,4244308,482903,127998,354905
Total,State - UTTAR PRADESH,All religious communities,40-49,18681179,9777310,8903869,8835600,7449038,1386562,3241357,1788356,1453001,1410858,999125,411733,6604222,539916,6064306,539595,130699,408896
Total,State - UTTAR PRADESH,All religious communities,50-59,12051169,6198118,5853051,5619576,4730877,888699,1931798,1025808,905990,720526,499205,221321,4499795,441433,4058362,270164,68632,201532
Total,State - UTTAR PRADESH,All religious communities,60-69,9545160,4927243,4617917,3623573,3061567,562006,1415365,813742,601623,445822,317765,128057,4506222,1051934,3454288,201938,72950,128988
Total,State - UTTAR PRADESH,All religious communities,70-79,4082260,2173969,1908291,1231877,1058956,172921,465422,297605,167817,117087,87211,29876,2384961,817408,1567553,56498,25450,31048
Total,State - UTTAR PRADESH,All religious communities,80+,1812484,935921,876563,416223,351978,64245,168869,106317,62552,43919,31608,12311,1227392,477626,749766,22709,10921,11788
Total,State - UTTAR PRADESH,All religious communities,Age not stated,1622062,865933,756129,352304,289517,62787,171861,100804,71057,61469,43638,17831,1097897,475612,622285,37664,19510,18154
Total,State - UTTAR PRADESH,All religious communities,15-59,111442109,57987485,53454624,38115214,32070773,6044441,17677301,10404232,7273069,8364409,6121195,2243214,55649594,15512480,40137114,7568189,3732656,3835533
Total,State - UTTAR PRADESH,All religious communities,60+,15439904,8037133,7402771,5271673,4472501,799172,2049656,1217664,831992,606828,436584,170244,8118575,2346968,5771607,281145,109321,171824
Total,State - UTTAR PRADESH,Hindu,Total,159312654,83555724,75756930,35907087,29943121,5963966,17603539,10181264,7422275,7816140,5633182,2182958,105802028,43431339,62370689,6974759,3467865,3506894
Total,State - UTTAR PRADESH,Hindu,5-9,19497004,10340327,9156677,223926,132524,91402,309110,165316,143794,81446,45713,35733,18963968,10042487,8921481,171704,93695,78009
Total,State - UTTAR PRADESH,Hindu,10-14,20254246,10743357,9510889,425234,289435,135799,694090,385663,308427,199526,126868,72658,19134922,10068259,9066663,352220,206484,145736
Total,State - UTTAR PRADESH,Hindu,15-19,17959094,9684996,8274098,1790533,1467330,323203,1840765,1182243,658522,903510,679874,223636,14327796,7035423,7292373,1959625,1219612,740013
Total,State - UTTAR PRADESH,Hindu,20-24,13854284,7411545,6442739,3556220,3005362,550858,2311030,1475776,835254,1251442,956810,294632,7987034,2930407,5056627,1711277,982709,728568
Total,State - UTTAR PRADESH,Hindu,25-29,11733358,6014975,5718383,4345899,3649062,696837,2216520,1329276,887244,1132960,837592,295368,5170939,1036637,4134302,911983,401542,510441
Total,State - UTTAR PRADESH,Hindu,30-34,10525840,5236112,5289728,4338198,3605840,732358,2009558,1118862,890696,972021,689377,282644,4178084,511410,3666674,536893,181846,355047
Total,State - UTTAR PRADESH,Hindu,35-39,10224024,5235317,4988707,4580193,3816269,763924,1939584,1069735,869849,910941,642700,268241,3704247,349313,3354934,399065,108325,290740
Total,State - UTTAR PRADESH,Hindu,40-49,15280637,8013608,7267029,7253713,6077464,1176249,2743518,1486829,1256689,1192132,835688,356444,5283406,449315,4834091,445366,110218,335148
Total,State - UTTAR PRADESH,Hindu,50-59,9992839,5161733,4831106,4696525,3937493,759032,1647712,859321,788391,610669,418601,192068,3648602,364919,3283683,223722,57330,166392
Total,State - UTTAR PRADESH,Hindu,60-69,7950870,4106825,3844045,3024645,2544302,480343,1208895,684217,524678,375678,265063,110615,3717330,878306,2839024,166988,60340,106648
Total,State - UTTAR PRADESH,Hindu,70-79,3452000,1844575,1607425,1048490,899314,149176,401103,254637,146466,99226,73545,25681,2002407,690624,1311783,47169,21295,25874
Total,State - UTTAR PRADESH,Hindu,80+,1512144,785294,726850,349202,294876,54326,143150,89709,53441,36715,26311,10404,1019792,400709,619083,18805,9094,9711
Total,State - UTTAR PRADESH,Hindu,Age not stated,1246820,663766,583054,274309,223850,50459,138504,79680,58824,49874,35040,14834,834007,360236,473771,29942,15375,14567
Total,State - UTTAR PRADESH,Hindu,15-59,89570076,46758286,42811790,30561281,25558820,5002461,14708687,8522042,6186645,6973675,5060642,1913033,44300108,12677424,31622684,6187931,3061582,3126349
Total,State - UTTAR PRADESH,Hindu,60+,12915014,6736694,6178320,4422337,3738492,683845,1753148,1028563,724585,511619,364919,146700,6739529,1969639,4769890,232962,90729,142233
Total,State - UTTAR PRADESH,Muslim,Total,38483967,19867314,18616653,8233999,7069477,1164522,3406751,2148380,1258371,1509021,1144552,364469,26843217,10649457,16193760,1500389,740891,759498
Total,State - UTTAR PRADESH,Muslim,5-9,5346603,2792036,2554567,60259,36435,23824,75376,39992,35384,19973,11371,8602,5210968,2715609,2495359,45774,25157,20617
Total,State - UTTAR PRADESH,Muslim,10-14,5389430,2813990,2575440,175722,122074,53648,186981,104660,82321,58374,38377,19997,5026727,2587256,2439471,110385,67814,42571
Total,State - UTTAR PRADESH,Muslim,15-19,4864466,2505914,2358552,779909,635082,144827,504292,325460,178832,239375,181132,58243,3580265,1545372,2034893,478738,293699,185039
Total,State - UTTAR PRADESH,Muslim,20-24,3539422,1895511,1643911,1092337,955370,136967,496222,342919,153303,255516,204597,50919,1950863,597222,1353641,335005,187344,147661
Total,State - UTTAR PRADESH,Muslim,25-29,2691389,1371335,1320054,1024738,899542,125196,405286,267985,137301,199861,156708,43153,1261365,203808,1057557,170292,69801,100491
Total,State - UTTAR PRADESH,Muslim,30-34,2294115,1127859,1166256,936944,815024,121920,348896,216310,132586,165288,124955,40333,1008275,96525,911750,99784,29784,70000
Total,State - UTTAR PRADESH,Muslim,35-39,2205445,1102614,1102831,962385,833818,128567,334958,204019,130939,155427,116497,38930,908102,64777,843325,77902,17635,60267
Total,State - UTTAR PRADESH,Muslim,40-49,3199823,1662862,1536961,1485036,1291185,193851,474542,289045,185497,209309,157189,52120,1240245,82632,1157613,87662,18556,69106
Total,State - UTTAR PRADESH,Muslim,50-59,1921977,968033,953944,857124,738829,118295,269779,159075,110704,104902,77384,27518,795074,70129,724945,43108,10240,32868
Total,State - UTTAR PRADESH,Muslim,60-69,1492841,769517,723324,560383,484567,75816,196051,123783,72268,66972,50617,16355,736407,161167,575240,32532,11706,20826
Total,State - UTTAR PRADESH,Muslim,70-79,583064,305370,277694,169240,147397,21843,60714,40793,19921,17036,13099,3937,353110,117180,235930,8657,3853,4804
Total,State - UTTAR PRADESH,Muslim,80+,275996,138330,137666,61289,52242,9047,24048,15652,8396,6765,5020,1745,190659,70436,120223,3655,1705,1950
Total,State - UTTAR PRADESH,Muslim,Age not stated,330111,173359,156752,68633,57912,10721,29606,18687,10919,10223,7606,2617,231872,96760,135112,6895,3597,3298
Total,State - UTTAR PRADESH,Muslim,15-59,20716637,10634128,10082509,7138473,6168850,969623,2833975,1804813,1029162,1329678,1018462,311216,10744189,2660465,8083724,1292491,627059,665432
Total,State - UTTAR PRADESH,Muslim,60+,2351901,1213217,1138684,790912,684206,106706,280813,180228,100585,90773,68736,22037,1280176,348783,931393,44844,17264,27580
Total,State - UTTAR PRADESH,Christian,Total,356448,182838,173610,95837,70798,25039,33211,19784,13427,14219,10043,4176,227400,92256,135144,17297,8475,8822
Total,State - UTTAR PRADESH,Christian,5-9,38803,20281,18522,740,418,322,889,459,430,249,134,115,37174,19404,17770,371,194,177
Total,State - UTTAR PRADESH,Christian,10-14,39922,20809,19113,1303,837,466,1590,868,722,501,319,182,37029,19104,17925,745,424,321
Total,State - UTTAR PRADESH,Christian,15-19,38033,19696,18337,4677,3465,1212,3571,2234,1337,1702,1223,479,29785,13997,15788,4258,2549,1709
Total,State - UTTAR PRADESH,Christian,20-24,33272,17129,16143,8851,6652,2199,4392,2736,1656,2293,1614,679,20029,7741,12288,4436,2385,2051
Total,State - UTTAR PRADESH,Christian,25-29,27641,13851,13790,11003,8226,2777,3938,2432,1506,1981,1398,583,12700,3193,9507,2593,1166,1427
Total,State - UTTAR PRADESH,Christian,30-34,24073,12036,12037,11249,8503,2746,3510,2053,1457,1596,1118,478,9314,1480,7834,1398,547,851
Total,State - UTTAR PRADESH,Christian,35-39,23385,11785,11600,11820,8841,2979,3384,1964,1420,1537,1098,439,8181,980,7201,974,315,659
Total,State - UTTAR PRADESH,Christian,40-49,38135,19553,18582,20655,15159,5496,5008,2920,2088,2041,1463,578,12472,1474,10998,1174,357,817
Total,State - UTTAR PRADESH,Christian,50-59,26628,13569,13059,14516,10297,4219,3178,1858,1320,1145,825,320,8934,1414,7520,614,222,392
Total,State - UTTAR PRADESH,Christian,60-69,18394,9413,8981,6811,5183,1628,2221,1298,923,709,501,208,9362,2932,6430,449,192,257
Total,State - UTTAR PRADESH,Christian,70-79,8112,4047,4065,2288,1770,518,735,465,270,179,133,46,5089,1812,3277,126,48,78
Total,State - UTTAR PRADESH,Christian,80+,3932,1906,2026,940,707,233,351,209,142,96,69,27,2641,990,1651,43,18,25
Total,State - UTTAR PRADESH,Christian,Age not stated,4216,2193,2023,984,740,244,444,288,156,190,148,42,2788,1165,1623,116,58,58
Total,State - UTTAR PRADESH,Christian,15-59,211167,107619,103548,82771,61143,21628,26981,16197,10784,12295,8739,3556,101415,30279,71136,15447,7541,7906
Total,State - UTTAR PRADESH,Christian,60+,30438,15366,15072,10039,7660,2379,3307,1972,1335,984,703,281,17092,5734,11358,618,258,360
Total,State - UTTAR PRADESH,Sikh,Total,643500,341451,302049,189962,169896,20066,37367,21057,16310,14469,9704,4765,416171,150498,265673,24697,11179,13518
Total,State - UTTAR PRADESH,Sikh,5-9,55308,30726,24582,756,473,283,933,501,432,261,138,123,53619,29752,23867,453,267,186
Total,State - UTTAR PRADESH,Sikh,10-14,62561,34460,28101,1460,1070,390,1793,966,827,554,324,230,59308,32424,26884,992,557,435
Total,State - UTTAR PRADESH,Sikh,15-19,67204,36297,30907,7680,6774,906,4265,2605,1660,1924,1291,633,55259,26918,28341,6008,3598,2410
Total,State - UTTAR PRADESH,Sikh,20-24,62493,33381,29112,19161,17304,1857,5068,3091,1977,2477,1741,736,38264,12986,25278,6856,3632,3224
Total,State - UTTAR PRADESH,Sikh,25-29,53674,28324,25350,23613,21114,2499,4584,2721,1863,2103,1461,642,25477,4489,20988,3595,1400,2195
Total,State - UTTAR PRADESH,Sikh,30-34,47726,24600,23126,22766,20435,2331,3856,2172,1684,1617,1115,502,21104,1993,19111,1799,530,1269
Total,State - UTTAR PRADESH,Sikh,35-39,45381,23190,22191,22335,19998,2337,3517,1842,1675,1357,893,464,19529,1350,18179,1347,305,1042
Total,State - UTTAR PRADESH,Sikh,40-49,75760,38812,36948,38058,34079,3979,5413,2857,2556,1974,1319,655,32289,1876,30413,1791,355,1436
Total,State - UTTAR PRADESH,Sikh,50-59,51385,26507,24878,25858,23132,2726,3433,1750,1683,1039,674,365,22094,1625,20469,894,201,693
Total,State - UTTAR PRADESH,Sikh,60-69,40135,20673,19462,17289,15591,1698,2689,1477,1212,744,473,271,20157,3605,16552,626,180,446
Total,State - UTTAR PRADESH,Sikh,70-79,19444,10387,9057,6955,6347,608,1057,652,405,233,164,69,11432,3388,8044,178,76,102
Total,State - UTTAR PRADESH,Sikh,80+,10330,5419,4911,2818,2543,275,458,259,199,87,50,37,7054,2617,4437,79,39,40
Total,State - UTTAR PRADESH,Sikh,Age not stated,4311,2314,1997,1213,1036,177,301,164,137,99,61,38,2797,1114,1683,79,39,40
Total,State - UTTAR PRADESH,Sikh,15-59,403623,211111,192512,159471,142836,16635,30136,17038,13098,12491,8494,3997,214016,51237,162779,22290,10021,12269
Total,State - UTTAR PRADESH,Sikh,60+,69909,36479,33430,27062,24481,2581,4204,2388,1816,1064,687,377,38643,9610,29033,883,295,588
Total,State - UTTAR PRADESH,Buddhist,Total,206285,107424,98861,41067,33129,7938,30007,17118,12889,14713,10164,4549,135211,57177,78034,9956,4460,5496
Total,State - UTTAR PRADESH,Buddhist,5-9,26860,14099,12761,349,181,168,494,271,223,123,69,54,26017,13647,12370,302,139,163
Total,State - UTTAR PRADESH,Buddhist,10-14,27318,14374,12944,692,454,238,1291,724,567,312,203,109,25335,13196,12139,547,296,251
Total,State - UTTAR PRADESH,Buddhist,15-19,23468,12426,11042,2258,1752,506,3075,1924,1151,1537,1136,401,18135,8750,9385,2694,1605,1089
Total,State - UTTAR PRADESH,Buddhist,20-24,17729,9217,8512,4094,3317,777,3794,2345,1449,2195,1630,565,9841,3555,6286,2347,1183,1164
Total,State - UTTAR PRADESH,Buddhist,25-29,14898,7625,7273,5039,4077,962,3872,2289,1583,2200,1561,639,5987,1259,4728,1357,496,861
Total,State - UTTAR PRADESH,Buddhist,30-34,12967,6396,6571,4985,4011,974,3374,1809,1565,1840,1203,637,4608,576,4032,715,186,529
Total,State - UTTAR PRADESH,Buddhist,35-39,12624,6519,6105,5283,4245,1038,3301,1846,1455,1766,1212,554,4040,428,3612,591,135,456
Total,State - UTTAR PRADESH,Buddhist,40-49,18077,9504,8573,7902,6464,1438,4636,2486,2150,2349,1531,818,5539,554,4985,617,138,479
Total,State - UTTAR PRADESH,Buddhist,50-59,11812,6123,5689,5161,4258,903,2800,1406,1394,1228,791,437,3851,459,3392,358,95,263
Total,State - UTTAR PRADESH,Buddhist,60-69,10144,5298,4846,3431,2811,620,2204,1292,912,829,588,241,4509,1195,3314,253,101,152
Total,State - UTTAR PRADESH,Buddhist,70-79,4224,2278,1946,1125,955,170,650,413,237,176,123,53,2449,910,1539,79,36,43
Total,State - UTTAR PRADESH,Buddhist,80+,1886,981,905,357,295,62,268,164,104,76,58,18,1261,522,739,26,13,13
Total,State - UTTAR PRADESH,Buddhist,Age not stated,1954,1055,899,391,309,82,248,149,99,82,59,23,1315,597,718,70,37,33
Total,State - UTTAR PRADESH,Buddhist,15-59,111575,57810,53765,34722,28124,6598,24852,14105,10747,13115,9064,4051,52001,15581,36420,8679,3838,4841
Total,State - UTTAR PRADESH,Buddhist,60+,16254,8557,7697,4913,4061,852,3122,1869,1253,1081,769,312,8219,2627,5592,358,150,208
Total,State - UTTAR PRADESH,Jain,Total,213267,110994,102273,62070,54664,7406,9261,5658,3603,3035,2029,1006,141936,50672,91264,9952,4934,5018
Total,State - UTTAR PRADESH,Jain,5-9,17140,9240,7900,220,138,82,328,189,139,84,46,38,16592,8913,7679,151,77,74
Total,State - UTTAR PRADESH,Jain,10-14,18760,10077,8683,310,209,101,421,229,192,118,61,57,18029,9639,8390,248,143,105
Total,State - UTTAR PRADESH,Jain,15-19,18956,10181,8775,1002,772,230,798,517,281,379,259,120,17156,8892,8264,2001,1213,788
Total,State - UTTAR PRADESH,Jain,20-24,19098,10043,9055,3939,3259,680,1211,757,454,647,422,225,13948,6027,7921,3254,1835,1419
Total,State - UTTAR PRADESH,Jain,25-29,18159,9502,8657,7526,6489,1037,1146,750,396,468,343,125,9487,2263,7224,1803,869,934
Total,State - UTTAR PRADESH,Jain,30-34,16881,8626,8255,8035,7129,906,964,588,376,322,211,111,7882,909,6973,768,287,481
Total,State - UTTAR PRADESH,Jain,35-39,15689,7928,7761,7774,6877,897,871,512,359,240,173,67,7044,539,6505,524,140,384
Total,State - UTTAR PRADESH,Jain,40-49,28032,14277,13755,14329,12727,1602,1430,829,601,379,246,133,12273,721,11552,584,140,444
Total,State - UTTAR PRADESH,Jain,50-59,21296,10972,10324,10810,9677,1133,1007,608,399,207,152,55,9479,687,8792,310,88,222
Total,State - UTTAR PRADESH,Jain,60-69,13708,7041,6667,5298,4836,462,586,363,223,110,69,41,7824,1842,5982,197,85,112
Total,State - UTTAR PRADESH,Jain,70-79,6529,3239,3290,1809,1667,142,267,173,94,30,20,10,4453,1399,3054,50,23,27
Total,State - UTTAR PRADESH,Jain,80+,2833,1372,1461,613,555,58,108,69,39,12,5,7,2112,748,1364,26,12,14
Total,State - UTTAR PRADESH,Jain,Age not stated,1549,798,751,405,329,76,124,74,50,39,22,17,1020,395,625,36,22,14
Total,State - UTTAR PRADESH,Jain,15-59,138111,71529,66582,53415,46930,6485,7427,4561,2866,2642,1806,836,77269,20038,57231,9244,4572,4672
Total,State - UTTAR PRADESH,Jain,60+,23070,11652,11418,7720,7058,662,961,605,356,152,94,58,14389,3989,10400,273,120,153
Total,State - UTTAR PRADESH,Other religious communities,Total,13598,7070,6528,3375,2521,854,1680,904,776,643,463,180,8543,3645,4898,611,311,300
Total,State - UTTAR PRADESH,Other religious communities,5-9,1758,912,846,46,26,20,48,29,19,7,5,2,1664,857,807,14,6,8
Total,State - UTTAR PRADESH,Other religious communities,10-14,1550,778,772,108,54,54,56,29,27,21,14,7,1386,695,691,20,8,12
Total,State - UTTAR PRADESH,Other religious communities,15-19,1324,724,600,211,145,66,169,100,69,79,52,27,944,479,465,156,105,51
Total,State - UTTAR PRADESH,Other religious communities,20-24,1155,641,514,352,268,84,243,136,107,114,81,33,560,237,323,136,89,47
Total,State - UTTAR PRADESH,Other religious communities,25-29,1034,539,495,420,313,107,244,127,117,88,63,25,370,99,271,79,38,41
Total,State - UTTAR PRADESH,Other religious communities,30-34,916,453,463,398,300,98,189,97,92,70,50,20,329,56,273,55,22,33
Total,State - UTTAR PRADESH,Other religious communities,35-39,822,419,403,387,291,96,160,90,70,58,49,9,275,38,237,40,13,27
Total,State - UTTAR PRADESH,Other religious communities,40-49,1289,649,640,624,474,150,234,117,117,83,61,22,431,58,373,46,10,36
Total,State - UTTAR PRADESH,Other religious communities,50-59,878,452,426,419,333,86,161,76,85,55,36,19,298,43,255,31,10,21
Total,State - UTTAR PRADESH,Other religious communities,60-69,649,331,318,255,185,70,103,61,42,40,32,8,291,85,206,23,6,17
Total,State - UTTAR PRADESH,Other religious communities,70-79,352,180,172,85,74,11,41,23,18,17,11,6,226,83,143,4,2,2
Total,State - UTTAR PRADESH,Other religious communities,80+,164,92,72,40,35,5,14,10,4,8,7,1,110,47,63,0,0,0
Total,State - UTTAR PRADESH,Other religious communities,Age not stated,176,98,78,30,23,7,18,9,9,3,2,1,128,66,62,7,2,5
Total,State - UTTAR PRADESH,Other religious communities,15-59,7418,3877,3541,2811,2124,687,1400,743,657,547,392,155,3207,1010,2197,543,287,256
Total,State - UTTAR PRADESH,Other religious communities,60+,1165,603,562,380,294,86,158,94,64,65,50,15,627,215,412,27,8,19
Rural,State - UTTAR PRADESH,All religious communities,Total,155317278,80992995,74324283,33538817,27812347,5726470,18412163,10540532,7871631,8152843,5893034,2259809,103366298,42640116,60726182,6063052,2970426,3092626
Rural,State - UTTAR PRADESH,All religious communities,5-9,20362456,10744603,9617853,223571,131318,92253,305739,162059,143680,76716,42982,33734,19833146,10451226,9381920,168726,91558,77168
Rural,State - UTTAR PRADESH,All religious communities,10-14,20773940,10962322,9811618,464419,314673,149746,748438,413064,335374,209044,134650,74394,19561083,10234585,9326498,353549,207155,146394
Rural,State - UTTAR PRADESH,All religious communities,15-19,17779084,9493418,8285666,1979174,1614767,364407,2034000,1296301,737699,978961,741699,237262,13765910,6582350,7183560,1794827,1116334,678493
Rural,State - UTTAR PRADESH,All religious communities,20-24,12989044,6927701,6061343,3512583,2969829,542754,2420647,1538807,881840,1291973,996876,295097,7055814,2419065,4636749,1371325,782519,588806
Rural,State - UTTAR PRADESH,All religious communities,25-29,10860729,5531452,5329277,3998499,3348986,649513,2292688,1358816,933872,1164290,863426,300864,4569542,823650,3745892,714453,301705,412748
Rural,State - UTTAR PRADESH,All religious communities,30-34,9810399,4825061,4985338,3944715,3255105,689610,2085787,1143001,942786,1009605,714935,294670,3779897,426955,3352942,459511,144602,314909
Rural,State - UTTAR PRADESH,All religious communities,35-39,9523701,4848208,4675493,4171378,3454377,717001,2011231,1092084,919147,947759,667745,280014,3341092,301747,3039345,352342,91447,260895
Rural,State - UTTAR PRADESH,All religious communities,40-49,13963513,7294887,6668626,6492535,5402911,1089624,2831215,1509654,1321561,1241682,868778,372904,4639763,382322,4257441,400094,94695,305399
Rural,State - UTTAR PRADESH,All religious communities,50-59,9079291,4622965,4456326,4151304,3446748,704556,1702483,872746,829737,639334,437314,202020,3225504,303471,2922033,207269,49463,157806
Rural,State - UTTAR PRADESH,All religious communities,60-69,7672441,3946605,3725836,2977733,2499762,477971,1274775,717880,556895,400979,283823,117156,3419933,728963,2690970,154601,51097,103504
Rural,State - UTTAR PRADESH,All religious communities,70-79,3325937,1776631,1549306,1038881,889623,149258,419420,265592,153828,105364,78481,26883,1867636,621416,1246220,44812,19621,25191
Rural,State - UTTAR PRADESH,All religious communities,80+,1448090,754399,693691,337215,284355,52860,147091,91777,55314,37476,27049,10427,963784,378267,585517,16209,7473,8736
Rural,State - UTTAR PRADESH,All religious communities,Age not stated,1172430,624380,548050,246810,199893,46917,138649,78751,59898,49660,35276,14384,786971,345736,441235,25334,12757,12577
Rural,State - UTTAR PRADESH,All religious communities,15-59,84005761,43543692,40462069,28250188,23492723,4757465,15378051,8811409,6566642,7273604,5290773,1982831,40377522,11239560,29137962,5299821,2580765,2719056
Rural,State - UTTAR PRADESH,All religious communities,60+,12446468,6477635,5968833,4353829,3673740,680089,1841286,1075249,766037,543819,389353,154466,6251353,1728646,4522707,215622,78191,137431
Rural,State - UTTAR PRADESH,Hindu,Total,129944550,67946465,61998085,28444360,23504236,4940124,15762364,8933335,6829029,6975173,5009943,1965230,85737826,35508894,50228932,5189593,2551875,2637718
Rural,State - UTTAR PRADESH,Hindu,5-9,16621391,8785641,7835750,183761,107541,76220,252099,133774,118325,63471,35521,27950,16185531,8544326,7641205,138979,75437,63542
Rural,State - UTTAR PRADESH,Hindu,10-14,17098786,9038595,8060191,354821,239827,114994,606821,334811,272010,167005,106849,60156,16137144,8463957,7673187,284445,165969,118476
Rural,State - UTTAR PRADESH,Hindu,15-19,14683394,7896585,6786809,1500441,1226581,273860,1649290,1051371,597919,797036,603279,193757,11533663,5618633,5915030,1514570,944573,569997
Rural,State - UTTAR PRADESH,Hindu,20-24,10870584,5802234,5068350,2871943,2414108,457835,2050034,1289760,760274,1099886,843107,256779,5948607,2098366,3850241,1197267,686016,511251
Rural,State - UTTAR PRADESH,Hindu,25-29,9206919,4701994,4504925,3391108,2824278,566830,1979702,1161059,818643,1008675,742967,265708,3836109,716657,3119452,624222,266975,357247
Rural,State - UTTAR PRADESH,Hindu,30-34,8348402,4121368,4227034,3374312,2769422,604890,1809353,980445,828908,876943,616832,260111,3164737,371501,2793236,398838,128155,270683
Rural,State - UTTAR PRADESH,Hindu,35-39,8110958,4149129,3961829,3577090,2949119,627971,1745334,938072,807262,822712,575853,246859,2788534,261938,2526596,302947,80583,222364
Rural,State - UTTAR PRADESH,Hindu,40-49,11945277,6257703,5687574,5587724,4630389,957335,2458816,1295234,1163582,1074604,746326,328278,3898737,332080,3566657,343398,82822,260576
Rural,State - UTTAR PRADESH,Hindu,50-59,7839154,4009907,3829247,3615202,2993432,621770,1486667,753170,733497,554548,376598,177950,2737285,263305,2473980,178128,42980,135148
Rural,State - UTTAR PRADESH,Hindu,60-69,6623929,3410761,3213168,2579356,2158818,420538,1111470,618800,492670,345260,242470,102790,2933103,633143,2299960,132667,44135,88532
Rural,State - UTTAR PRADESH,Hindu,70-79,2903773,1555217,1348556,910850,778819,132031,368184,232001,136183,91035,67561,23474,1624739,544397,1080342,38825,17078,21747
Rural,State - UTTAR PRADESH,Hindu,80+,1253241,655540,597701,293561,247307,46254,127727,79480,48247,32156,23145,9011,831953,328753,503200,14016,6488,7528
Rural,State - UTTAR PRADESH,Hindu,Age not stated,956013,506885,449128,204191,164595,39596,116867,65358,51509,41842,29435,12407,634955,276932,358023,21291,10664,10627
Rural,State - UTTAR PRADESH,Hindu,15-59,71004688,36938920,34065768,23917820,19807329,4110491,13179196,7469111,5710085,6234404,4504962,1729442,33907672,9662480,24245192,4559370,2232104,2327266
Rural,State - UTTAR PRADESH,Hindu,60+,10780943,5621518,5159425,3783767,3184944,598823,1607381,930281,677100,468451,333176,135275,5389795,1506293,3883502,185508,67701,117807
Rural,State - UTTAR PRADESH,Muslim,Total,24156057,12407505,11748552,4823884,4081447,742437,2525621,1538339,987282,1123915,846379,277536,16806552,6787719,10018833,822765,393467,429298
Rural,State - UTTAR PRADESH,Muslim,5-9,3592139,1878815,1713324,37087,22212,14875,50109,26401,23708,12356,6984,5372,3504943,1830202,1674741,28400,15437,12963
Rural,State - UTTAR PRADESH,Muslim,10-14,3524204,1842494,1681710,105098,71888,33210,135002,74611,60391,40212,26699,13513,3284104,1695995,1588109,66562,39764,26798
Rural,State - UTTAR PRADESH,Muslim,15-19,2958468,1523415,1435053,462343,375170,87173,369628,235582,134046,174944,133409,41535,2126497,912663,1213834,265354,162544,102810
Rural,State - UTTAR PRADESH,Muslim,20-24,2012511,1069536,942975,611048,530723,80325,353866,238747,115119,183329,147285,36044,1047597,300066,747531,162623,90087,72536
Rural,State - UTTAR PRADESH,Muslim,25-29,1568493,785648,782845,575039,497208,77831,297867,189035,108832,148100,115182,32918,695587,99405,596182,84269,32143,52126
Rural,State - UTTAR PRADESH,Muslim,30-34,1387405,667063,720342,539892,460043,79849,263464,155651,107813,126425,93930,32495,584049,51369,532680,57023,15170,41853
Rural,State - UTTAR PRADESH,Muslim,35-39,1341552,663484,678068,562856,478849,84007,253748,147692,106056,119410,88090,31320,524948,36943,488005,46447,9952,36495
Rural,State - UTTAR PRADESH,Muslim,40-49,1911301,983279,928022,855555,730880,124675,355402,205840,149562,159697,117638,42059,700344,46559,653785,53164,10898,42266
Rural,State - UTTAR PRADESH,Muslim,50-59,1171199,578798,592401,504622,426676,77946,205444,114576,90868,80862,58229,22633,461133,37546,423587,27292,5962,21330
Rural,State - UTTAR PRADESH,Muslim,60-69,989876,506492,483384,374923,320915,54008,155356,94922,60434,53124,39668,13456,459597,90655,368942,20516,6506,14010
Rural,State - UTTAR PRADESH,Muslim,70-79,394624,207269,187355,118830,102804,16026,48516,31998,16518,13665,10463,3202,227278,72467,154811,5558,2358,3200
Rural,State - UTTAR PRADESH,Muslim,80+,180098,91248,88850,39961,33847,6114,18120,11614,6506,4982,3692,1290,122017,45787,76230,2057,920,1137
Rural,State - UTTAR PRADESH,Muslim,Age not stated,186794,97859,88935,36630,30232,6398,19099,11670,7429,6809,5110,1699,131065,55957,75108,3500,1726,1774
Rural,State - UTTAR PRADESH,Muslim,15-59,12350929,6271223,6079706,4111355,3499549,611806,2099419,1287123,812296,992767,753763,239004,6140155,1484551,4655604,696172,326756,369416
Rural,State - UTTAR PRADESH,Muslim,60+,1564598,805009,759589,533714,457566,76148,221992,138534,83458,71771,53823,17948,808892,208909,599983,28131,9784,18347
Rural,State - UTTAR PRADESH,Christian,Total,185103,95851,89252,41894,33231,8663,21529,12604,8925,9297,6632,2665,121680,50016,71664,7065,3440,3625
Rural,State - UTTAR PRADESH,Christian,5-9,24421,12791,11630,428,222,206,496,258,238,133,70,63,23497,12311,11186,226,116,110
Rural,State - UTTAR PRADESH,Christian,10-14,24077,12566,11511,756,487,269,1011,552,459,289,183,106,22310,11527,10783,453,260,193
Rural,State - UTTAR PRADESH,Christian,15-19,20623,10694,9929,2691,2079,612,2433,1538,895,1110,834,276,15499,7077,8422,1991,1218,773
Rural,State - UTTAR PRADESH,Christian,20-24,15669,8189,7480,4469,3585,884,2765,1727,1038,1438,1054,384,8435,2877,5558,1565,858,707
Rural,State - UTTAR PRADESH,Christian,25-29,12856,6542,6314,4796,3836,960,2503,1541,962,1260,908,352,5557,1165,4392,861,383,478
Rural,State - UTTAR PRADESH,Christian,30-34,11472,5762,5710,4789,3845,944,2326,1311,1015,1096,763,333,4357,606,3751,498,173,325
Rural,State - UTTAR PRADESH,Christian,35-39,11133,5703,5430,5034,4030,1004,2275,1274,1001,1056,759,297,3824,399,3425,395,113,282
Rural,State - UTTAR PRADESH,Christian,40-49,16671,8758,7913,7959,6366,1593,3209,1812,1397,1380,984,396,5503,580,4923,485,136,349
Rural,State - UTTAR PRADESH,Christian,50-59,10945,5546,5399,5112,3993,1119,2011,1123,888,764,529,235,3822,430,3392,251,64,187
Rural,State - UTTAR PRADESH,Christian,60-69,9154,4782,4372,3609,2944,665,1543,874,669,507,354,153,4002,964,3038,203,64,139
Rural,State - UTTAR PRADESH,Christian,70-79,4050,2099,1951,1300,1078,222,515,329,186,127,93,34,2235,692,1543,69,25,44
Rural,State - UTTAR PRADESH,Christian,80+,1978,1006,972,499,408,91,228,130,98,56,39,17,1251,468,783,16,5,11
Rural,State - UTTAR PRADESH,Christian,Age not stated,2220,1167,1053,452,358,94,214,135,79,81,62,19,1554,674,880,52,25,27
Rural,State - UTTAR PRADESH,Christian,15-59,99369,51194,48175,34850,27734,7116,17522,10326,7196,8104,5831,2273,46997,13134,33863,6046,2945,3101
Rural,State - UTTAR PRADESH,Christian,60+,15182,7887,7295,5408,4430,978,2286,1333,953,690,486,204,7488,2124,5364,288,94,194
Rural,State - UTTAR PRADESH,Sikh,Total,432135,228192,203943,122950,111724,11226,27248,14548,12700,10773,7259,3514,281937,101920,180017,13702,6088,7614
Rural,State - UTTAR PRADESH,Sikh,5-9,40574,22470,18104,486,304,182,512,269,243,121,64,57,39576,21897,17679,286,173,113
Rural,State - UTTAR PRADESH,Sikh,10-14,46063,25429,20634,1071,814,257,1263,672,591,336,186,150,43729,23943,19786,679,380,299
Rural,State - UTTAR PRADESH,Sikh,15-19,48683,25946,22737,5829,5180,649,3428,2111,1317,1506,1034,472,39426,18655,20771,3902,2325,1577
Rural,State - UTTAR PRADESH,Sikh,20-24,41722,21694,20028,13351,12178,1173,3795,2276,1519,1796,1303,493,24576,7240,17336,3541,1844,1697
Rural,State - UTTAR PRADESH,Sikh,25-29,33926,17654,16272,14814,13604,1210,3265,1855,1410,1498,1063,435,15847,2195,13652,1637,599,1038
Rural,State - UTTAR PRADESH,Sikh,30-34,30299,15164,15135,13853,12649,1204,2833,1475,1358,1228,835,393,13613,1040,12573,942,233,709
Rural,State - UTTAR PRADESH,Sikh,35-39,29508,15033,14475,14414,13119,1295,2573,1223,1350,1042,676,366,12521,691,11830,702,144,558
Rural,State - UTTAR PRADESH,Sikh,40-49,47948,24497,23451,23901,21724,2177,3929,1873,2056,1542,1015,527,20118,900,19218,986,174,812
Rural,State - UTTAR PRADESH,Sikh,50-59,30496,15675,14821,15224,13923,1301,2411,1104,1307,807,512,295,12861,648,12213,502,73,429
Rural,State - UTTAR PRADESH,Sikh,60-69,25921,13365,12556,12070,10979,1091,1930,955,975,578,360,218,11921,1431,10490,342,68,274
Rural,State - UTTAR PRADESH,Sikh,70-79,12659,6817,5842,5141,4709,432,761,443,318,174,124,50,6757,1665,5092,110,42,68
Rural,State - UTTAR PRADESH,Sikh,80+,7112,3792,3320,2099,1927,172,337,181,156,71,41,30,4676,1684,2992,43,20,23
Rural,State - UTTAR PRADESH,Sikh,Age not stated,2549,1379,1170,697,614,83,211,111,100,74,46,28,1641,654,987,30,13,17
Rural,State - UTTAR PRADESH,Sikh,15-59,262582,135663,126919,101386,92377,9009,22234,11917,10317,9419,6438,2981,138962,31369,107593,12212,5392,6820
Rural,State - UTTAR PRADESH,Sikh,60+,45692,23974,21718,19310,17615,1695,3028,1579,1449,823,525,298,23354,4780,18574,495,130,365
Rural,State - UTTAR PRADESH,Buddhist,Total,176227,91273,84954,33407,26836,6571,28042,15806,12236,13853,9536,4317,114778,48631,66147,7988,3514,4474
Rural,State - UTTAR PRADESH,Buddhist,5-9,23755,12406,11349,298,154,144,433,240,193,108,61,47,23024,12012,11012,262,123,139
Rural,State - UTTAR PRADESH,Buddhist,10-14,23976,12547,11429,566,364,202,1158,640,518,259,165,94,22252,11543,10709,478,258,220
Rural,State - UTTAR PRADESH,Buddhist,15-19,20024,10541,9483,1840,1438,402,2872,1803,1069,1432,1072,360,15312,7300,8012,2278,1366,912
Rural,State - UTTAR PRADESH,Buddhist,20-24,14566,7533,7033,3369,2754,615,3542,2166,1376,2044,1520,524,7655,2613,5042,1756,877,879
Rural,State - UTTAR PRADESH,Buddhist,25-29,12397,6315,6082,4072,3304,768,3626,2114,1512,2068,1463,605,4699,897,3802,1020,352,668
Rural,State - UTTAR PRADESH,Buddhist,30-34,10836,5334,5502,4031,3224,807,3173,1677,1496,1751,1137,614,3632,433,3199,542,120,422
Rural,State - UTTAR PRADESH,Buddhist,35-39,10628,5458,5170,4313,3444,869,3086,1690,1396,1660,1128,532,3229,324,2905,466,94,372
Rural,State - UTTAR PRADESH,Buddhist,40-49,14873,7805,7068,6288,5103,1185,4341,2290,2051,2235,1440,795,4244,412,3832,508,97,411
Rural,State - UTTAR PRADESH,Buddhist,50-59,9715,4956,4759,4059,3305,754,2634,1305,1329,1177,757,420,3022,346,2676,308,75,233
Rural,State - UTTAR PRADESH,Buddhist,60-69,8735,4532,4203,2971,2415,556,2097,1212,885,808,568,240,3667,905,2762,222,85,137
Rural,State - UTTAR PRADESH,Buddhist,70-79,3656,1935,1721,979,828,151,608,382,226,167,115,52,2069,725,1344,69,29,40
Rural,State - UTTAR PRADESH,Buddhist,80+,1618,838,780,307,254,53,250,152,98,74,56,18,1061,432,629,24,11,13
Rural,State - UTTAR PRADESH,Buddhist,Age not stated,1606,868,738,314,249,65,222,135,87,70,54,16,1070,484,586,55,27,28
Rural,State - UTTAR PRADESH,Buddhist,15-59,93039,47942,45097,27972,22572,5400,23274,13045,10229,12367,8517,3850,41793,12325,29468,6878,2981,3897
Rural,State - UTTAR PRADESH,Buddhist,60+,14009,7305,6704,4257,3497,760,2955,1746,1209,1049,739,310,6797,2062,4735,315,125,190
Rural,State - UTTAR PRADESH,Jain,Total,30144,15852,14292,7359,6310,1049,2380,1288,1092,857,609,248,20405,8254,12151,1399,733,666
Rural,State - UTTAR PRADESH,Jain,5-9,3444,1835,1609,54,32,22,45,25,20,8,4,4,3345,1778,1567,30,11,19
Rural,State - UTTAR PRADESH,Jain,10-14,3667,1898,1769,75,49,26,97,55,42,31,16,15,3495,1794,1701,53,31,22
Rural,State - UTTAR PRADESH,Jain,15-19,3262,1797,1465,258,195,63,235,166,69,109,83,26,2769,1436,1333,358,237,121
Rural,State - UTTAR PRADESH,Jain,20-24,2736,1489,1247,636,548,88,316,198,118,146,109,37,1784,743,1041,395,222,173
Rural,State - UTTAR PRADESH,Jain,25-29,2238,1198,1040,864,747,117,323,185,138,142,104,38,1051,266,785,207,114,93
Rural,State - UTTAR PRADESH,Jain,30-34,2003,1031,972,902,783,119,257,130,127,105,72,33,844,118,726,104,46,58
Rural,State - UTTAR PRADESH,Jain,35-39,1866,971,895,903,786,117,248,123,125,83,64,19,715,62,653,64,20,44
Rural,State - UTTAR PRADESH,Jain,40-49,2927,1517,1410,1522,1281,241,344,153,191,98,64,34,1061,83,978,87,21,66
Rural,State - UTTAR PRADESH,Jain,50-59,2088,1096,992,1075,931,144,221,101,120,66,48,18,792,64,728,52,14,38
Rural,State - UTTAR PRADESH,Jain,60-69,1584,831,753,659,592,67,157,74,83,36,23,13,768,165,603,37,10,27
Rural,State - UTTAR PRADESH,Jain,70-79,803,390,413,254,229,25,74,46,28,16,14,2,475,115,360,3,1,2
Rural,State - UTTAR PRADESH,Jain,80+,388,196,192,87,77,10,35,18,17,6,2,4,266,101,165,4,2,2
Rural,State - UTTAR PRADESH,Jain,Age not stated,294,157,137,70,60,10,28,14,14,11,6,5,196,83,113,5,4,1
Rural,State - UTTAR PRADESH,Jain,15-59,17120,9099,8021,6160,5271,889,1944,1056,888,749,544,205,9016,2772,6244,1267,674,593
Rural,State - UTTAR PRADESH,Jain,60+,2775,1417,1358,1000,898,102,266,138,128,58,39,19,1509,381,1128,44,13,31
Rural,State - UTTAR PRADESH,Other religious communities,Total,9517,4906,4611,2150,1541,609,1378,721,657,534,389,145,5989,2644,3345,375,182,193
Rural,State - UTTAR PRADESH,Other religious communities,5-9,1433,734,699,34,22,12,41,23,18,6,4,2,1358,689,669,12,5,7
Rural,State - UTTAR PRADESH,Other religious communities,10-14,1198,603,595,91,46,45,40,20,20,11,8,3,1067,537,530,10,3,7
Rural,State - UTTAR PRADESH,Other religious communities,15-19,956,527,429,172,117,55,131,81,50,55,42,13,653,329,324,101,71,30
Rural,State - UTTAR PRADESH,Other religious communities,20-24,760,420,340,248,186,62,188,104,84,85,62,23,324,130,194,72,42,30
Rural,State - UTTAR PRADESH,Other religious communities,25-29,681,345,336,271,197,74,202,100,102,76,54,22,208,48,160,40,18,22
Rural,State - UTTAR PRADESH,Other religious communities,30-34,604,287,317,246,177,69,159,77,82,59,41,18,199,33,166,41,13,28
Rural,State - UTTAR PRADESH,Other religious communities,35-39,529,261,268,233,160,73,143,77,66,54,45,9,153,24,129,27,11,16
Rural,State - UTTAR PRADESH,Other religious communities,40-49,754,379,375,361,258,103,188,92,96,73,52,21,205,29,176,23,8,15
Rural,State - UTTAR PRADESH,Other religious communities,50-59,517,260,257,231,178,53,137,62,75,51,33,18,149,20,129,23,4,19
Rural,State - UTTAR PRADESH,Other religious communities,60-69,419,214,205,167,119,48,91,52,39,37,29,8,161,43,118,18,4,14
Rural,State - UTTAR PRADESH,Other religious communities,70-79,213,110,103,56,48,8,36,19,17,16,10,6,121,43,78,3,1,2
Rural,State - UTTAR PRADESH,Other religious communities,80+,92,57,35,24,22,2,13,10,3,8,7,1,55,25,30,0,0,0
Rural,State - UTTAR PRADESH,Other religious communities,Age not stated,107,61,46,16,11,5,9,4,5,3,2,1,82,46,36,5,2,3
Rural,State - UTTAR PRADESH,Other religious communities,15-59,4801,2479,2322,1762,1273,489,1148,593,555,453,329,124,1891,613,1278,327,167,160
Rural,State - UTTAR PRADESH,Other religious communities,60+,724,381,343,247,189,58,140,81,59,61,46,15,337,111,226,21,5,16
Urban,State - UTTAR PRADESH,All religious communities,Total,44495063,23487515,21007548,11096675,9607952,1488723,2767060,1885931,881129,1243532,933243,310289,30631328,11993632,18637696,2509707,1287318,1222389
Urban,State - UTTAR PRADESH,All religious communities,5-9,4699261,2505728,2193533,64778,40111,24667,84281,46223,38058,26234,14929,11305,4550202,2419394,2130808,50721,28308,22413
Urban,State - UTTAR PRADESH,All religious communities,10-14,5095941,2716832,2379109,143533,101406,42127,141947,82417,59530,51675,32299,19376,4810461,2533009,2277452,112765,69236,43529
Urban,State - UTTAR PRADESH,All religious communities,15-19,5261296,2814155,2447141,616439,507195,109244,330844,223639,107205,173287,125884,47403,4314013,2083321,2230692,668832,412466,256366
Urban,State - UTTAR PRADESH,All religious communities,20-24,4589604,2477784,2111820,1185184,1031527,153657,409563,294192,115371,227116,173282,53834,2994857,1152065,1842792,699853,401598,298255
Urban,State - UTTAR PRADESH,All religious communities,25-29,3719100,1934915,1784185,1433004,1250062,182942,349808,250788,99020,178653,137963,40690,1936288,434065,1502223,381880,176034,205846
Urban,State - UTTAR PRADESH,All religious communities,30-34,3144283,1606340,1537943,1389400,1214887,174513,290049,201907,88142,135630,104763,30867,1464834,189546,1275288,184846,70069,114777
Urban,State - UTTAR PRADESH,All religious communities,35-39,3032521,1553023,1479498,1429662,1244123,185539,279529,190533,88996,125751,96292,29459,1323330,118367,1204963,130561,36551,94010
Urban,State - UTTAR PRADESH,All religious communities,40-49,4717666,2482423,2235243,2343065,2046127,296938,410142,278702,131440,169176,130347,38829,1964459,157594,1806865,139501,36004,103497
Urban,State - UTTAR PRADESH,All religious communities,50-59,2971878,1575153,1396725,1468272,1284129,184143,229315,153062,76253,81192,61891,19301,1274291,137962,1136329,62895,19169,43726
Urban,State - UTTAR PRADESH,All religious communities,60-69,1872719,980638,892081,645840,561805,84035,140590,95862,44728,44843,33942,10901,1086289,322971,763318,47337,21853,25484
Urban,State - UTTAR PRADESH,All religious communities,70-79,756323,397338,358985,192996,169333,23663,46002,32013,13989,11723,8730,2993,517325,195992,321333,11686,5829,5857
Urban,State - UTTAR PRADESH,All religious communities,80+,364394,181522,182872,79008,67623,11385,21778,14540,7238,6443,4559,1884,263608,99359,164249,6500,3448,3052
Urban,State - UTTAR PRADESH,All religious communities,Age not stated,449632,241553,208079,105494,89624,15870,33212,22053,11159,11809,8362,3447,310926,129876,181050,12330,6753,5577
Urban,State - UTTAR PRADESH,All religious communities,15-59,27436348,14443793,12992555,9865026,8578050,1286976,2299250,1592823,706427,1090805,830422,260383,15272072,4272920,10999152,2268368,1151891,1116477
Urban,State - UTTAR PRADESH,All religious communities,60+,2993436,1559498,1433938,917844,798761,119083,208370,142415,65955,63009,47231,15778,1867222,618322,1248900,65523,31130,34393
Urban,State - UTTAR PRADESH,Hindu,Total,29368104,15609259,13758845,7462727,6438885,1023842,1841175,1247929,593246,840967,623239,217728,20064202,7922445,12141757,1785166,915990,869176
Urban,State - UTTAR PRADESH,Hindu,5-9,2875613,1554686,1320927,40165,24983,15182,57011,31542,25469,17975,10192,7783,2778437,1498161,1280276,32725,18258,14467
Urban,State - UTTAR PRADESH,Hindu,10-14,3155460,1704762,1450698,70413,49608,20805,87269,50852,36417,32521,20019,12502,2997778,1604302,1393476,67775,40515,27260
Urban,State - UTTAR PRADESH,Hindu,15-19,3275700,1788411,1487289,290092,240749,49343,191475,130872,60603,106474,76595,29879,2794133,1416790,1377343,445055,275039,170016
Urban,State - UTTAR PRADESH,Hindu,20-24,2983700,1609311,1374389,684277,591254,93023,260996,186016,74980,151556,113703,37853,2038427,832041,1206386,514010,296693,217317
Urban,State - UTTAR PRADESH,Hindu,25-29,2526439,1312981,1213458,954791,824784,130007,236818,168217,68601,124285,94625,29660,1334830,319980,1014850,287761,134567,153194
Urban,State - UTTAR PRADESH,Hindu,30-34,2177438,1114744,1062694,963886,836418,127468,200205,138417,61788,95078,72545,22533,1013347,139909,873438,138055,53691,84364
Urban,State - UTTAR PRADESH,Hindu,35-39,2113066,1086188,1026878,1003103,867150,135953,194250,131663,62587,88229,66847,21382,915713,87375,828338,96118,27742,68376
Urban,State - UTTAR PRADESH,Hindu,40-49,3335360,1755905,1579455,1665989,1447075,218914,284702,191595,93107,117528,89362,28166,1384669,117235,1267434,101968,27396,74572
Urban,State - UTTAR PRADESH,Hindu,50-59,2153685,1151826,1001859,1081323,944061,137262,161045,106151,54894,56121,42003,14118,911317,101614,809703,45594,14350,31244
Urban,State - UTTAR PRADESH,Hindu,60-69,1326941,696064,630877,445289,385484,59805,97425,65417,32008,30418,22593,7825,784227,245163,539064,34321,16205,18116
Urban,State - UTTAR PRADESH,Hindu,70-79,548227,289358,258869,137640,120495,17145,32919,22636,10283,8191,5984,2207,377668,146227,231441,8344,4217,4127
Urban,State - UTTAR PRADESH,Hindu,80+,258903,129754,129149,55641,47569,8072,15423,10229,5194,4559,3166,1393,187839,71956,115883,4789,2606,2183
Urban,State - UTTAR PRADESH,Hindu,Age not stated,290807,156881,133926,70118,59255,10863,21637,14322,7315,8032,5605,2427,199052,83304,115748,8651,4711,3940
Urban,State - UTTAR PRADESH,Hindu,15-59,18565388,9819366,8746022,6643461,5751491,891970,1529491,1052931,476560,739271,555680,183591,10392436,3014944,7377492,1628561,829478,799083
Urban,State - UTTAR PRADESH,Hindu,60+,2134071,1115176,1018895,638570,553548,85022,145767,98282,47485,43168,31743,11425,1349734,463346,886388,47454,23028,24426
Urban,State - UTTAR PRADESH,Muslim,Total,14327910,7459809,6868101,3410115,2988030,422085,881130,610041,271089,385106,298173,86933,10036665,3861738,6174927,677624,347424,330200
Urban,State - UTTAR PRADESH,Muslim,5-9,1754464,913221,841243,23172,14223,8949,25267,13591,11676,7617,4387,3230,1706025,885407,820618,17374,9720,7654
Urban,State - UTTAR PRADESH,Muslim,10-14,1865226,971496,893730,70624,50186,20438,51979,30049,21930,18162,11678,6484,1742623,891261,851362,43823,28050,15773
Urban,State - UTTAR PRADESH,Muslim,15-19,1905998,982499,923499,317566,259912,57654,134664,89878,44786,64431,47723,16708,1453768,632709,821059,213384,131155,82229
Urban,State - UTTAR PRADESH,Muslim,20-24,1526911,825975,700936,481289,424647,56642,142356,104172,38184,72187,57312,14875,903266,297156,606110,172382,97257,75125
Urban,State - UTTAR PRADESH,Muslim,25-29,1122896,585687,537209,449699,402334,47365,107419,78950,28469,51761,41526,10235,565778,104403,461375,86023,37658,48365
Urban,State - UTTAR PRADESH,Muslim,30-34,906710,460796,445914,397052,354981,42071,85432,60659,24773,38863,31025,7838,424226,45156,379070,42761,14614,28147
Urban,State - UTTAR PRADESH,Muslim,35-39,863893,439130,424763,399529,354969,44560,81210,56327,24883,36017,28407,7610,383154,27834,355320,31455,7683,23772
Urban,State - UTTAR PRADESH,Muslim,40-49,1288522,679583,608939,629481,560305,69176,119140,83205,35935,49612,39551,10061,539901,36073,503828,34498,7658,26840
Urban,State - UTTAR PRADESH,Muslim,50-59,750778,389235,361543,352502,312153,40349,64335,44499,19836,24040,19155,4885,333941,32583,301358,15816,4278,11538
Urban,State - UTTAR PRADESH,Muslim,60-69,502965,263025,239940,185460,163652,21808,40695,28861,11834,13848,10949,2899,276810,70512,206298,12016,5200,6816
Urban,State - UTTAR PRADESH,Muslim,70-79,188440,98101,90339,50410,44593,5817,12198,8795,3403,3371,2636,735,125832,44713,81119,3099,1495,1604
Urban,State - UTTAR PRADESH,Muslim,80+,95898,47082,48816,21328,18395,2933,5928,4038,1890,1783,1328,455,68642,24649,43993,1598,785,813
Urban,State - UTTAR PRADESH,Muslim,Age not stated,143317,75500,67817,32003,27680,4323,10507,7017,3490,3414,2496,918,100807,40803,60004,3395,1871,1524
Urban,State - UTTAR PRADESH,Muslim,15-59,8365708,4362905,4002803,3027118,2669301,357817,734556,517690,216866,336911,264699,72212,4604034,1175914,3428120,596319,300303,296016
Urban,State - UTTAR PRADESH,Muslim,60+,787303,408208,379095,257198,226640,30558,58821,41694,17127,19002,14913,4089,471284,139874,331410,16713,7480,9233
Urban,State - UTTAR PRADESH,Christian,Total,171345,86987,84358,53943,37567,16376,11682,7180,4502,4922,3411,1511,105720,42240,63480,10232,5035,5197
Urban,State - UTTAR PRADESH,Christian,5-9,14382,7490,6892,312,196,116,393,201,192,116,64,52,13677,7093,6584,145,78,67
Urban,State - UTTAR PRADESH,Christian,10-14,15845,8243,7602,547,350,197,579,316,263,212,136,76,14719,7577,7142,292,164,128
Urban,State - UTTAR PRADESH,Christian,15-19,17410,9002,8408,1986,1386,600,1138,696,442,592,389,203,14286,6920,7366,2267,1331,936
Urban,State - UTTAR PRADESH,Christian,20-24,17603,8940,8663,4382,3067,1315,1627,1009,618,855,560,295,11594,4864,6730,2871,1527,1344
Urban,State - UTTAR PRADESH,Christian,25-29,14785,7309,7476,6207,4390,1817,1435,891,544,721,490,231,7143,2028,5115,1732,783,949
Urban,State - UTTAR PRADESH,Christian,30-34,12601,6274,6327,6460,4658,1802,1184,742,442,500,355,145,4957,874,4083,900,374,526
Urban,State - UTTAR PRADESH,Christian,35-39,12252,6082,6170,6786,4811,1975,1109,690,419,481,339,142,4357,581,3776,579,202,377
Urban,State - UTTAR PRADESH,Christian,40-49,21464,10795,10669,12696,8793,3903,1799,1108,691,661,479,182,6969,894,6075,689,221,468
Urban,State - UTTAR PRADESH,Christian,50-59,15683,8023,7660,9404,6304,3100,1167,735,432,381,296,85,5112,984,4128,363,158,205
Urban,State - UTTAR PRADESH,Christian,60-69,9240,4631,4609,3202,2239,963,678,424,254,202,147,55,5360,1968,3392,246,128,118
Urban,State - UTTAR PRADESH,Christian,70-79,4062,1948,2114,988,692,296,220,136,84,52,40,12,2854,1120,1734,57,23,34
Urban,State - UTTAR PRADESH,Christian,80+,1954,900,1054,441,299,142,123,79,44,40,30,10,1390,522,868,27,13,14
Urban,State - UTTAR PRADESH,Christian,Age not stated,1996,1026,970,532,382,150,230,153,77,109,86,23,1234,491,743,64,33,31
Urban,State - UTTAR PRADESH,Christian,15-59,111798,56425,55373,47921,33409,14512,9459,5871,3588,4191,2908,1283,54418,17145,37273,9401,4596,4805
Urban,State - UTTAR PRADESH,Christian,60+,15256,7479,7777,4631,3230,1401,1021,639,382,294,217,77,9604,3610,5994,330,164,166
Urban,State - UTTAR PRADESH,Sikh,Total,211365,113259,98106,67012,58172,8840,10119,6509,3610,3696,2445,1251,134234,48578,85656,10995,5091,5904
Urban,State - UTTAR PRADESH,Sikh,5-9,14734,8256,6478,270,169,101,421,232,189,140,74,66,14043,7855,6188,167,94,73
Urban,State - UTTAR PRADESH,Sikh,10-14,16498,9031,7467,389,256,133,530,294,236,218,138,80,15579,8481,7098,313,177,136
Urban,State - UTTAR PRADESH,Sikh,15-19,18521,10351,8170,1851,1594,257,837,494,343,418,257,161,15833,8263,7570,2106,1273,833
Urban,State - UTTAR PRADESH,Sikh,20-24,20771,11687,9084,5810,5126,684,1273,815,458,681,438,243,13688,5746,7942,3315,1788,1527
Urban,State - UTTAR PRADESH,Sikh,25-29,19748,10670,9078,8799,7510,1289,1319,866,453,605,398,207,9630,2294,7336,1958,801,1157
Urban,State - UTTAR PRADESH,Sikh,30-34,17427,9436,7991,8913,7786,1127,1023,697,326,389,280,109,7491,953,6538,857,297,560
Urban,State - UTTAR PRADESH,Sikh,35-39,15873,8157,7716,7921,6879,1042,944,619,325,315,217,98,7008,659,6349,645,161,484
Urban,State - UTTAR PRADESH,Sikh,40-49,27812,14315,13497,14157,12355,1802,1484,984,500,432,304,128,12171,976,11195,805,181,624
Urban,State - UTTAR PRADESH,Sikh,50-59,20889,10832,10057,10634,9209,1425,1022,646,376,232,162,70,9233,977,8256,392,128,264
Urban,State - UTTAR PRADESH,Sikh,60-69,14214,7308,6906,5219,4612,607,759,522,237,166,113,53,8236,2174,6062,284,112,172
Urban,State - UTTAR PRADESH,Sikh,70-79,6785,3570,3215,1814,1638,176,296,209,87,59,40,19,4675,1723,2952,68,34,34
Urban,State - UTTAR PRADESH,Sikh,80+,3218,1627,1591,719,616,103,121,78,43,16,9,7,2378,933,1445,36,19,17
Urban,State - UTTAR PRADESH,Sikh,Age not stated,1762,935,827,516,422,94,90,53,37,25,15,10,1156,460,696,49,26,23
Urban,State - UTTAR PRADESH,Sikh,15-59,141041,75448,65593,58085,50459,7626,7902,5121,2781,3072,2056,1016,75054,19868,55186,10078,4629,5449
Urban,State - UTTAR PRADESH,Sikh,60+,24217,12505,11712,7752,6866,886,1176,809,367,241,162,79,15289,4830,10459,388,165,223
Urban,State - UTTAR PRADESH,Buddhist,Total,30058,16151,13907,7660,6293,1367,1965,1312,653,860,628,232,20433,8546,11887,1968,946,1022
Urban,State - UTTAR PRADESH,Buddhist,5-9,3105,1693,1412,51,27,24,61,31,30,15,8,7,2993,1635,1358,40,16,24
Urban,State - UTTAR PRADESH,Buddhist,10-14,3342,1827,1515,126,90,36,133,84,49,53,38,15,3083,1653,1430,69,38,31
Urban,State - UTTAR PRADESH,Buddhist,15-19,3444,1885,1559,418,314,104,203,121,82,105,64,41,2823,1450,1373,416,239,177
Urban,State - UTTAR PRADESH,Buddhist,20-24,3163,1684,1479,725,563,162,252,179,73,151,110,41,2186,942,1244,591,306,285
Urban,State - UTTAR PRADESH,Buddhist,25-29,2501,1310,1191,967,773,194,246,175,71,132,98,34,1288,362,926,337,144,193
Urban,State - UTTAR PRADESH,Buddhist,30-34,2131,1062,1069,954,787,167,201,132,69,89,66,23,976,143,833,173,66,107
Urban,State - UTTAR PRADESH,Buddhist,35-39,1996,1061,935,970,801,169,215,156,59,106,84,22,811,104,707,125,41,84
Urban,State - UTTAR PRADESH,Buddhist,40-49,3204,1699,1505,1614,1361,253,295,196,99,114,91,23,1295,142,1153,109,41,68
Urban,State - UTTAR PRADESH,Buddhist,50-59,2097,1167,930,1102,953,149,166,101,65,51,34,17,829,113,716,50,20,30
Urban,State - UTTAR PRADESH,Buddhist,60-69,1409,766,643,460,396,64,107,80,27,21,20,1,842,290,552,31,16,15
Urban,State - UTTAR PRADESH,Buddhist,70-79,568,343,225,146,127,19,42,31,11,9,8,1,380,185,195,10,7,3
Urban,State - UTTAR PRADESH,Buddhist,80+,268,143,125,50,41,9,18,12,6,2,2,0,200,90,110,2,2,0
Urban,State - UTTAR PRADESH,Buddhist,Age not stated,348,187,161,77,60,17,26,14,12,12,5,7,245,113,132,15,10,5
Urban,State - UTTAR PRADESH,Buddhist,15-59,18536,9868,8668,6750,5552,1198,1578,1060,518,748,547,201,10208,3256,6952,1801,857,944
Urban,State - UTTAR PRADESH,Buddhist,60+,2245,1252,993,656,564,92,167,123,44,32,30,2,1422,565,857,43,25,18
Urban,State - UTTAR PRADESH,Jain,Total,183123,95142,87981,54711,48354,6357,6881,4370,2511,2178,1420,758,121531,42418,79113,8553,4201,4352
Urban,State - UTTAR PRADESH,Jain,5-9,13696,7405,6291,166,106,60,283,164,119,76,42,34,13247,7135,6112,121,66,55
Urban,State - UTTAR PRADESH,Jain,10-14,15093,8179,6914,235,160,75,324,174,150,87,45,42,14534,7845,6689,195,112,83
Urban,State - UTTAR PRADESH,Jain,15-19,15694,8384,7310,744,577,167,563,351,212,270,176,94,14387,7456,6931,1643,976,667
Urban,State - UTTAR PRADESH,Jain,20-24,16362,8554,7808,3303,2711,592,895,559,336,501,313,188,12164,5284,6880,2859,1613,1246
Urban,State - UTTAR PRADESH,Jain,25-29,15921,8304,7617,6662,5742,920,823,565,258,326,239,87,8436,1997,6439,1596,755,841
Urban,State - UTTAR PRADESH,Jain,30-34,14878,7595,7283,7133,6346,787,707,458,249,217,139,78,7038,791,6247,664,241,423
Urban,State - UTTAR PRADESH,Jain,35-39,13823,6957,6866,6871,6091,780,623,389,234,157,109,48,6329,477,5852,460,120,340
Urban,State - UTTAR PRADESH,Jain,40-49,25105,12760,12345,12807,11446,1361,1086,676,410,281,182,99,11212,638,10574,497,119,378
Urban,State - UTTAR PRADESH,Jain,50-59,19208,9876,9332,9735,8746,989,786,507,279,141,104,37,8687,623,8064,258,74,184
Urban,State - UTTAR PRADESH,Jain,60-69,12124,6210,5914,4639,4244,395,429,289,140,74,46,28,7056,1677,5379,160,75,85
Urban,State - UTTAR PRADESH,Jain,70-79,5726,2849,2877,1555,1438,117,193,127,66,14,6,8,3978,1284,2694,47,22,25
Urban,State - UTTAR PRADESH,Jain,80+,2445,1176,1269,526,478,48,73,51,22,6,3,3,1846,647,1199,22,10,12
Urban,State - UTTAR PRADESH,Jain,Age not stated,1255,641,614,335,269,66,96,60,36,28,16,12,824,312,512,31,18,13
Urban,State - UTTAR PRADESH,Jain,15-59,120991,62430,58561,47255,41659,5596,5483,3505,1978,1893,1262,631,68253,17266,50987,7977,3898,4079
Urban,State - UTTAR PRADESH,Jain,60+,20295,10235,10060,6720,6160,560,695,467,228,94,55,39,12880,3608,9272,229,107,122
Urban,State - UTTAR PRADESH,Other religious communities,Total,4081,2164,1917,1225,980,245,302,183,119,109,74,35,2554,1001,1553,236,129,107
Urban,State - UTTAR PRADESH,Other religious communities,5-9,325,178,147,12,4,8,7,6,1,1,1,0,306,168,138,2,1,1
Urban,State - UTTAR PRADESH,Other religious communities,10-14,352,175,177,17,8,9,16,9,7,10,6,4,319,158,161,10,5,5
Urban,State - UTTAR PRADESH,Other religious communities,15-19,368,197,171,39,28,11,38,19,19,24,10,14,291,150,141,55,34,21
Urban,State - UTTAR PRADESH,Other religious communities,20-24,395,221,174,104,82,22,55,32,23,29,19,10,236,107,129,64,47,17
Urban,State - UTTAR PRADESH,Other religious communities,25-29,353,194,159,149,116,33,42,27,15,12,9,3,162,51,111,39,20,19
Urban,State - UTTAR PRADESH,Other religious communities,30-34,312,166,146,152,123,29,30,20,10,11,9,2,130,23,107,14,9,5
Urban,State - UTTAR PRADESH,Other religious communities,35-39,293,158,135,154,131,23,17,13,4,4,4,0,122,14,108,13,2,11
Urban,State - UTTAR PRADESH,Other religious communities,40-49,535,270,265,263,216,47,46,25,21,10,9,1,226,29,197,23,2,21
Urban,State - UTTAR PRADESH,Other religious communities,50-59,361,192,169,188,155,33,24,14,10,4,3,1,149,23,126,8,6,2
Urban,State - UTTAR PRADESH,Other religious communities,60-69,230,117,113,88,66,22,12,9,3,3,3,0,130,42,88,5,2,3
Urban,State - UTTAR PRADESH,Other religious communities,70-79,139,70,69,29,26,3,5,4,1,1,1,0,105,40,65,1,1,0
Urban,State - UTTAR PRADESH,Other religious communities,80+,72,35,37,16,13,3,1,0,1,0,0,0,55,22,33,0,0,0
Urban,State - UTTAR PRADESH,Other religious communities,Age not stated,69,37,32,14,12,2,9,5,4,0,0,0,46,20,26,2,0,2
Urban,State - UTTAR PRADESH,Other religious communities,15-59,2617,1398,1219,1049,851,198,252,150,102,94,63,31,1316,397,919,216,120,96
Urban,State - UTTAR PRADESH,Other religious communities,60+,441,222,219,133,105,28,18,13,5,4,4,0,290,104,186,6,3,3
Total,State - BIHAR,All religious communities,Total,104099452,54278157,49821295,21359611,17270690,4088921,13365376,7951499,5413877,6952338,4899302,2053036,69374465,29055968,40318497,4509174,2077906,2431268
Total,State - BIHAR,All religious communities,5-9,15036277,7796359,7239918,156061,87746,68315,192944,100943,92001,51349,28266,23083,14687272,7607670,7079602,131421,70573,60848
Total,State - BIHAR,All religious communities,10-14,13919882,7323831,6596051,295529,194429,101100,443975,249460,194515,148463,95175,53288,13180378,6879942,6300436,271313,158403,112910
Total,State - BIHAR,All religious communities,15-19,9472695,5290581,4182114,1046525,820351,226174,1101228,717132,384096,616406,459325,157081,7324942,3753098,3571844,1132897,714962,417935
Total,State - BIHAR,All religious communities,20-24,8064735,4210585,3854150,2091254,1660934,430320,1653068,1005413,647655,977491,703675,273816,4320413,1544238,2776175,1012071,559893,452178
Total,State - BIHAR,All religious communities,25-29,7671705,3828687,3843018,2711858,2177303,534555,1781748,1048867,732881,1026660,721220,305440,3178099,602517,2575582,624084,249826,374258
Total,State - BIHAR,All religious communities,30-34,7055737,3510596,3545141,2813055,2265469,547586,1672475,961976,710499,945948,654264,291684,2570207,283151,2287056,403238,111627,291611
Total,State - BIHAR,All religious communities,35-39,6457261,3308161,3149100,2761431,2238912,522519,1539564,891601,647963,857683,595314,262369,2156266,177648,1978618,293500,62705,230795
Total,State - BIHAR,All religious communities,40-49,9436066,4966803,4469263,4225781,3465389,760392,2197823,1281298,916525,1161584,812028,349556,3012462,220116,2792346,324383,62144,262239
Total,State - BIHAR,All religious communities,50-59,6109418,3138781,2970637,2663337,2193927,469410,1332493,764101,568392,619288,429801,189487,2113588,180753,1932835,157043,31377,125666
Total,State - BIHAR,All religious communities,60-69,5097787,2663643,2434144,1815847,1507970,307877,1017941,634720,383221,402458,290728,111730,2263999,520953,1743046,112329,35260,77069
Total,State - BIHAR,All religious communities,70-79,1930010,1082356,847654,552981,475107,77874,299781,211108,88673,97537,76085,21452,1077248,396141,681107,28491,12492,15999
Total,State - BIHAR,All religious communities,80+,679348,360594,318754,143223,119433,23790,80592,54258,26334,25054,18484,6570,455533,186903,268630,8705,3861,4844
Total,State - BIHAR,All religious communities,Age not stated,403502,220309,183193,82729,63720,19009,51744,30622,21122,22417,14937,7480,269029,125967,143062,9699,4783,4916
Total,State - BIHAR,All religious communities,15-59,54267617,28254194,26013423,18313241,14822285,3490956,11278399,6670388,4608011,6205060,4375627,1829433,24675977,6761521,17914456,3947216,1792534,2154682
Total,State - BIHAR,All religious communities,60+,7707145,4106593,3600552,2512051,2102510,409541,1398314,900086,498228,525049,385297,139752,3796780,1103997,2692783,149525,51613,97912
Total,State - BIHAR,Hindu,Total,86078686,44994505,41084181,17896447,14385283,3511164,11329793,6694624,4635169,5880996,4116078,1764918,56852446,23914598,32937848,3795008,1754628,2040380
Total,State - BIHAR,Hindu,5-9,12236906,6359330,5877576,128721,72437,56284,161354,84557,76797,42728,23530,19198,11946831,6202336,5744495,108571,58441,50130
Total,State - BIHAR,Hindu,10-14,11368751,6008107,5360644,235276,153378,81898,364144,204274,159870,120119,76840,43279,10769331,5650455,5118876,218860,128257,90603
Total,State - BIHAR,Hindu,15-19,7673314,4332791,3340523,811562,629227,182335,890314,577121,313193,498813,370530,128283,5971438,3126443,2844995,936855,597375,339480
Total,State - BIHAR,Hindu,20-24,6644156,3459398,3184758,1696688,1330773,365915,1382739,829756,552983,818912,583234,235678,3564729,1298869,2265860,860203,477143,383060
Total,State - BIHAR,Hindu,25-29,6418555,3197833,3220722,2263633,1801744,461889,1516370,883842,632528,874551,609027,265524,2638552,512247,2126305,534573,215220,319353
Total,State - BIHAR,Hindu,30-34,5954848,2964736,2990112,2378700,1902519,476181,1435246,819791,615455,811880,557584,254296,2140902,242426,1898476,345844,96580,249264
Total,State - BIHAR,Hindu,35-39,5437692,2794105,2643587,2336005,1882460,453545,1317638,759263,558375,734054,506516,227538,1784049,152382,1631667,249578,54067,195511
Total,State - BIHAR,Hindu,40-49,7940267,4188563,3751704,3569720,2911668,658052,1876143,1088850,787293,989482,688074,301408,2494404,188045,2306359,274014,53275,220739
Total,State - BIHAR,Hindu,50-59,5177611,2663620,2513991,2264989,1858213,406776,1141181,650528,490653,526323,362890,163433,1771441,154879,1616562,131837,26497,105340
Total,State - BIHAR,Hindu,60-69,4346703,2273995,2072708,1544132,1279399,264733,873227,542233,330994,340979,245128,95851,1929344,452363,1476981,94998,29885,65113
Total,State - BIHAR,Hindu,70-79,1659492,934637,724855,474811,407899,66912,258300,181982,76318,82768,64422,18346,926381,344756,581625,24153,10646,13507
Total,State - BIHAR,Hindu,80+,584270,311819,272451,123372,102788,20584,69431,46752,22679,21305,15648,5657,391467,162279,229188,7392,3300,4092
Total,State - BIHAR,Hindu,Age not stated,328365,178320,150045,68838,52778,16060,43706,25675,18031,19082,12655,6427,215821,99867,115954,8130,3942,4188
Total,State - BIHAR,Hindu,15-59,45246443,23601046,21645397,15321297,12316604,3004693,9559631,5609151,3950480,5254015,3677855,1576160,20365515,5675291,14690224,3332904,1520157,1812747
Total,State - BIHAR,Hindu,60+,6590465,3520451,3070014,2142315,1790086,352229,1200958,770967,429991,445052,325198,119854,3247192,959398,2287794,126543,43831,82712
Total,State - BIHAR,Muslim,Total,17557809,9044086,8513723,3375076,2823304,551772,1981108,1227836,753272,1044951,766556,278395,12201625,4992946,7208679,689068,310441,378627
Total,State - BIHAR,Muslim,5-9,2731863,1401458,1330405,25392,14240,11152,29714,15376,14338,8005,4394,3611,2676757,1371842,1304915,22188,11761,10427
Total,State - BIHAR,Muslim,10-14,2490041,1283053,1206988,57870,39655,18215,76790,43533,33257,27308,17703,9605,2355381,1199865,1155516,51232,29427,21805
Total,State - BIHAR,Muslim,15-19,1755901,934160,821741,229542,187467,42075,205341,136796,68545,114772,86929,27843,1321018,609897,711121,189965,113796,76169
Total,State - BIHAR,Muslim,20-24,1385472,733065,652407,385881,324100,61781,263167,171771,91396,154525,117863,36662,736424,237194,499230,146281,79547,66734
Total,State - BIHAR,Muslim,25-29,1222070,615722,606348,437495,368051,69444,258389,161296,97093,148239,109754,38485,526186,86375,439811,86038,32956,53082
Total,State - BIHAR,Muslim,30-34,1074037,533036,541001,423692,355314,68378,231192,139078,92114,130818,94658,36160,419153,38644,380509,55140,14142,40998
Total,State - BIHAR,Muslim,35-39,995070,502305,492765,414994,349026,65968,216362,129489,86873,120664,86947,33717,363714,23790,339924,42253,8039,34214
Total,State - BIHAR,Muslim,40-49,1459984,760783,699201,639753,541989,97764,314154,188614,125540,168384,121611,46773,506077,30180,475897,48439,8176,40263
Total,State - BIHAR,Muslim,50-59,908644,464117,444527,387884,328252,59632,186728,111302,75426,91048,65704,25344,334032,24563,309469,24139,4510,19629
Total,State - BIHAR,Muslim,60-69,732896,381183,351713,265765,224224,41541,141443,90743,50700,60287,44873,15414,325688,66216,259472,16610,5090,11520
Total,State - BIHAR,Muslim,70-79,262916,143904,119012,76221,65704,10517,40492,28550,11942,14472,11455,3017,146203,49650,96553,4171,1759,2412
Total,State - BIHAR,Muslim,80+,91827,47188,44639,19223,16202,3021,10834,7326,3508,3669,2780,889,61770,23660,38110,1277,551,726
Total,State - BIHAR,Muslim,Age not stated,59503,31891,27612,11364,9080,2284,6502,3962,2540,2760,1885,875,41637,18849,22788,1335,687,648
Total,State - BIHAR,Muslim,15-59,8801178,4543188,4257990,2919241,2454199,465042,1675333,1038346,636987,928450,683466,244984,4206604,1050643,3155961,592255,261166,331089
Total,State - BIHAR,Muslim,60+,1087639,572275,515364,361209,306130,55079,192769,126619,66150,78428,59108,19320,533661,139526,394135,22058,7400,14658
Total,State - BIHAR,Christian,Total,129247,66115,63132,32336,22865,9471,17003,9112,7891,8174,5226,2948,79908,34138,45770,5880,2798,3082
Total,State - BIHAR,Christian,5-9,16412,8375,8037,293,157,136,333,167,166,115,59,56,15786,8051,7735,145,76,69
Total,State - BIHAR,Christian,10-14,16159,8510,7649,461,271,190,689,368,321,230,139,91,15009,7871,7138,333,191,142
Total,State - BIHAR,Christian,15-19,12320,6445,5875,1484,1036,448,1467,809,658,763,498,265,9369,4600,4769,1439,830,609
Total,State - BIHAR,Christian,20-24,10581,5209,5372,2844,1940,904,2103,1072,1031,1149,697,452,5634,2197,3437,1407,741,666
Total,State - BIHAR,Christian,25-29,9653,4645,5008,3676,2564,1112,2193,1136,1057,1141,701,440,3784,945,2839,876,400,476
Total,State - BIHAR,Christian,30-34,8942,4396,4546,4023,2862,1161,1990,1054,936,1047,659,388,2929,480,2449,514,198,316
Total,State - BIHAR,Christian,35-39,8840,4452,4388,4334,3101,1233,1998,1038,960,1049,664,385,2508,313,2195,380,108,272
Total,State - BIHAR,Christian,40-49,13400,7059,6341,7127,5124,2003,2785,1513,1272,1349,915,434,3488,422,3066,421,136,285
Total,State - BIHAR,Christian,50-59,8814,4622,4192,4744,3355,1389,1685,936,749,739,488,251,2385,331,2054,188,49,139
Total,State - BIHAR,Christian,60-69,6187,3087,3100,2249,1650,599,1191,680,511,437,291,146,2747,757,1990,128,46,82
Total,State - BIHAR,Christian,70-79,2532,1311,1221,730,549,181,366,228,138,97,76,21,1436,534,902,27,13,14
Total,State - BIHAR,Christian,80+,877,419,458,191,139,52,108,58,50,24,18,6,578,222,356,9,3,6
Total,State - BIHAR,Christian,Age not stated,706,382,324,180,117,63,95,53,42,34,21,13,431,212,219,13,7,6
Total,State - BIHAR,Christian,15-59,72550,36828,35722,28232,19982,8250,14221,7558,6663,7237,4622,2615,30097,9288,20809,5225,2462,2763
Total,State - BIHAR,Christian,60+,9596,4817,4779,3170,2338,832,1665,966,699,558,385,173,4761,1513,3248,164,62,102
Total,State - BIHAR,Sikh,Total,23779,12457,11322,6046,5102,944,1914,1131,783,987,666,321,15819,6224,9595,1530,685,845
Total,State - BIHAR,Sikh,5-9,2594,1376,1218,52,31,21,45,22,23,14,8,6,2497,1323,1174,44,23,21
Total,State - BIHAR,Sikh,10-14,2610,1370,1240,66,44,22,85,44,41,45,28,17,2459,1282,1177,69,41,28
Total,State - BIHAR,Sikh,15-19,2181,1163,1018,167,135,32,148,85,63,85,54,31,1866,943,923,304,182,122
Total,State - BIHAR,Sikh,20-24,2024,1048,976,439,348,91,237,139,98,153,99,54,1348,561,787,422,228,194
Total,State - BIHAR,Sikh,25-29,1918,958,960,670,566,104,235,136,99,132,90,42,1013,256,757,257,103,154
Total,State - BIHAR,Sikh,30-34,1737,891,846,755,649,106,220,136,84,124,85,39,762,106,656,124,39,85
Total,State - BIHAR,Sikh,35-39,1705,898,807,825,704,121,200,123,77,111,77,34,680,71,609,95,22,73
Total,State - BIHAR,Sikh,40-49,2711,1434,1277,1311,1116,195,335,209,126,171,121,50,1065,109,956,107,23,84
Total,State - BIHAR,Sikh,50-59,1785,959,826,925,780,145,188,112,76,75,56,19,672,67,605,60,11,49
Total,State - BIHAR,Sikh,60-69,1376,722,654,548,486,62,151,88,63,57,37,20,677,148,529,35,9,26
Total,State - BIHAR,Sikh,70-79,558,306,252,198,172,26,44,25,19,11,7,4,316,109,207,7,2,5
Total,State - BIHAR,Sikh,80+,231,125,106,51,45,6,14,6,8,4,2,2,166,74,92,1,0,1
Total,State - BIHAR,Sikh,Age not stated,167,85,82,39,26,13,12,6,6,5,2,3,116,53,63,5,2,3
Total,State - BIHAR,Sikh,15-59,14061,7351,6710,5092,4298,794,1563,940,623,851,582,269,7406,2113,5293,1369,608,761
Total,State - BIHAR,Sikh,60+,2165,1153,1012,797,703,94,209,119,90,72,46,26,1159,331,828,43,11,32
Total,State - BIHAR,Buddhist,Total,25453,13490,11963,5191,4134,1057,3146,1800,1346,1466,1058,408,17116,7556,9560,1281,606,675
Total,State - BIHAR,Buddhist,5-9,3506,1838,1668,41,25,16,40,19,21,8,4,4,3425,1794,1631,23,12,11
Total,State - BIHAR,Buddhist,10-14,3530,1881,1649,69,42,27,94,55,39,29,24,5,3367,1784,1583,57,33,24
Total,State - BIHAR,Buddhist,15-19,2328,1277,1051,140,98,42,233,158,75,104,85,19,1955,1021,934,301,187,114
Total,State - BIHAR,Buddhist,20-24,1911,995,916,381,297,84,366,204,162,194,126,68,1164,494,670,328,182,146
Total,State - BIHAR,Buddhist,25-29,1835,972,863,614,493,121,400,242,158,223,167,56,821,237,584,194,85,109
Total,State - BIHAR,Buddhist,30-34,1654,829,825,671,524,147,387,205,182,196,133,63,596,100,496,123,33,90
Total,State - BIHAR,Buddhist,35-39,1603,842,761,714,575,139,359,210,149,186,143,43,530,57,473,88,25,63
Total,State - BIHAR,Buddhist,40-49,2418,1307,1111,1150,943,207,569,293,276,289,195,94,699,71,628,98,29,69
Total,State - BIHAR,Buddhist,50-59,1543,789,754,672,534,138,359,192,167,128,96,32,512,63,449,32,8,24
Total,State - BIHAR,Buddhist,60-69,1316,712,604,486,391,95,246,155,91,78,60,18,584,166,418,25,6,19
Total,State - BIHAR,Buddhist,70-79,520,314,206,161,144,17,60,42,18,19,15,4,299,128,171,4,2,2
Total,State - BIHAR,Buddhist,80+,231,125,106,52,39,13,20,15,5,5,5,0,159,71,88,4,2,2
Total,State - BIHAR,Buddhist,Age not stated,139,93,46,40,29,11,13,10,3,7,5,2,86,54,32,4,2,2
Total,State - BIHAR,Buddhist,15-59,13292,7011,6281,4342,3464,878,2673,1504,1169,1320,945,375,6277,2043,4234,1164,549,615
Total,State - BIHAR,Buddhist,60+,2067,1151,916,699,574,125,326,212,114,102,80,22,1042,365,677,33,10,23
Total,State - BIHAR,Jain,Total,18914,9743,9171,4761,4113,648,1130,672,458,522,359,163,13023,4958,8065,1038,497,541
Total,State - BIHAR,Jain,5-9,2142,1123,1019,30,19,11,43,20,23,16,6,10,2069,1084,985,26,15,11
Total,State - BIHAR,Jain,10-14,1993,1035,958,55,34,21,40,18,22,16,6,10,1898,983,915,51,29,22
Total,State - BIHAR,Jain,15-19,1693,900,793,111,79,32,105,68,37,61,45,16,1477,753,724,217,131,86
Total,State - BIHAR,Jain,20-24,1547,793,754,296,225,71,153,94,59,98,65,33,1098,474,624,311,172,139
Total,State - BIHAR,Jain,25-29,1442,745,697,556,472,84,142,88,54,85,58,27,744,185,559,148,72,76
Total,State - BIHAR,Jain,30-34,1329,668,661,593,521,72,134,77,57,60,45,15,602,70,532,87,29,58
Total,State - BIHAR,Jain,35-39,1237,620,617,577,496,81,108,66,42,47,35,12,552,58,494,65,20,45
Total,State - BIHAR,Jain,40-49,2125,1084,1041,1052,928,124,158,98,60,64,50,14,915,58,857,65,11,54
Total,State - BIHAR,Jain,50-59,1580,832,748,801,722,79,112,61,51,38,24,14,667,49,618,35,5,30
Total,State - BIHAR,Jain,60-69,1077,533,544,434,385,49,84,49,35,28,19,9,559,99,460,24,8,16
Total,State - BIHAR,Jain,70-79,527,285,242,189,176,13,34,22,12,7,4,3,304,87,217,6,3,3
Total,State - BIHAR,Jain,80+,199,97,102,44,38,6,10,6,4,0,0,0,145,53,92,1,0,1
Total,State - BIHAR,Jain,Age not stated,123,73,50,23,18,5,7,5,2,2,2,0,93,50,43,2,2,0
Total,State - BIHAR,Jain,15-59,10953,5642,5311,3986,3443,543,912,552,360,453,322,131,6055,1647,4408,928,440,488
Total,State - BIHAR,Jain,60+,1803,915,888,667,599,68,128,77,51,35,23,12,1008,239,769,31,11,20
Total,State - BIHAR,Other religious communities,Total,13437,6833,6604,2338,1567,771,4099,2036,2063,2156,1186,970,7000,3230,3770,328,161,167
Total,State - BIHAR,Other religious communities,5-9,2118,1106,1012,53,32,21,51,27,24,6,4,2,2014,1047,967,12,7,5
Total,State - BIHAR,Other religious communities,10-14,1699,848,851,93,46,47,270,138,132,36,22,14,1336,664,672,19,11,8
Total,State - BIHAR,Other religious communities,15-19,1222,661,561,153,93,60,472,228,244,214,110,104,597,340,257,84,51,33
Total,State - BIHAR,Other religious communities,20-24,1000,482,518,218,154,64,506,236,270,315,159,156,276,92,184,68,38,30
Total,State - BIHAR,Other religious communities,25-29,1110,517,593,304,185,119,598,280,318,398,199,199,208,52,156,41,23,18
Total,State - BIHAR,Other religious communities,30-34,898,442,456,291,207,84,471,222,249,285,145,140,136,13,123,25,7,18
Total,State - BIHAR,Other religious communities,35-39,837,445,392,264,191,73,463,241,222,291,175,116,110,13,97,16,5,11
Total,State - BIHAR,Other religious communities,40-49,1184,624,560,425,291,134,598,311,287,347,197,150,161,22,139,21,6,15
Total,State - BIHAR,Other religious communities,50-59,757,370,387,286,188,98,329,157,172,151,94,57,142,25,117,19,6,13
Total,State - BIHAR,Other religious communities,60-69,580,312,268,177,132,45,245,139,106,72,54,18,158,41,117,17,5,12
Total,State - BIHAR,Other religious communities,70-79,183,92,91,34,23,11,59,31,28,24,13,11,90,38,52,5,1,4
Total,State - BIHAR,Other religious communities,80+,62,35,27,23,15,8,13,9,4,3,3,0,26,11,15,1,1,0
Total,State - BIHAR,Other religious communities,Age not stated,93,53,40,17,10,7,24,17,7,14,11,3,52,26,26,0,0,0
Total,State - BIHAR,Other religious communities,15-59,7008,3541,3467,1941,1309,632,3437,1675,1762,2001,1079,922,1630,557,1073,274,136,138
Total,State - BIHAR,Other religious communities,60+,825,439,386,234,170,64,317,179,138,99,70,29,274,90,184,23,7,16
Rural,State - BIHAR,All religious communities,Total,92341436,48073850,44267586,18723966,14988080,3735886,12635801,7448605,5187196,6560133,4604091,1956042,60981669,25637165,35344504,3694043,1660514,2033529
Rural,State - BIHAR,All religious communities,5-9,13630801,7057963,6572838,142723,80050,62673,175966,91803,84163,45429,24975,20454,13312112,6886110,6426002,116452,62312,54140
Rural,State - BIHAR,All religious communities,10-14,12472947,6563975,5908972,268597,175515,93082,414065,231977,182088,135781,87182,48599,11790285,6156483,5633802,236007,137488,98519
Rural,State - BIHAR,All religious communities,15-19,8243729,4622498,3621231,942340,733802,208538,1032968,669617,363351,573610,427952,145658,6268421,3219079,3049342,940832,597218,343614
Rural,State - BIHAR,All religious communities,20-24,7011053,3644529,3366524,1870710,1470335,400375,1558048,937486,620562,915675,656477,259198,3582295,1236708,2345587,798177,435036,363141
Rural,State - BIHAR,All religious communities,25-29,6722688,3340162,3382526,2394358,1902279,492079,1684898,980430,704468,967453,675903,291550,2643432,457453,2185979,485372,180210,305162
Rural,State - BIHAR,All religious communities,30-34,6203044,3074406,3128638,2459507,1957424,502083,1583720,899988,683732,894655,614990,279665,2159817,216994,1942823,325914,80310,245604
Rural,State - BIHAR,All religious communities,35-39,5671251,2902365,2768886,2401766,1926680,475086,1458464,835648,622816,812480,560850,251630,1811021,140037,1670984,241588,46917,194671
Rural,State - BIHAR,All religious communities,40-49,8232401,4323375,3909026,3630909,2947652,683257,2080847,1200740,880107,1102221,766646,335575,2520645,174983,2345662,273650,48075,225575
Rural,State - BIHAR,All religious communities,50-59,5336023,2726754,2609269,2282717,1860853,421864,1266095,719176,546919,590653,408082,182571,1787211,146725,1640486,137073,25754,111319
Rural,State - BIHAR,All religious communities,60-69,4548077,2372284,2175793,1630226,1344801,285425,972015,602497,369518,385143,277428,107715,1945836,424986,1520850,98867,29581,69286
Rural,State - BIHAR,All religious communities,70-79,1718722,964312,754410,500037,427759,72278,285579,200418,85161,93110,72601,20509,933106,336135,596971,25149,10819,14330
Rural,State - BIHAR,All religious communities,80+,601387,320855,280532,128764,106748,22016,76243,51141,25102,23669,17455,6214,396380,162966,233414,7374,3169,4205
Rural,State - BIHAR,All religious communities,Age not stated,349025,190547,158478,71312,54182,17130,46893,27684,19209,20254,13550,6704,230820,108681,122139,7588,3625,3963
Rural,State - BIHAR,All religious communities,15-59,47420189,24634089,22786100,15982307,12799025,3183282,10665040,6243085,4421955,5856747,4110900,1745847,20772842,5591979,15180863,3202606,1413520,1789086
Rural,State - BIHAR,All religious communities,60+,6868186,3657451,3210735,2259027,1879308,379719,1333837,854056,479781,501922,367484,134438,3275322,924087,2351235,131390,43569,87821
Rural,State - BIHAR,Hindu,Total,76780126,40066887,36713239,15778276,12550909,3227367,10750556,6297697,4452859,5568604,3882070,1686534,50251294,21218281,29033013,3134229,1415865,1718364
Rural,State - BIHAR,Hindu,5-9,11163710,5791471,5372239,118494,66533,51961,148013,77333,70680,38023,20889,17134,10897203,5647605,5249598,97069,52081,44988
Rural,State - BIHAR,Hindu,10-14,10253598,5417720,4835878,216067,139942,76125,341213,190854,150359,110460,70762,39698,9696318,5086924,4609394,192387,112541,79846
Rural,State - BIHAR,Hindu,15-19,6726696,3810646,2916050,739302,568910,170392,838892,541413,297479,466156,346642,119514,5148502,2700323,2448179,787397,504868,282529
Rural,State - BIHAR,Hindu,20-24,5816476,3014501,2801975,1532184,1189010,343174,1308986,777493,531493,770259,546338,223921,2975306,1047998,1927308,685386,374875,310511
Rural,State - BIHAR,Hindu,25-29,5656906,2806123,2850783,2012104,1584287,427817,1439208,829891,609317,826997,572935,254062,2205594,391945,1813649,418789,156762,262027
Rural,State - BIHAR,Hindu,30-34,5261899,2610394,2651505,2091884,1652836,439048,1363501,770108,593393,770318,526000,244318,1806514,187450,1619064,281113,70241,210872
Rural,State - BIHAR,Hindu,35-39,4798465,2463954,2334511,2043215,1628544,414671,1252079,714288,537791,697383,478673,218710,1503171,121122,1382049,206297,40763,165534
Rural,State - BIHAR,Hindu,40-49,6955207,3662206,3293001,3081272,2487231,594041,1781989,1024350,757639,941594,651636,289958,2091946,150625,1941321,231922,41540,190382
Rural,State - BIHAR,Hindu,50-59,4538088,2321888,2216200,1947660,1580371,367289,1087837,614686,473151,503333,345520,157813,1502591,126831,1375760,115640,21897,93743
Rural,State - BIHAR,Hindu,60-69,3895386,2034534,1860852,1393854,1147094,246760,836391,516518,319873,327358,234687,92671,1665141,370922,1294219,84078,25286,58792
Rural,State - BIHAR,Hindu,70-79,1484143,836210,647933,431263,368862,62401,246763,173276,73487,79235,61644,17591,806117,294072,512045,21434,9276,12158
Rural,State - BIHAR,Hindu,80+,519690,278609,241081,111363,92237,19126,65845,44171,21674,20162,14801,5361,342482,142201,200281,6306,2722,3584
Rural,State - BIHAR,Hindu,Age not stated,286022,155258,130764,59614,45052,14562,39839,23316,16523,17326,11543,5783,186569,86890,99679,6411,3013,3398
Rural,State - BIHAR,Hindu,15-59,39753737,20689712,19064025,13447621,10691189,2756432,9072492,5272229,3800263,4976040,3467744,1508296,17233624,4726294,12507330,2726544,1210946,1515598
Rural,State - BIHAR,Hindu,60+,5899219,3149353,2749866,1936480,1608193,328287,1148999,733965,415034,426755,311132,115623,2813740,807195,2006545,111818,37284,74534
Rural,State - BIHAR,Muslim,Total,15196308,7817335,7378973,2881367,2392437,488930,1836518,1125146,711372,968052,707161,260891,10478423,4299752,6178671,542295,235801,306494
Rural,State - BIHAR,Muslim,5-9,2409879,1236330,1173549,22504,12574,9930,26322,13587,12735,6899,3803,3096,2361053,1210169,1150884,18853,9934,8919
Rural,State - BIHAR,Muslim,10-14,2169200,1119374,1049826,50466,34372,16094,70149,39652,30497,24450,15882,8568,2048585,1045350,1003235,42646,24365,18281
Rural,State - BIHAR,Muslim,15-19,1483686,793490,690196,198602,161866,36736,189101,125334,63767,104999,79657,25342,1095983,506290,589693,149125,89591,59534
Rural,State - BIHAR,Muslim,20-24,1168286,616489,551797,331695,276546,55149,242721,156560,86161,141899,107884,34015,593870,183383,410487,109260,58149,51111
Rural,State - BIHAR,Muslim,25-29,1042449,522700,519749,374244,312450,61794,239411,147233,92178,136999,100797,36202,428794,63017,365777,64424,22438,41986
Rural,State - BIHAR,Muslim,30-34,921109,454531,466578,359962,299196,60766,214782,127132,87650,121418,87185,34233,346365,28203,318162,43242,9509,33733
Rural,State - BIHAR,Muslim,35-39,854655,429772,424883,351149,292991,58158,201372,118846,82526,112426,80523,31903,302134,17935,284199,34090,5740,28350
Rural,State - BIHAR,Muslim,40-49,1251624,648704,602920,538646,452620,86026,292103,173001,119102,157238,112882,44356,420875,23083,397792,40267,6031,34236
Rural,State - BIHAR,Muslim,50-59,781662,397255,384407,328357,275774,52583,174132,102467,71665,85549,61439,24110,279173,19014,260159,20590,3570,17020
Rural,State - BIHAR,Muslim,60-69,638811,331272,307539,231877,194471,37406,132618,84369,48249,56685,42064,14621,274316,52432,221884,14171,4057,10114
Rural,State - BIHAR,Muslim,70-79,228922,125254,103668,67341,57800,9541,37937,26633,11304,13602,10769,2833,123644,40821,82823,3580,1474,2106
Rural,State - BIHAR,Muslim,80+,79300,41062,38238,16935,14196,2739,10115,6814,3301,3434,2602,832,52250,20052,32198,1044,442,602
Rural,State - BIHAR,Muslim,Age not stated,50361,26978,23383,9589,7581,2008,5755,3518,2237,2454,1674,780,35017,15879,19138,1003,501,502
Rural,State - BIHAR,Muslim,15-59,7503471,3862941,3640530,2482655,2071443,411212,1553622,950573,603049,860528,630367,230161,3467194,840925,2626269,460998,195028,265970
Rural,State - BIHAR,Muslim,60+,947033,497588,449445,316153,266467,49686,180670,117816,62854,73721,55435,18286,450210,113305,336905,18795,5973,12822
Rural,State - BIHAR,Christian,Total,97608,50483,47125,22408,16524,5884,15107,8060,7047,7181,4645,2536,60093,25899,34194,3653,1700,1953
Rural,State - BIHAR,Christian,5-9,13594,6910,6684,256,132,124,258,129,129,72,38,34,13080,6649,6431,114,60,54
Rural,State - BIHAR,Christian,10-14,12861,6788,6073,392,228,164,604,323,281,177,112,65,11865,6237,5628,256,155,101
Rural,State - BIHAR,Christian,15-19,9042,4844,4198,1213,870,343,1304,727,577,655,442,213,6525,3247,3278,939,555,384
Rural,State - BIHAR,Christian,20-24,7611,3811,3800,2147,1547,600,1838,944,894,983,611,372,3626,1320,2306,796,444,352
Rural,State - BIHAR,Christian,25-29,7125,3494,3631,2706,1983,723,1960,1014,946,996,626,370,2459,497,1962,454,191,263
Rural,State - BIHAR,Christian,30-34,6549,3252,3297,2798,2065,733,1780,926,854,923,582,341,1971,261,1710,307,88,219
Rural,State - BIHAR,Christian,35-39,6443,3265,3178,2986,2195,791,1778,901,877,926,577,349,1679,169,1510,239,56,183
Rural,State - BIHAR,Christian,40-49,9387,5058,4329,4592,3472,1120,2499,1345,1154,1232,837,395,2296,241,2055,275,75,200
Rural,State - BIHAR,Christian,50-59,5922,3138,2784,2840,2139,701,1493,824,669,676,451,225,1589,175,1414,134,27,107
Rural,State - BIHAR,Christian,60-69,4567,2344,2223,1685,1289,396,1101,634,467,411,273,138,1781,421,1360,109,37,72
Rural,State - BIHAR,Christian,70-79,1822,953,869,527,418,109,327,199,128,87,66,21,968,336,632,21,8,13
Rural,State - BIHAR,Christian,80+,627,315,312,144,109,35,98,54,44,22,16,6,385,152,233,6,2,4
Rural,State - BIHAR,Christian,Age not stated,483,267,216,122,77,45,67,40,27,21,14,7,294,150,144,3,2,1
Rural,State - BIHAR,Christian,15-59,52079,26862,25217,19282,14271,5011,12652,6681,5971,6391,4126,2265,20145,5910,14235,3144,1436,1708
Rural,State - BIHAR,Christian,60+,7016,3612,3404,2356,1816,540,1526,887,639,520,355,165,3134,909,2225,136,47,89
Rural,State - BIHAR,Sikh,Total,12018,6255,5763,2751,2210,541,1401,805,596,727,491,236,7866,3240,4626,705,279,426
Rural,State - BIHAR,Sikh,5-9,1567,848,719,40,25,15,34,18,16,11,6,5,1493,805,688,22,14,8
Rural,State - BIHAR,Sikh,10-14,1511,797,714,50,34,16,54,30,24,26,17,9,1407,733,674,36,24,12
Rural,State - BIHAR,Sikh,15-19,1083,577,506,105,78,27,103,55,48,55,35,20,875,444,431,135,78,57
Rural,State - BIHAR,Sikh,20-24,948,455,493,225,161,64,167,96,71,101,67,34,556,198,358,169,87,82
Rural,State - BIHAR,Sikh,25-29,883,435,448,304,248,56,173,96,77,95,63,32,406,91,315,95,37,58
Rural,State - BIHAR,Sikh,30-34,828,427,401,353,290,63,158,98,60,96,67,29,317,39,278,65,16,49
Rural,State - BIHAR,Sikh,35-39,760,408,352,363,300,63,154,91,63,90,62,28,243,17,226,52,5,47
Rural,State - BIHAR,Sikh,40-49,1170,618,552,543,438,105,251,146,105,132,92,40,376,34,342,63,11,52
Rural,State - BIHAR,Sikh,50-59,770,413,357,365,303,62,146,86,60,59,43,16,259,24,235,38,4,34
Rural,State - BIHAR,Sikh,60-69,658,336,322,253,213,40,116,67,49,47,30,17,289,56,233,25,3,22
Rural,State - BIHAR,Sikh,70-79,243,134,109,97,81,16,28,15,13,9,6,3,118,38,80,2,0,2
Rural,State - BIHAR,Sikh,80+,104,49,55,24,21,3,9,3,6,4,2,2,71,25,46,1,0,1
Rural,State - BIHAR,Sikh,Age not stated,123,67,56,29,18,11,8,4,4,2,1,1,86,45,41,2,0,2
Rural,State - BIHAR,Sikh,15-59,6442,3333,3109,2258,1818,440,1152,668,484,628,429,199,3032,847,2185,617,238,379
Rural,State - BIHAR,Sikh,60+,1005,519,486,374,315,59,153,85,68,60,38,22,478,119,359,28,3,25
Rural,State - BIHAR,Buddhist,Total,23555,12398,11157,4667,3699,968,3063,1739,1324,1417,1019,398,15825,6960,8865,1122,522,600
Rural,State - BIHAR,Buddhist,5-9,3293,1708,1585,37,22,15,39,19,20,8,4,4,3217,1667,1550,22,11,11
Rural,State - BIHAR,Buddhist,10-14,3304,1764,1540,66,41,25,90,51,39,26,21,5,3148,1672,1476,53,31,22
Rural,State - BIHAR,Buddhist,15-19,2149,1180,969,131,92,39,219,149,70,97,80,17,1799,939,860,267,167,100
Rural,State - BIHAR,Buddhist,20-24,1731,886,845,354,275,79,349,191,158,182,117,65,1028,420,608,283,154,129
Rural,State - BIHAR,Buddhist,25-29,1693,887,806,553,438,115,395,239,156,219,164,55,745,210,535,162,68,94
Rural,State - BIHAR,Buddhist,30-34,1527,761,766,600,472,128,381,202,179,194,131,63,546,87,459,112,28,84
Rural,State - BIHAR,Buddhist,35-39,1454,753,701,624,500,124,351,205,146,180,139,41,479,48,431,74,20,54
Rural,State - BIHAR,Buddhist,40-49,2206,1178,1028,1022,833,189,557,282,275,280,187,93,627,63,564,92,28,64
Rural,State - BIHAR,Buddhist,50-59,1411,705,706,598,469,129,347,182,165,124,93,31,466,54,412,29,7,22
Rural,State - BIHAR,Buddhist,60-69,1229,667,562,453,366,87,246,155,91,78,60,18,530,146,384,21,5,16
Rural,State - BIHAR,Buddhist,70-79,470,286,184,147,131,16,59,41,18,18,14,4,264,114,150,4,2,2
Rural,State - BIHAR,Buddhist,80+,207,113,94,47,34,13,19,15,4,5,5,0,141,64,77,1,0,1
Rural,State - BIHAR,Buddhist,Age not stated,121,79,42,35,26,9,11,8,3,6,4,2,75,45,30,2,1,1
Rural,State - BIHAR,Buddhist,15-59,12171,6350,5821,3882,3079,803,2599,1450,1149,1276,911,365,5690,1821,3869,1019,472,547
Rural,State - BIHAR,Buddhist,60+,1906,1066,840,647,531,116,324,211,113,101,79,22,935,324,611,26,7,19
Rural,State - BIHAR,Jain,Total,7575,3950,3625,1414,1122,292,778,470,308,391,276,115,5383,2358,3025,331,167,164
Rural,State - BIHAR,Jain,5-9,1274,670,604,15,9,6,32,13,19,10,2,8,1227,648,579,17,10,7
Rural,State - BIHAR,Jain,10-14,1014,531,483,35,22,13,27,11,16,15,6,9,952,498,454,25,12,13
Rural,State - BIHAR,Jain,15-19,694,381,313,67,45,22,76,47,29,43,31,12,551,289,262,82,53,29
Rural,State - BIHAR,Jain,20-24,603,307,296,142,100,42,108,65,43,69,45,24,353,142,211,86,46,40
Rural,State - BIHAR,Jain,25-29,487,256,231,174,138,36,95,63,32,57,42,15,218,55,163,48,23,25
Rural,State - BIHAR,Jain,30-34,420,219,201,170,143,27,94,58,36,48,38,10,156,18,138,28,10,18
Rural,State - BIHAR,Jain,35-39,388,199,189,169,131,38,77,49,28,37,30,7,142,19,123,14,4,10
Rural,State - BIHAR,Jain,40-49,530,276,254,243,200,43,99,62,37,50,39,11,188,14,174,13,2,11
Rural,State - BIHAR,Jain,50-59,421,218,203,193,160,33,71,38,33,29,19,10,157,20,137,6,2,4
Rural,State - BIHAR,Jain,60-69,348,174,174,129,105,24,62,39,23,25,18,7,157,30,127,9,3,6
Rural,State - BIHAR,Jain,70-79,153,91,62,53,50,3,25,17,8,6,4,2,75,24,51,1,1,0
Rural,State - BIHAR,Jain,80+,57,30,27,12,11,1,7,4,3,0,0,0,38,15,23,1,0,1
Rural,State - BIHAR,Jain,Age not stated,70,42,28,12,8,4,5,4,1,2,2,0,53,30,23,1,1,0
Rural,State - BIHAR,Jain,15-59,3543,1856,1687,1158,917,241,620,382,238,333,244,89,1765,557,1208,277,140,137
Rural,State - BIHAR,Jain,60+,558,295,263,194,166,28,94,60,34,31,22,9,270,69,201,11,4,7
Rural,State - BIHAR,Other religious communities,Total,12374,6291,6083,1944,1319,625,4051,2018,2033,2130,1174,956,6379,2954,3425,290,141,149
Rural,State - BIHAR,Other religious communities,5-9,2002,1051,951,53,32,21,49,26,23,5,3,2,1900,993,907,11,6,5
Rural,State - BIHAR,Other religious communities,10-14,1591,800,791,92,46,46,267,137,130,35,21,14,1232,617,615,18,10,8
Rural,State - BIHAR,Other religious communities,15-19,1094,578,516,115,68,47,466,226,240,211,109,102,513,284,229,81,49,32
Rural,State - BIHAR,Other religious communities,20-24,902,435,467,175,132,43,496,234,262,310,157,153,231,69,162,54,28,26
Rural,State - BIHAR,Other religious communities,25-29,1025,477,548,248,154,94,596,280,316,396,199,197,181,43,138,33,19,14
Rural,State - BIHAR,Other religious communities,30-34,816,406,410,242,174,68,466,220,246,282,144,138,108,12,96,23,7,16
Rural,State - BIHAR,Other religious communities,35-39,773,411,362,221,161,60,459,239,220,288,173,115,93,11,82,12,5,7
Rural,State - BIHAR,Other religious communities,40-49,1083,567,516,348,239,109,594,309,285,346,197,149,141,19,122,19,5,14
Rural,State - BIHAR,Other religious communities,50-59,686,338,348,234,158,76,325,157,168,149,94,55,127,23,104,17,6,11
Rural,State - BIHAR,Other religious communities,60-69,547,291,256,159,118,41,240,135,105,68,51,17,148,38,110,17,5,12
Rural,State - BIHAR,Other religious communities,70-79,169,85,84,31,20,11,59,31,28,24,13,11,79,34,45,4,0,4
Rural,State - BIHAR,Other religious communities,80+,54,31,23,20,12,8,13,9,4,3,3,0,21,10,11,1,1,0
Rural,State - BIHAR,Other religious communities,Age not stated,60,38,22,6,5,1,21,15,6,13,10,3,33,18,15,0,0,0
Rural,State - BIHAR,Other religious communities,15-59,6379,3212,3167,1583,1086,497,3402,1665,1737,1982,1073,909,1394,461,933,239,119,120
Rural,State - BIHAR,Other religious communities,60+,770,407,363,210,150,60,312,175,137,95,67,28,248,82,166,22,6,16
Urban,State - BIHAR,All religious communities,Total,11758016,6204307,5553709,2635645,2282610,353035,729575,502894,226681,392205,295211,96994,8392796,3418803,4973993,815131,417392,397739
Urban,State - BIHAR,All religious communities,5-9,1405476,738396,667080,13338,7696,5642,16978,9140,7838,5920,3291,2629,1375160,721560,653600,14969,8261,6708
Urban,State - BIHAR,All religious communities,10-14,1446935,759856,687079,26932,18914,8018,29910,17483,12427,12682,7993,4689,1390093,723459,666634,35306,20915,14391
Urban,State - BIHAR,All religious communities,15-19,1228966,668083,560883,104185,86549,17636,68260,47515,20745,42796,31373,11423,1056521,534019,522502,192065,117744,74321
Urban,State - BIHAR,All religious communities,20-24,1053682,566056,487626,220544,190599,29945,95020,67927,27093,61816,47198,14618,738118,307530,430588,213894,124857,89037
Urban,State - BIHAR,All religious communities,25-29,949017,488525,460492,317500,275024,42476,96850,68437,28413,59207,45317,13890,534667,145064,389603,138712,69616,69096
Urban,State - BIHAR,All religious communities,30-34,852693,436190,416503,353548,308045,45503,88755,61988,26767,51293,39274,12019,410390,66157,344233,77324,31317,46007
Urban,State - BIHAR,All religious communities,35-39,786010,405796,380214,359665,312232,47433,81100,55953,25147,45203,34464,10739,345245,37611,307634,51912,15788,36124
Urban,State - BIHAR,All religious communities,40-49,1203665,643428,560237,594872,517737,77135,116976,80558,36418,59363,45382,13981,491817,45133,446684,50733,14069,36664
Urban,State - BIHAR,All religious communities,50-59,773395,412027,361368,380620,333074,47546,66398,44925,21473,28635,21719,6916,326377,34028,292349,19970,5623,14347
Urban,State - BIHAR,All religious communities,60-69,549710,291359,258351,185621,163169,22452,45926,32223,13703,17315,13300,4015,318163,95967,222196,13462,5679,7783
Urban,State - BIHAR,All religious communities,70-79,211288,118044,93244,52944,47348,5596,14202,10690,3512,4427,3484,943,144142,60006,84136,3342,1673,1669
Urban,State - BIHAR,All religious communities,80+,77961,39739,38222,14459,12685,1774,4349,3117,1232,1385,1029,356,59153,23937,35216,1331,692,639
Urban,State - BIHAR,All religious communities,Age not stated,54477,29762,24715,11417,9538,1879,4851,2938,1913,2163,1387,776,38209,17286,20923,2111,1158,953
Urban,State - BIHAR,All religious communities,15-59,6847428,3620105,3227323,2330934,2023260,307674,613359,427303,186056,348313,264727,83586,3903135,1169542,2733593,744610,379014,365596
Urban,State - BIHAR,All religious communities,60+,838959,449142,389817,253024,223202,29822,64477,46030,18447,23127,17813,5314,521458,179910,341548,18135,8044,10091
Urban,State - BIHAR,Hindu,Total,9298560,4927618,4370942,2118171,1834374,283797,579237,396927,182310,312392,234008,78384,6601152,2696317,3904835,660779,338763,322016
Urban,State - BIHAR,Hindu,5-9,1073196,567859,505337,10227,5904,4323,13341,7224,6117,4705,2641,2064,1049628,554731,494897,11502,6360,5142
Urban,State - BIHAR,Hindu,10-14,1115153,590387,524766,19209,13436,5773,22931,13420,9511,9659,6078,3581,1073013,563531,509482,26473,15716,10757
Urban,State - BIHAR,Hindu,15-19,946618,522145,424473,72260,60317,11943,51422,35708,15714,32657,23888,8769,822936,426120,396816,149458,92507,56951
Urban,State - BIHAR,Hindu,20-24,827680,444897,382783,164504,141763,22741,73753,52263,21490,48653,36896,11757,589423,250871,338552,174817,102268,72549
Urban,State - BIHAR,Hindu,25-29,761649,391710,369939,251529,217457,34072,77162,53951,23211,47554,36092,11462,432958,120302,312656,115784,58458,57326
Urban,State - BIHAR,Hindu,30-34,692949,354342,338607,286816,249683,37133,71745,49683,22062,41562,31584,9978,334388,54976,279412,64731,26339,38392
Urban,State - BIHAR,Hindu,35-39,639227,330151,309076,292790,253916,38874,65559,44975,20584,36671,27843,8828,280878,31260,249618,43281,13304,29977
Urban,State - BIHAR,Hindu,40-49,985060,526357,458703,488448,424437,64011,94154,64500,29654,47888,36438,11450,402458,37420,365038,42092,11735,30357
Urban,State - BIHAR,Hindu,50-59,639523,341732,297791,317329,277842,39487,53344,35842,17502,22990,17370,5620,268850,28048,240802,16197,4600,11597
Urban,State - BIHAR,Hindu,60-69,451317,239461,211856,150278,132305,17973,36836,25715,11121,13621,10441,3180,264203,81441,182762,10920,4599,6321
Urban,State - BIHAR,Hindu,70-79,175349,98427,76922,43548,39037,4511,11537,8706,2831,3533,2778,755,120264,50684,69580,2719,1370,1349
Urban,State - BIHAR,Hindu,80+,64580,33210,31370,12009,10551,1458,3586,2581,1005,1143,847,296,48985,20078,28907,1086,578,508
Urban,State - BIHAR,Hindu,Age not stated,42343,23062,19281,9224,7726,1498,3867,2359,1508,1756,1112,644,29252,12977,16275,1719,929,790
Urban,State - BIHAR,Hindu,15-59,5492706,2911334,2581372,1873676,1625415,248261,487139,336922,150217,277975,210111,67864,3131891,948997,2182894,606360,309211,297149
Urban,State - BIHAR,Hindu,60+,691246,371098,320148,205835,181893,23942,51959,37002,14957,18297,14066,4231,433452,152203,281249,14725,6547,8178
Urban,State - BIHAR,Muslim,Total,2361501,1226751,1134750,493709,430867,62842,144590,102690,41900,76899,59395,17504,1723202,693194,1030008,146773,74640,72133
Urban,State - BIHAR,Muslim,5-9,321984,165128,156856,2888,1666,1222,3392,1789,1603,1106,591,515,315704,161673,154031,3335,1827,1508
Urban,State - BIHAR,Muslim,10-14,320841,163679,157162,7404,5283,2121,6641,3881,2760,2858,1821,1037,306796,154515,152281,8586,5062,3524
Urban,State - BIHAR,Muslim,15-19,272215,140670,131545,30940,25601,5339,16240,11462,4778,9773,7272,2501,225035,103607,121428,40840,24205,16635
Urban,State - BIHAR,Muslim,20-24,217186,116576,100610,54186,47554,6632,20446,15211,5235,12626,9979,2647,142554,53811,88743,37021,21398,15623
Urban,State - BIHAR,Muslim,25-29,179621,93022,86599,63251,55601,7650,18978,14063,4915,11240,8957,2283,97392,23358,74034,21614,10518,11096
Urban,State - BIHAR,Muslim,30-34,152928,78505,74423,63730,56118,7612,16410,11946,4464,9400,7473,1927,72788,10441,62347,11898,4633,7265
Urban,State - BIHAR,Muslim,35-39,140415,72533,67882,63845,56035,7810,14990,10643,4347,8238,6424,1814,61580,5855,55725,8163,2299,5864
Urban,State - BIHAR,Muslim,40-49,208360,112079,96281,101107,89369,11738,22051,15613,6438,11146,8729,2417,85202,7097,78105,8172,2145,6027
Urban,State - BIHAR,Muslim,50-59,126982,66862,60120,59527,52478,7049,12596,8835,3761,5499,4265,1234,54859,5549,49310,3549,940,2609
Urban,State - BIHAR,Muslim,60-69,94085,49911,44174,33888,29753,4135,8825,6374,2451,3602,2809,793,51372,13784,37588,2439,1033,1406
Urban,State - BIHAR,Muslim,70-79,33994,18650,15344,8880,7904,976,2555,1917,638,870,686,184,22559,8829,13730,591,285,306
Urban,State - BIHAR,Muslim,80+,12527,6126,6401,2288,2006,282,719,512,207,235,178,57,9520,3608,5912,233,109,124
Urban,State - BIHAR,Muslim,Age not stated,9142,4913,4229,1775,1499,276,747,444,303,306,211,95,6620,2970,3650,332,186,146
Urban,State - BIHAR,Muslim,15-59,1297707,680247,617460,436586,382756,53830,121711,87773,33938,67922,53099,14823,739410,209718,529692,131257,66138,65119
Urban,State - BIHAR,Muslim,60+,140606,74687,65919,45056,39663,5393,12099,8803,3296,4707,3673,1034,83451,26221,57230,3263,1427,1836
Urban,State - BIHAR,Christian,Total,31639,15632,16007,9928,6341,3587,1896,1052,844,993,581,412,19815,8239,11576,2227,1098,1129
Urban,State - BIHAR,Christian,5-9,2818,1465,1353,37,25,12,75,38,37,43,21,22,2706,1402,1304,31,16,15
Urban,State - BIHAR,Christian,10-14,3298,1722,1576,69,43,26,85,45,40,53,27,26,3144,1634,1510,77,36,41
Urban,State - BIHAR,Christian,15-19,3278,1601,1677,271,166,105,163,82,81,108,56,52,2844,1353,1491,500,275,225
Urban,State - BIHAR,Christian,20-24,2970,1398,1572,697,393,304,265,128,137,166,86,80,2008,877,1131,611,297,314
Urban,State - BIHAR,Christian,25-29,2528,1151,1377,970,581,389,233,122,111,145,75,70,1325,448,877,422,209,213
Urban,State - BIHAR,Christian,30-34,2393,1144,1249,1225,797,428,210,128,82,124,77,47,958,219,739,207,110,97
Urban,State - BIHAR,Christian,35-39,2397,1187,1210,1348,906,442,220,137,83,123,87,36,829,144,685,141,52,89
Urban,State - BIHAR,Christian,40-49,4013,2001,2012,2535,1652,883,286,168,118,117,78,39,1192,181,1011,146,61,85
Urban,State - BIHAR,Christian,50-59,2892,1484,1408,1904,1216,688,192,112,80,63,37,26,796,156,640,54,22,32
Urban,State - BIHAR,Christian,60-69,1620,743,877,564,361,203,90,46,44,26,18,8,966,336,630,19,9,10
Urban,State - BIHAR,Christian,70-79,710,358,352,203,131,72,39,29,10,10,10,0,468,198,270,6,5,1
Urban,State - BIHAR,Christian,80+,250,104,146,47,30,17,10,4,6,2,2,0,193,70,123,3,1,2
Urban,State - BIHAR,Christian,Age not stated,223,115,108,58,40,18,28,13,15,13,7,6,137,62,75,10,5,5
Urban,State - BIHAR,Christian,15-59,20471,9966,10505,8950,5711,3239,1569,877,692,846,496,350,9952,3378,6574,2081,1026,1055
Urban,State - BIHAR,Christian,60+,2580,1205,1375,814,522,292,139,79,60,38,30,8,1627,604,1023,28,15,13
Urban,State - BIHAR,Sikh,Total,11761,6202,5559,3295,2892,403,513,326,187,260,175,85,7953,2984,4969,825,406,419
Urban,State - BIHAR,Sikh,5-9,1027,528,499,12,6,6,11,4,7,3,2,1,1004,518,486,22,9,13
Urban,State - BIHAR,Sikh,10-14,1099,573,526,16,10,6,31,14,17,19,11,8,1052,549,503,33,17,16
Urban,State - BIHAR,Sikh,15-19,1098,586,512,62,57,5,45,30,15,30,19,11,991,499,492,169,104,65
Urban,State - BIHAR,Sikh,20-24,1076,593,483,214,187,27,70,43,27,52,32,20,792,363,429,253,141,112
Urban,State - BIHAR,Sikh,25-29,1035,523,512,366,318,48,62,40,22,37,27,10,607,165,442,162,66,96
Urban,State - BIHAR,Sikh,30-34,909,464,445,402,359,43,62,38,24,28,18,10,445,67,378,59,23,36
Urban,State - BIHAR,Sikh,35-39,945,490,455,462,404,58,46,32,14,21,15,6,437,54,383,43,17,26
Urban,State - BIHAR,Sikh,40-49,1541,816,725,768,678,90,84,63,21,39,29,10,689,75,614,44,12,32
Urban,State - BIHAR,Sikh,50-59,1015,546,469,560,477,83,42,26,16,16,13,3,413,43,370,22,7,15
Urban,State - BIHAR,Sikh,60-69,718,386,332,295,273,22,35,21,14,10,7,3,388,92,296,10,6,4
Urban,State - BIHAR,Sikh,70-79,315,172,143,101,91,10,16,10,6,2,1,1,198,71,127,5,2,3
Urban,State - BIHAR,Sikh,80+,127,76,51,27,24,3,5,3,2,0,0,0,95,49,46,0,0,0
Urban,State - BIHAR,Sikh,Age not stated,44,18,26,10,8,2,4,2,2,3,1,2,30,8,22,3,2,1
Urban,State - BIHAR,Sikh,15-59,7619,4018,3601,2834,2480,354,411,272,139,223,153,70,4374,1266,3108,752,370,382
Urban,State - BIHAR,Sikh,60+,1160,634,526,423,388,35,56,34,22,12,8,4,681,212,469,15,8,7
Urban,State - BIHAR,Buddhist,Total,1898,1092,806,524,435,89,83,61,22,49,39,10,1291,596,695,159,84,75
Urban,State - BIHAR,Buddhist,5-9,213,130,83,4,3,1,1,0,1,0,0,0,208,127,81,1,1,0
Urban,State - BIHAR,Buddhist,10-14,226,117,109,3,1,2,4,4,0,3,3,0,219,112,107,4,2,2
Urban,State - BIHAR,Buddhist,15-19,179,97,82,9,6,3,14,9,5,7,5,2,156,82,74,34,20,14
Urban,State - BIHAR,Buddhist,20-24,180,109,71,27,22,5,17,13,4,12,9,3,136,74,62,45,28,17
Urban,State - BIHAR,Buddhist,25-29,142,85,57,61,55,6,5,3,2,4,3,1,76,27,49,32,17,15
Urban,State - BIHAR,Buddhist,30-34,127,68,59,71,52,19,6,3,3,2,2,0,50,13,37,11,5,6
Urban,State - BIHAR,Buddhist,35-39,149,89,60,90,75,15,8,5,3,6,4,2,51,9,42,14,5,9
Urban,State - BIHAR,Buddhist,40-49,212,129,83,128,110,18,12,11,1,9,8,1,72,8,64,6,1,5
Urban,State - BIHAR,Buddhist,50-59,132,84,48,74,65,9,12,10,2,4,3,1,46,9,37,3,1,2
Urban,State - BIHAR,Buddhist,60-69,87,45,42,33,25,8,0,0,0,0,0,0,54,20,34,4,1,3
Urban,State - BIHAR,Buddhist,70-79,50,28,22,14,13,1,1,1,0,1,1,0,35,14,21,0,0,0
Urban,State - BIHAR,Buddhist,80+,24,12,12,5,5,0,1,0,1,0,0,0,18,7,11,3,2,1
Urban,State - BIHAR,Buddhist,Age not stated,18,14,4,5,3,2,2,2,0,1,1,0,11,9,2,2,1,1
Urban,State - BIHAR,Buddhist,15-59,1121,661,460,460,385,75,74,54,20,44,34,10,587,222,365,145,77,68
Urban,State - BIHAR,Buddhist,60+,161,85,76,52,43,9,2,1,1,1,1,0,107,41,66,7,3,4
Urban,State - BIHAR,Jain,Total,11339,5793,5546,3347,2991,356,352,202,150,131,83,48,7640,2600,5040,707,330,377
Urban,State - BIHAR,Jain,5-9,868,453,415,15,10,5,11,7,4,6,4,2,842,436,406,9,5,4
Urban,State - BIHAR,Jain,10-14,979,504,475,20,12,8,13,7,6,1,0,1,946,485,461,26,17,9
Urban,State - BIHAR,Jain,15-19,999,519,480,44,34,10,29,21,8,18,14,4,926,464,462,135,78,57
Urban,State - BIHAR,Jain,20-24,944,486,458,154,125,29,45,29,16,29,20,9,745,332,413,225,126,99
Urban,State - BIHAR,Jain,25-29,955,489,466,382,334,48,47,25,22,28,16,12,526,130,396,100,49,51
Urban,State - BIHAR,Jain,30-34,909,449,460,423,378,45,40,19,21,12,7,5,446,52,394,59,19,40
Urban,State - BIHAR,Jain,35-39,849,421,428,408,365,43,31,17,14,10,5,5,410,39,371,51,16,35
Urban,State - BIHAR,Jain,40-49,1595,808,787,809,728,81,59,36,23,14,11,3,727,44,683,52,9,43
Urban,State - BIHAR,Jain,50-59,1159,614,545,608,562,46,41,23,18,9,5,4,510,29,481,29,3,26
Urban,State - BIHAR,Jain,60-69,729,359,370,305,280,25,22,10,12,3,1,2,402,69,333,15,5,10
Urban,State - BIHAR,Jain,70-79,374,194,180,136,126,10,9,5,4,1,0,1,229,63,166,5,2,3
Urban,State - BIHAR,Jain,80+,142,67,75,32,27,5,3,2,1,0,0,0,107,38,69,0,0,0
Urban,State - BIHAR,Jain,Age not stated,53,31,22,11,10,1,2,1,1,0,0,0,40,20,20,1,1,0
Urban,State - BIHAR,Jain,15-59,7410,3786,3624,2828,2526,302,292,170,122,120,78,42,4290,1090,3200,651,300,351
Urban,State - BIHAR,Jain,60+,1245,620,625,473,433,40,34,17,17,4,1,3,738,170,568,20,7,13
Urban,State - BIHAR,Other religious communities,Total,1063,542,521,394,248,146,48,18,30,26,12,14,621,276,345,38,20,18
Urban,State - BIHAR,Other religious communities,5-9,116,55,61,0,0,0,2,1,1,1,1,0,114,54,60,1,1,0
Urban,State - BIHAR,Other religious communities,10-14,108,48,60,1,0,1,3,1,2,1,1,0,104,47,57,1,1,0
Urban,State - BIHAR,Other religious communities,15-19,128,83,45,38,25,13,6,2,4,3,1,2,84,56,28,3,2,1
Urban,State - BIHAR,Other religious communities,20-24,98,47,51,43,22,21,10,2,8,5,2,3,45,23,22,14,10,4
Urban,State - BIHAR,Other religious communities,25-29,85,40,45,56,31,25,2,0,2,2,0,2,27,9,18,8,4,4
Urban,State - BIHAR,Other religious communities,30-34,82,36,46,49,33,16,5,2,3,3,1,2,28,1,27,2,0,2
Urban,State - BIHAR,Other religious communities,35-39,64,34,30,43,30,13,4,2,2,3,2,1,17,2,15,4,0,4
Urban,State - BIHAR,Other religious communities,40-49,101,57,44,77,52,25,4,2,2,1,0,1,20,3,17,2,1,1
Urban,State - BIHAR,Other religious communities,50-59,71,32,39,52,30,22,4,0,4,2,0,2,15,2,13,2,0,2
Urban,State - BIHAR,Other religious communities,60-69,33,21,12,18,14,4,5,4,1,4,3,1,10,3,7,0,0,0
Urban,State - BIHAR,Other religious communities,70-79,14,7,7,3,3,0,0,0,0,0,0,0,11,4,7,1,1,0
Urban,State - BIHAR,Other religious communities,80+,8,4,4,3,3,0,0,0,0,0,0,0,5,1,4,0,0,0
Urban,State - BIHAR,Other religious communities,Age not stated,33,15,18,11,5,6,3,2,1,1,1,0,19,8,11,0,0,0
Urban,State - BIHAR,Other religious communities,15-59,629,329,300,358,223,135,35,10,25,19,6,13,236,96,140,35,17,18
Urban,State - BIHAR,Other religious communities,60+,55,32,23,24,20,4,5,4,1,4,3,1,26,8,18,1,1,0
Total,State - SIKKIM,All religious communities,Total,610577,323070,287507,230397,160513,69884,77741,33845,43896,18385,9112,9273,302439,128712,173727,27214,10641,16573
Total,State - SIKKIM,All religious communities,5-9,56678,28688,27990,645,363,282,1386,698,688,104,51,53,54647,27627,27020,658,323,335
Total,State - SIKKIM,All religious communities,10-14,66923,33965,32958,2059,1211,848,6300,3184,3116,526,305,221,58564,29570,28994,1398,696,702
Total,State - SIKKIM,All religious communities,15-19,66937,33998,32939,10888,7028,3860,11018,5525,5493,2496,1388,1108,45031,21445,23586,6188,2944,3244
Total,State - SIKKIM,All religious communities,20-24,67297,35146,32151,27522,18921,8601,12192,5735,6457,4462,2224,2238,27583,10490,17093,8526,3571,4955
Total,State - SIKKIM,All religious communities,25-29,64639,34700,29939,37468,26117,11351,10715,4478,6237,3736,1782,1954,16456,4105,12351,5342,1801,3541
Total,State - SIKKIM,All religious communities,30-34,52225,28562,23663,34066,23802,10264,7948,3137,4811,2272,1112,1160,10211,1623,8588,2213,583,1630
Total,State - SIKKIM,All religious communities,35-39,43627,23396,20231,29303,20106,9197,6498,2309,4189,1529,655,874,7826,981,6845,1230,249,981
Total,State - SIKKIM,All religious communities,40-49,66014,36284,29730,45302,31568,13734,9398,3352,6046,1718,770,948,11314,1364,9950,918,217,701
Total,State - SIKKIM,All religious communities,50-59,41973,23537,18436,27170,19494,7676,6183,2287,3896,899,449,450,8620,1756,6864,326,96,230
Total,State - SIKKIM,All religious communities,60-69,24033,13034,10999,10991,8015,2976,4042,1923,2119,444,260,184,9000,3096,5904,271,102,169
Total,State - SIKKIM,All religious communities,70-79,12077,6860,5217,3655,2909,746,1569,943,626,136,85,51,6853,3008,3845,67,30,37
Total,State - SIKKIM,All religious communities,80+,4642,2578,2064,946,716,230,340,202,138,32,19,13,3356,1660,1696,36,17,19
Total,State - SIKKIM,All religious communities,Age not stated,1176,637,539,382,263,119,152,72,80,31,12,19,642,302,340,41,12,29
Total,State - SIKKIM,All religious communities,15-59,402712,215623,187089,211719,147036,64683,63952,26823,37129,17112,8380,8732,127041,41764,85277,24743,9461,15282
Total,State - SIKKIM,All religious communities,60+,40752,22472,18280,15592,11640,3952,5951,3068,2883,612,364,248,19209,7764,11445,374,149,225
Total,State - SIKKIM,Hindu,Total,352662,189972,162690,136674,98394,38280,43155,18538,24617,10052,4923,5129,172833,73040,99793,15706,6133,9573
Total,State - SIKKIM,Hindu,5-9,32683,16592,16091,378,216,162,868,430,438,67,30,37,31437,15946,15491,399,202,197
Total,State - SIKKIM,Hindu,10-14,37929,19433,18496,1215,711,504,3684,1867,1817,268,131,137,33030,16855,16175,847,442,405
Total,State - SIKKIM,Hindu,15-19,37814,19265,18549,6490,4163,2327,6185,3095,3090,1406,775,631,25139,12007,13132,3615,1733,1882
Total,State - SIKKIM,Hindu,20-24,39300,20924,18376,16692,11814,4878,6865,3221,3644,2581,1256,1325,15743,5889,9854,4921,2072,2849
Total,State - SIKKIM,Hindu,25-29,38159,21146,17013,22579,16487,6092,5899,2458,3441,2056,995,1061,9681,2201,7480,3008,1000,2008
Total,State - SIKKIM,Hindu,30-34,30950,17411,13539,20519,14911,5608,4324,1618,2706,1194,572,622,6107,882,5225,1259,312,947
Total,State - SIKKIM,Hindu,35-39,25519,14074,11445,17394,12382,5012,3496,1194,2302,798,334,464,4629,498,4131,716,135,581
Total,State - SIKKIM,Hindu,40-49,38258,21549,16709,26522,19083,7439,5114,1738,3376,872,396,476,6622,728,5894,522,102,420
Total,State - SIKKIM,Hindu,50-59,24057,13794,10263,15787,11659,4128,3369,1206,2163,469,241,228,4901,929,3972,187,50,137
Total,State - SIKKIM,Hindu,60-69,13452,7431,6021,6285,4714,1571,2226,1040,1186,234,130,104,4941,1677,3264,143,51,92
Total,State - SIKKIM,Hindu,70-79,6670,3864,2806,2070,1687,383,854,523,331,71,45,26,3746,1654,2092,42,19,23
Total,State - SIKKIM,Hindu,80+,2564,1476,1088,536,424,112,186,108,78,20,12,8,1842,944,898,15,5,10
Total,State - SIKKIM,Hindu,Age not stated,659,350,309,207,143,64,85,40,45,16,6,10,367,167,200,32,10,22
Total,State - SIKKIM,Hindu,15-59,234057,128163,105894,125983,90499,35484,35252,14530,20722,9376,4569,4807,72822,23134,49688,14228,5404,8824
Total,State - SIKKIM,Hindu,60+,22686,12771,9915,8891,6825,2066,3266,1671,1595,325,187,138,10529,4275,6254,200,75,125
Total,State - SIKKIM,Muslim,Total,9867,6536,3331,4368,4029,339,719,552,167,165,131,34,4780,1955,2825,353,134,219
Total,State - SIKKIM,Muslim,5-9,957,517,440,10,6,4,11,7,4,1,0,1,936,504,432,19,8,11
Total,State - SIKKIM,Muslim,10-14,927,525,402,61,51,10,33,26,7,8,6,2,833,448,385,28,13,15
Total,State - SIKKIM,Muslim,15-19,1185,767,418,391,361,30,122,92,30,35,30,5,672,314,358,80,37,43
Total,State - SIKKIM,Muslim,20-24,1512,1084,428,839,786,53,156,130,26,40,32,8,517,168,349,107,46,61
Total,State - SIKKIM,Muslim,25-29,1305,965,340,858,818,40,131,105,26,29,24,5,316,42,274,62,16,46
Total,State - SIKKIM,Muslim,30-34,913,661,252,633,590,43,72,55,17,13,12,1,208,16,192,34,5,29
Total,State - SIKKIM,Muslim,35-39,695,481,214,483,432,51,62,38,24,18,13,5,150,11,139,12,3,9
Total,State - SIKKIM,Muslim,40-49,932,665,267,652,588,64,86,66,20,14,10,4,194,11,183,6,2,4
Total,State - SIKKIM,Muslim,50-59,443,317,126,316,286,30,26,17,9,5,3,2,101,14,87,2,2,0
Total,State - SIKKIM,Muslim,60-69,166,116,50,91,78,13,15,13,2,1,1,0,60,25,35,3,2,1
Total,State - SIKKIM,Muslim,70-79,38,31,7,18,17,1,2,1,1,0,0,0,18,13,5,0,0,0
Total,State - SIKKIM,Muslim,80+,24,14,10,10,10,0,2,2,0,0,0,0,12,2,10,0,0,0
Total,State - SIKKIM,Muslim,Age not stated,14,10,4,6,6,0,1,0,1,1,0,1,7,4,3,0,0,0
Total,State - SIKKIM,Muslim,15-59,6985,4940,2045,4172,3861,311,655,503,152,154,124,30,2158,576,1582,303,111,192
Total,State - SIKKIM,Muslim,60+,228,161,67,119,105,14,19,16,3,1,1,0,90,40,50,3,2,1
Total,State - SIKKIM,Christian,Total,60522,30290,30232,21865,14310,7555,7662,3110,4552,1739,815,924,30995,12870,18125,2711,978,1733
Total,State - SIKKIM,Christian,5-9,6012,3020,2992,50,32,18,133,65,68,4,2,2,5829,2923,2906,38,14,24
Total,State - SIKKIM,Christian,10-14,7024,3456,3568,180,104,76,659,312,347,39,25,14,6185,3040,3145,114,51,63
Total,State - SIKKIM,Christian,15-19,6821,3260,3561,1099,647,452,1090,532,558,227,130,97,4632,2081,2551,667,294,373
Total,State - SIKKIM,Christian,20-24,6505,3052,3453,2612,1658,954,1152,483,669,416,204,212,2741,911,1830,858,313,545
Total,State - SIKKIM,Christian,25-29,6072,2921,3151,3475,2194,1281,1015,365,650,327,131,196,1582,362,1220,547,172,375
Total,State - SIKKIM,Christian,30-34,5108,2569,2539,3215,2094,1121,856,328,528,244,113,131,1037,147,890,219,57,162
Total,State - SIKKIM,Christian,35-39,4210,2109,2101,2797,1788,1009,681,215,466,161,61,100,732,106,626,113,28,85
Total,State - SIKKIM,Christian,40-49,6418,3393,3025,4377,2962,1415,936,312,624,186,80,106,1105,119,986,89,15,74
Total,State - SIKKIM,Christian,50-59,3905,2133,1772,2502,1719,783,587,229,358,89,43,46,816,185,631,29,15,14
Total,State - SIKKIM,Christian,60-69,2324,1232,1092,1087,765,322,362,157,205,32,17,15,875,310,565,25,14,11
Total,State - SIKKIM,Christian,70-79,1088,596,492,354,263,91,137,83,54,8,6,2,597,250,347,8,4,4
Total,State - SIKKIM,Christian,80+,377,197,180,80,60,20,36,18,18,3,2,1,261,119,142,3,1,2
Total,State - SIKKIM,Christian,Age not stated,119,57,62,37,24,13,18,11,7,3,1,2,64,22,42,1,0,1
Total,State - SIKKIM,Christian,15-59,39039,19437,19602,20077,13062,7015,6317,2464,3853,1650,762,888,12645,3911,8734,2522,894,1628
Total,State - SIKKIM,Christian,60+,3789,2025,1764,1521,1088,433,535,258,277,43,25,18,1733,679,1054,36,19,17
Total,State - SIKKIM,Sikh,Total,1868,1592,276,1508,1426,82,159,81,78,4,1,3,201,85,116,15,5,10
Total,State - SIKKIM,Sikh,5-9,49,24,25,3,1,2,0,0,0,0,0,0,46,23,23,0,0,0
Total,State - SIKKIM,Sikh,10-14,34,19,15,3,2,1,2,2,0,0,0,0,29,15,14,1,1,0
Total,State - SIKKIM,Sikh,15-19,33,17,16,7,7,0,3,1,2,2,0,2,23,9,14,2,1,1
Total,State - SIKKIM,Sikh,20-24,289,243,46,237,227,10,37,13,24,0,0,0,15,3,12,4,0,4
Total,State - SIKKIM,Sikh,25-29,468,420,48,414,399,15,39,17,22,2,1,1,15,4,11,5,2,3
Total,State - SIKKIM,Sikh,30-34,452,416,36,412,398,14,35,18,17,0,0,0,5,0,5,1,0,1
Total,State - SIKKIM,Sikh,35-39,214,186,28,181,171,10,23,15,8,0,0,0,10,0,10,1,0,1
Total,State - SIKKIM,Sikh,40-49,206,175,31,181,160,21,16,12,4,0,0,0,9,3,6,1,1,0
Total,State - SIKKIM,Sikh,50-59,42,30,12,35,28,7,1,0,1,0,0,0,6,2,4,0,0,0
Total,State - SIKKIM,Sikh,60-69,13,10,3,8,8,0,1,1,0,0,0,0,4,1,3,0,0,0
Total,State - SIKKIM,Sikh,70-79,5,3,2,2,2,0,1,1,0,0,0,0,2,0,2,0,0,0
Total,State - SIKKIM,Sikh,80+,24,22,2,22,20,2,1,1,0,0,0,0,1,1,0,0,0,0
Total,State - SIKKIM,Sikh,Age not stated,3,3,0,3,3,0,0,0,0,0,0,0,0,0,0,0,0,0
Total,State - SIKKIM,Sikh,15-59,1704,1487,217,1467,1390,77,154,76,78,4,1,3,83,21,62,14,4,10
Total,State - SIKKIM,Sikh,60+,42,35,7,32,30,2,3,3,0,0,0,0,7,2,5,0,0,0
Total,State - SIKKIM,Buddhist,Total,167216,85302,81914,59347,38198,21149,23381,10477,12904,5771,2974,2797,84488,36627,47861,7622,3062,4560
Total,State - SIKKIM,Buddhist,5-9,15118,7565,7553,165,89,76,342,182,160,28,16,12,14611,7294,7317,193,94,99
Total,State - SIKKIM,Buddhist,10-14,18763,9381,9382,475,286,189,1667,849,818,191,136,55,16621,8246,8375,376,178,198
Total,State - SIKKIM,Buddhist,15-19,18838,9538,9300,2445,1591,854,3197,1597,1600,746,409,337,13196,6350,6846,1619,771,848
Total,State - SIKKIM,Buddhist,20-24,17707,8864,8843,6359,3971,2388,3553,1689,1864,1273,654,619,7795,3204,4591,2383,1027,1356
Total,State - SIKKIM,Buddhist,25-29,16931,8415,8516,9160,5607,3553,3295,1411,1884,1188,574,614,4476,1397,3079,1593,568,1025
Total,State - SIKKIM,Buddhist,30-34,13507,6853,6654,8456,5284,3172,2431,1036,1395,732,386,346,2620,533,2087,629,188,441
Total,State - SIKKIM,Buddhist,35-39,11898,6020,5878,7739,4900,2839,2037,789,1248,489,233,256,2122,331,1791,350,76,274
Total,State - SIKKIM,Buddhist,40-49,18301,9554,8747,12285,7967,4318,2914,1125,1789,581,270,311,3102,462,2640,259,81,178
Total,State - SIKKIM,Buddhist,50-59,12218,6554,5664,7673,5217,2456,1976,754,1222,310,149,161,2569,583,1986,97,28,69
Total,State - SIKKIM,Buddhist,60-69,7299,3858,3441,3139,2198,941,1320,665,655,165,109,56,2840,995,1845,87,34,53
Total,State - SIKKIM,Buddhist,70-79,3850,2116,1734,1069,828,241,503,295,208,50,29,21,2278,993,1285,13,6,7
Total,State - SIKKIM,Buddhist,80+,1515,791,724,276,186,90,105,68,37,8,5,3,1134,537,597,15,9,6
Total,State - SIKKIM,Buddhist,Age not stated,322,183,139,106,74,32,41,17,24,10,4,6,175,92,83,8,2,6
Total,State - SIKKIM,Buddhist,15-59,109400,55798,53602,54117,34537,19580,19403,8401,11002,5319,2675,2644,35880,12860,23020,6930,2739,4191
Total,State - SIKKIM,Buddhist,60+,12664,6765,5899,4484,3212,1272,1928,1028,900,223,143,80,6252,2525,3727,115,49,66
Total,State - SIKKIM,Jain,Total,314,181,133,128,90,38,27,18,9,7,4,3,159,73,86,11,5,6
Total,State - SIKKIM,Jain,5-9,26,17,9,0,0,0,0,0,0,0,0,0,26,17,9,1,1,0
Total,State - SIKKIM,Jain,10-14,29,20,9,2,2,0,5,5,0,0,0,0,22,13,9,1,0,1
Total,State - SIKKIM,Jain,15-19,22,12,10,4,3,1,5,3,2,1,1,0,13,6,7,2,1,1
Total,State - SIKKIM,Jain,20-24,31,18,13,16,8,8,4,3,1,3,2,1,11,7,4,2,2,0
Total,State - SIKKIM,Jain,25-29,33,16,17,17,10,7,5,2,3,3,1,2,11,4,7,4,0,4
Total,State - SIKKIM,Jain,30-34,30,18,12,22,16,6,1,1,0,0,0,0,7,1,6,0,0,0
Total,State - SIKKIM,Jain,35-39,19,12,7,11,10,1,4,1,3,0,0,0,4,1,3,0,0,0
Total,State - SIKKIM,Jain,40-49,42,26,16,28,22,6,3,3,0,0,0,0,11,1,10,1,1,0
Total,State - SIKKIM,Jain,50-59,35,17,18,21,14,7,0,0,0,0,0,0,14,3,11,0,0,0
Total,State - SIKKIM,Jain,60-69,15,10,5,5,3,2,0,0,0,0,0,0,10,7,3,0,0,0
Total,State - SIKKIM,Jain,70-79,6,2,4,2,2,0,0,0,0,0,0,0,4,0,4,0,0,0
Total,State - SIKKIM,Jain,80+,2,0,2,0,0,0,0,0,0,0,0,0,2,0,2,0,0,0
Total,State - SIKKIM,Jain,Age not stated,1,1,0,0,0,0,0,0,0,0,0,0,1,1,0,0,0,0
Total,State - SIKKIM,Jain,15-59,212,119,93,119,83,36,22,13,9,7,4,3,71,23,48,9,4,5
Total,State - SIKKIM,Jain,60+,23,12,11,7,5,2,0,0,0,0,0,0,16,7,9,0,0,0
Total,State - SIKKIM,Other religious communities,Total,16300,8323,7977,6103,3843,2260,2299,949,1350,578,236,342,7898,3531,4367,746,298,448
Total,State - SIKKIM,Other religious communities,5-9,1607,825,782,28,13,15,32,14,18,4,3,1,1547,798,749,7,4,3
Total,State - SIKKIM,Other religious communities,10-14,1943,981,962,109,49,60,237,114,123,18,5,13,1597,818,779,27,11,16
Total,State - SIKKIM,Other religious communities,15-19,1963,993,970,424,240,184,348,170,178,68,34,34,1191,583,608,184,93,91
Total,State - SIKKIM,Other religious communities,20-24,1781,866,915,710,418,292,364,166,198,136,69,67,707,282,425,240,106,134
Total,State - SIKKIM,Other religious communities,25-29,1503,742,761,897,563,334,287,106,181,116,49,67,319,73,246,118,40,78
Total,State - SIKKIM,Other religious communities,30-34,1175,592,583,761,480,281,204,76,128,74,28,46,210,36,174,67,18,49
Total,State - SIKKIM,Other religious communities,35-39,975,482,493,646,398,248,174,54,120,51,13,38,155,30,125,36,6,30
Total,State - SIKKIM,Other religious communities,40-49,1705,874,831,1192,755,437,275,82,193,64,13,51,238,37,201,38,15,23
Total,State - SIKKIM,Other religious communities,50-59,1194,670,524,802,558,244,198,74,124,26,13,13,194,38,156,11,1,10
Total,State - SIKKIM,Other religious communities,60-69,722,364,358,363,241,122,109,46,63,12,3,9,250,77,173,11,1,10
Total,State - SIKKIM,Other religious communities,70-79,387,236,151,134,106,28,59,38,21,7,5,2,194,92,102,4,1,3
Total,State - SIKKIM,Other religious communities,80+,122,75,47,22,16,6,7,5,2,1,0,1,93,54,39,3,2,1
Total,State - SIKKIM,Other religious communities,Age not stated,37,22,15,15,6,9,5,4,1,1,1,0,17,12,5,0,0,0
Total,State - SIKKIM,Other religious communities,15-59,10296,5219,5077,5432,3412,2020,1850,728,1122,535,219,316,3014,1079,1935,694,279,415
Total,State - SIKKIM,Other religious communities,60+,1231,675,556,519,363,156,175,89,86,20,8,12,537,223,314,18,4,14
Rural,State - SIKKIM,All religious communities,Total,456999,242797,214202,173682,119014,54668,70103,29172,40931,16391,7933,8458,213214,94611,118603,17120,6826,10294
Rural,State - SIKKIM,All religious communities,5-9,44158,22334,21824,583,331,252,1223,613,610,74,36,38,42352,21390,20962,435,216,219
Rural,State - SIKKIM,All religious communities,10-14,52191,26588,25603,1647,997,650,5973,3010,2963,476,276,200,44571,22581,21990,1049,531,518
Rural,State - SIKKIM,All religious communities,15-19,50759,25943,24816,8807,5640,3167,10183,5018,5165,2280,1274,1006,31769,15285,16484,4308,2048,2260
Rural,State - SIKKIM,All religious communities,20-24,49839,26301,23538,21865,14687,7178,10886,4914,5972,3990,1951,2039,17088,6700,10388,5362,2212,3150
Rural,State - SIKKIM,All religious communities,25-29,46628,25475,21153,28097,19371,8726,9373,3621,5752,3258,1503,1755,9158,2483,6675,2965,1000,1965
Rural,State - SIKKIM,All religious communities,30-34,37412,20788,16624,24941,17226,7715,6971,2522,4449,1998,945,1053,5500,1040,4460,1220,341,879
Rural,State - SIKKIM,All religious communities,35-39,30928,16613,14315,20934,14078,6856,5753,1887,3866,1355,551,804,4241,648,3593,648,140,508
Rural,State - SIKKIM,All religious communities,40-49,47215,25796,21419,32474,22104,10370,8361,2756,5605,1549,670,879,6380,936,5444,569,156,413
Rural,State - SIKKIM,All religious communities,50-59,31300,17411,13889,20408,14348,6060,5659,1956,3703,822,393,429,5233,1107,4126,250,63,187
Rural,State - SIKKIM,All religious communities,60-69,19407,10555,8852,9530,6830,2700,3774,1738,2036,407,231,176,6103,1987,4116,198,70,128
Rural,State - SIKKIM,All religious communities,70-79,10016,5774,4242,3273,2589,684,1489,888,601,128,79,49,5254,2297,2957,55,23,32
Rural,State - SIKKIM,All religious communities,80+,3777,2147,1630,803,604,199,315,184,131,28,16,12,2659,1359,1300,31,16,15
Rural,State - SIKKIM,All religious communities,Age not stated,987,531,456,320,209,111,143,65,78,26,8,18,524,257,267,30,10,20
Rural,State - SIKKIM,All religious communities,15-59,294081,158327,135754,157526,107454,50072,57186,22674,34512,15252,7287,7965,79369,28199,51170,15322,5960,9362
Rural,State - SIKKIM,All religious communities,60+,33200,18476,14724,13606,10023,3583,5578,2810,2768,563,326,237,14016,5643,8373,284,109,175
Rural,State - SIKKIM,Hindu,Total,258280,139660,118620,101019,71146,29873,38904,16028,22876,8850,4197,4653,118357,52486,65871,9762,3911,5851
Rural,State - SIKKIM,Hindu,5-9,24822,12560,12262,338,198,140,752,373,379,42,18,24,23732,11989,11743,266,130,136
Rural,State - SIKKIM,Hindu,10-14,29006,14947,14059,954,580,374,3481,1767,1714,232,111,121,24571,12600,11971,632,335,297
Rural,State - SIKKIM,Hindu,15-19,28124,14486,13638,5127,3291,1836,5726,2842,2884,1275,698,577,17271,8353,8918,2501,1195,1306
Rural,State - SIKKIM,Hindu,20-24,28410,15331,13079,12943,8932,4011,6112,2781,3331,2274,1078,1196,9355,3618,5737,3032,1257,1775
Rural,State - SIKKIM,Hindu,25-29,26738,15167,11571,16507,11860,4647,5155,1999,3156,1776,829,947,5076,1308,3768,1629,554,1075
Rural,State - SIKKIM,Hindu,30-34,21659,12354,9305,14719,10481,4238,3796,1304,2492,1048,479,569,3144,569,2575,672,177,495
Rural,State - SIKKIM,Hindu,35-39,17624,9717,7907,12176,8427,3749,3086,959,2127,690,273,417,2362,331,2031,368,82,286
Rural,State - SIKKIM,Hindu,40-49,26950,15051,11899,18764,13106,5658,4561,1417,3144,775,333,442,3625,528,3097,329,81,248
Rural,State - SIKKIM,Hindu,50-59,17730,10026,7704,11671,8391,3280,3092,1024,2068,420,203,217,2967,611,2356,150,35,115
Rural,State - SIKKIM,Hindu,60-69,10765,5944,4821,5362,3938,1424,2069,932,1137,216,117,99,3334,1074,2260,114,39,75
Rural,State - SIKKIM,Hindu,70-79,5530,3233,2297,1829,1473,356,817,494,323,68,42,26,2884,1266,1618,33,14,19
Rural,State - SIKKIM,Hindu,80+,2100,1221,879,450,352,98,175,99,76,19,11,8,1475,770,705,11,4,7
Rural,State - SIKKIM,Hindu,Age not stated,561,298,263,179,117,62,82,37,45,15,5,10,300,144,156,25,8,17
Rural,State - SIKKIM,Hindu,15-59,167235,92132,75103,91907,64488,27419,31528,12326,19202,8258,3893,4365,43800,15318,28482,8681,3381,5300
Rural,State - SIKKIM,Hindu,60+,18395,10398,7997,7641,5763,1878,3061,1525,1536,303,170,133,7693,3110,4583,158,57,101
Rural,State - SIKKIM,Muslim,Total,3658,2683,975,1930,1784,146,398,297,101,105,87,18,1330,602,728,92,43,49
Rural,State - SIKKIM,Muslim,5-9,283,162,121,5,3,2,6,4,2,0,0,0,272,155,117,6,4,2
Rural,State - SIKKIM,Muslim,10-14,292,182,110,19,18,1,15,14,1,4,4,0,258,150,108,9,5,4
Rural,State - SIKKIM,Muslim,15-19,396,279,117,139,130,9,66,46,20,21,19,2,191,103,88,19,10,9
Rural,State - SIKKIM,Muslim,20-24,648,511,137,400,369,31,108,91,17,28,24,4,140,51,89,28,12,16
Rural,State - SIKKIM,Muslim,25-29,601,502,99,449,432,17,72,59,13,15,13,2,80,11,69,12,7,5
Rural,State - SIKKIM,Muslim,30-34,402,325,77,315,293,22,37,26,11,7,7,0,50,6,44,14,2,12
Rural,State - SIKKIM,Muslim,35-39,238,184,54,181,166,15,30,16,14,13,8,5,27,2,25,1,1,0
Rural,State - SIKKIM,Muslim,40-49,345,263,82,259,233,26,39,27,12,11,8,3,47,3,44,2,1,1
Rural,State - SIKKIM,Muslim,50-59,150,114,36,120,105,15,13,6,7,4,3,1,17,3,14,1,1,0
Rural,State - SIKKIM,Muslim,60-69,52,34,18,28,21,7,9,7,2,1,1,0,15,6,9,0,0,0
Rural,State - SIKKIM,Muslim,70-79,15,12,3,8,7,1,1,0,1,0,0,0,6,5,1,0,0,0
Rural,State - SIKKIM,Muslim,80+,8,7,1,6,6,0,1,1,0,0,0,0,1,0,1,0,0,0
Rural,State - SIKKIM,Muslim,Age not stated,7,4,3,1,1,0,1,0,1,1,0,1,5,3,2,0,0,0
Rural,State - SIKKIM,Muslim,15-59,2780,2178,602,1863,1728,135,365,271,94,99,82,17,552,179,373,77,34,43
Rural,State - SIKKIM,Muslim,60+,75,53,22,42,34,8,11,8,3,1,1,0,22,11,11,0,0,0
Rural,State - SIKKIM,Christian,Total,45678,23103,22575,16657,10873,5784,6886,2710,4176,1560,714,846,22135,9520,12615,1676,606,1070
Rural,State - SIKKIM,Christian,5-9,4820,2424,2396,43,26,17,120,60,60,4,2,2,4657,2338,2319,25,8,17
Rural,State - SIKKIM,Christian,10-14,5547,2730,2817,148,93,55,632,301,331,36,22,14,4767,2336,2431,82,34,48
Rural,State - SIKKIM,Christian,15-19,5184,2513,2671,927,558,369,1027,495,532,213,122,91,3230,1460,1770,472,212,260
Rural,State - SIKKIM,Christian,20-24,4845,2336,2509,2127,1345,782,1040,424,616,371,178,193,1678,567,1111,526,195,331
Rural,State - SIKKIM,Christian,25-29,4416,2137,2279,2624,1637,987,889,304,585,294,118,176,903,196,707,293,85,208
Rural,State - SIKKIM,Christian,30-34,3684,1889,1795,2370,1542,828,733,257,476,203,90,113,581,90,491,123,30,93
Rural,State - SIKKIM,Christian,35-39,3027,1534,1493,2013,1287,726,602,178,424,149,51,98,412,69,343,65,13,52
Rural,State - SIKKIM,Christian,40-49,4574,2432,2142,3143,2110,1033,803,252,551,166,71,95,628,70,558,48,9,39
Rural,State - SIKKIM,Christian,50-59,2863,1577,1286,1882,1286,596,522,191,331,83,38,45,459,100,359,20,9,11
Rural,State - SIKKIM,Christian,60-69,1858,1009,849,960,676,284,340,144,196,29,15,14,558,189,369,14,8,6
Rural,State - SIKKIM,Christian,70-79,882,499,383,320,240,80,130,79,51,8,6,2,432,180,252,5,2,3
Rural,State - SIKKIM,Christian,80+,300,160,140,68,52,16,33,16,17,2,1,1,199,92,107,2,1,1
Rural,State - SIKKIM,Christian,Age not stated,101,47,54,32,21,11,15,9,6,2,0,2,54,17,37,1,0,1
Rural,State - SIKKIM,Christian,15-59,28593,14418,14175,15086,9765,5321,5616,2101,3515,1479,668,811,7891,2552,5339,1547,553,994
Rural,State - SIKKIM,Christian,60+,3040,1668,1372,1348,968,380,503,239,264,39,22,17,1189,461,728,21,11,10
Rural,State - SIKKIM,Sikh,Total,1672,1477,195,1408,1347,61,156,80,76,4,1,3,108,50,58,8,3,5
Rural,State - SIKKIM,Sikh,5-9,29,15,14,3,1,2,0,0,0,0,0,0,26,14,12,0,0,0
Rural,State - SIKKIM,Sikh,10-14,25,15,10,2,2,0,2,2,0,0,0,0,21,11,10,1,1,0
Rural,State - SIKKIM,Sikh,15-19,21,13,8,7,7,0,3,1,2,2,0,2,11,5,6,0,0,0
Rural,State - SIKKIM,Sikh,20-24,278,234,44,231,221,10,36,12,24,0,0,0,11,1,10,4,0,4
Rural,State - SIKKIM,Sikh,25-29,453,413,40,408,394,14,38,17,21,2,1,1,7,2,5,2,1,1
Rural,State - SIKKIM,Sikh,30-34,434,404,30,398,386,12,35,18,17,0,0,0,1,0,1,0,0,0
Rural,State - SIKKIM,Sikh,35-39,191,176,15,165,161,4,23,15,8,0,0,0,3,0,3,0,0,0
Rural,State - SIKKIM,Sikh,40-49,165,146,19,146,132,14,15,12,3,0,0,0,4,2,2,1,1,0
Rural,State - SIKKIM,Sikh,50-59,22,17,5,20,17,3,1,0,1,0,0,0,1,0,1,0,0,0
Rural,State - SIKKIM,Sikh,60-69,4,4,0,3,3,0,1,1,0,0,0,0,0,0,0,0,0,0
Rural,State - SIKKIM,Sikh,70-79,2,1,1,0,0,0,1,1,0,0,0,0,1,0,1,0,0,0
Rural,State - SIKKIM,Sikh,80+,23,21,2,22,20,2,1,1,0,0,0,0,0,0,0,0,0,0
Rural,State - SIKKIM,Sikh,Age not stated,3,3,0,3,3,0,0,0,0,0,0,0,0,0,0,0,0,0
Rural,State - SIKKIM,Sikh,15-59,1564,1403,161,1375,1318,57,151,75,76,4,1,3,38,10,28,7,2,5
Rural,State - SIKKIM,Sikh,60+,29,26,3,25,23,2,3,3,0,0,0,0,1,0,1,0,0,0
Rural,State - SIKKIM,Buddhist,Total,130174,66943,63231,46368,29915,16453,21121,8986,12135,5224,2671,2553,62685,28042,34643,4834,1962,2872
Rural,State - SIKKIM,Buddhist,5-9,12414,6242,6172,155,84,71,313,162,151,24,13,11,11946,5996,5950,129,69,60
Rural,State - SIKKIM,Buddhist,10-14,15174,7607,7567,405,250,155,1589,799,790,185,133,52,13180,6558,6622,296,145,151
Rural,State - SIKKIM,Buddhist,15-19,14879,7549,7330,2160,1401,759,2946,1428,1518,690,392,298,9773,4720,5053,1123,532,591
Rural,State - SIKKIM,Buddhist,20-24,13767,6954,6813,5405,3369,2036,3165,1410,1755,1166,594,572,5197,2175,3022,1535,645,890
Rural,State - SIKKIM,Buddhist,25-29,12818,6465,6353,7177,4460,2717,2889,1124,1765,1040,487,553,2752,881,1871,920,317,603
Rural,State - SIKKIM,Buddhist,30-34,10002,5194,4808,6352,4024,2328,2144,837,1307,651,340,311,1506,333,1173,344,112,232
Rural,State - SIKKIM,Buddhist,35-39,8818,4509,4309,5738,3635,2103,1814,662,1152,440,205,235,1266,212,1054,179,38,141
Rural,State - SIKKIM,Buddhist,40-49,13407,7017,6390,8966,5773,3193,2614,950,1664,532,244,288,1827,294,1533,150,48,102
Rural,State - SIKKIM,Buddhist,50-59,9294,5004,4290,5903,3995,1908,1808,655,1153,289,136,153,1583,354,1229,68,17,51
Rural,State - SIKKIM,Buddhist,60-69,5982,3194,2788,2807,1948,859,1237,607,630,149,95,54,1938,639,1299,58,22,36
Rural,State - SIKKIM,Buddhist,70-79,3174,1787,1387,978,760,218,469,275,194,45,26,19,1727,752,975,13,6,7
Rural,State - SIKKIM,Buddhist,80+,1213,662,551,235,158,77,95,62,33,6,4,2,883,442,441,15,9,6
Rural,State - SIKKIM,Buddhist,Age not stated,269,153,116,87,58,29,38,15,23,7,2,5,144,80,64,4,2,2
Rural,State - SIKKIM,Buddhist,15-59,82985,42692,40293,41701,26657,15044,17380,7066,10314,4808,2398,2410,23904,8969,14935,4319,1709,2610
Rural,State - SIKKIM,Buddhist,60+,10369,5643,4726,4020,2866,1154,1801,944,857,200,125,75,4548,1833,2715,86,37,49
Rural,State - SIKKIM,Jain,Total,139,86,53,63,42,21,17,11,6,3,1,2,59,33,26,5,3,2
Rural,State - SIKKIM,Jain,5-9,12,7,5,0,0,0,0,0,0,0,0,0,12,7,5,1,1,0
Rural,State - SIKKIM,Jain,10-14,14,11,3,1,1,0,5,5,0,0,0,0,8,5,3,0,0,0
Rural,State - SIKKIM,Jain,15-19,9,5,4,1,1,0,2,1,1,0,0,0,6,3,3,1,0,1
Rural,State - SIKKIM,Jain,20-24,17,9,8,10,5,5,3,2,1,2,1,1,4,2,2,1,1,0
Rural,State - SIKKIM,Jain,25-29,14,8,6,11,7,4,1,0,1,1,0,1,2,1,1,1,0,1
Rural,State - SIKKIM,Jain,30-34,12,6,6,10,6,4,0,0,0,0,0,0,2,0,2,0,0,0
Rural,State - SIKKIM,Jain,35-39,9,5,4,5,4,1,3,0,3,0,0,0,1,1,0,0,0,0
Rural,State - SIKKIM,Jain,40-49,21,16,5,16,12,4,3,3,0,0,0,0,2,1,1,1,1,0
Rural,State - SIKKIM,Jain,50-59,8,5,3,6,4,2,0,0,0,0,0,0,2,1,1,0,0,0
Rural,State - SIKKIM,Jain,60-69,8,7,1,3,2,1,0,0,0,0,0,0,5,5,0,0,0,0
Rural,State - SIKKIM,Jain,70-79,2,0,2,0,0,0,0,0,0,0,0,0,2,0,2,0,0,0
Rural,State - SIKKIM,Jain,80+,1,0,1,0,0,0,0,0,0,0,0,0,1,0,1,0,0,0
Rural,State - SIKKIM,Jain,Age not stated,1,1,0,0,0,0,0,0,0,0,0,0,1,1,0,0,0,0
Rural,State - SIKKIM,Jain,15-59,90,54,36,59,39,20,12,6,6,3,1,2,19,9,10,4,2,2
Rural,State - SIKKIM,Jain,60+,11,7,4,3,2,1,0,0,0,0,0,0,8,5,3,0,0,0
Rural,State - SIKKIM,Other religious communities,Total,15765,8070,7695,5885,3720,2165,2287,944,1343,578,236,342,7593,3406,4187,705,277,428
Rural,State - SIKKIM,Other religious communities,5-9,1575,809,766,28,13,15,32,14,18,4,3,1,1515,782,733,7,4,3
Rural,State - SIKKIM,Other religious communities,10-14,1889,960,929,105,47,58,237,114,123,18,5,13,1547,799,748,26,11,15
Rural,State - SIKKIM,Other religious communities,15-19,1911,966,945,420,237,183,346,170,176,68,34,34,1145,559,586,179,89,90
Rural,State - SIKKIM,Other religious communities,20-24,1711,835,876,696,410,286,361,164,197,136,69,67,654,261,393,226,97,129
Rural,State - SIKKIM,Other religious communities,25-29,1443,720,723,866,552,314,286,105,181,116,49,67,291,63,228,104,33,71
Rural,State - SIKKIM,Other religious communities,30-34,1138,579,559,735,469,266,201,75,126,74,28,46,202,35,167,64,18,46
Rural,State - SIKKIM,Other religious communities,35-39,934,461,473,610,378,232,174,54,120,51,13,38,150,29,121,33,5,28
Rural,State - SIKKIM,Other religious communities,40-49,1620,832,788,1127,715,412,273,82,191,64,13,51,220,35,185,37,15,22
Rural,State - SIKKIM,Other religious communities,50-59,1159,648,511,775,538,237,198,74,124,26,13,13,186,36,150,11,1,10
Rural,State - SIKKIM,Other religious communities,60-69,697,350,347,354,234,120,109,46,63,12,3,9,234,70,164,11,1,10
Rural,State - SIKKIM,Other religious communities,70-79,380,231,149,132,105,27,58,37,21,7,5,2,190,89,101,4,1,3
Rural,State - SIKKIM,Other religious communities,80+,119,73,46,22,16,6,7,5,2,1,0,1,90,52,38,3,2,1
Rural,State - SIKKIM,Other religious communities,Age not stated,34,20,14,15,6,9,5,4,1,1,1,0,14,10,4,0,0,0
Rural,State - SIKKIM,Other religious communities,15-59,9916,5041,4875,5229,3299,1930,1839,724,1115,535,219,316,2848,1018,1830,654,258,396
Rural,State - SIKKIM,Other religious communities,60+,1196,654,542,508,355,153,174,88,86,20,8,12,514,211,303,18,4,14
Urban,State - SIKKIM,All religious communities,Total,153578,80273,73305,56715,41499,15216,7638,4673,2965,1994,1179,815,89225,34101,55124,10094,3815,6279
Urban,State - SIKKIM,All religious communities,5-9,12520,6354,6166,62,32,30,163,85,78,30,15,15,12295,6237,6058,223,107,116
Urban,State - SIKKIM,All religious communities,10-14,14732,7377,7355,412,214,198,327,174,153,50,29,21,13993,6989,7004,349,165,184
Urban,State - SIKKIM,All religious communities,15-19,16178,8055,8123,2081,1388,693,835,507,328,216,114,102,13262,6160,7102,1880,896,984
Urban,State - SIKKIM,All religious communities,20-24,17458,8845,8613,5657,4234,1423,1306,821,485,472,273,199,10495,3790,6705,3164,1359,1805
Urban,State - SIKKIM,All religious communities,25-29,18011,9225,8786,9371,6746,2625,1342,857,485,478,279,199,7298,1622,5676,2377,801,1576
Urban,State - SIKKIM,All religious communities,30-34,14813,7774,7039,9125,6576,2549,977,615,362,274,167,107,4711,583,4128,993,242,751
Urban,State - SIKKIM,All religious communities,35-39,12699,6783,5916,8369,6028,2341,745,422,323,174,104,70,3585,333,3252,582,109,473
Urban,State - SIKKIM,All religious communities,40-49,18799,10488,8311,12828,9464,3364,1037,596,441,169,100,69,4934,428,4506,349,61,288
Urban,State - SIKKIM,All religious communities,50-59,10673,6126,4547,6762,5146,1616,524,331,193,77,56,21,3387,649,2738,76,33,43
Urban,State - SIKKIM,All religious communities,60-69,4626,2479,2147,1461,1185,276,268,185,83,37,29,8,2897,1109,1788,73,32,41
Urban,State - SIKKIM,All religious communities,70-79,2061,1086,975,382,320,62,80,55,25,8,6,2,1599,711,888,12,7,5
Urban,State - SIKKIM,All religious communities,80+,865,431,434,143,112,31,25,18,7,4,3,1,697,301,396,5,1,4
Urban,State - SIKKIM,All religious communities,Age not stated,189,106,83,62,54,8,9,7,2,5,4,1,118,45,73,11,2,9
Urban,State - SIKKIM,All religious communities,15-59,108631,57296,51335,54193,39582,14611,6766,4149,2617,1860,1093,767,47672,13565,34107,9421,3501,5920
Urban,State - SIKKIM,All religious communities,60+,7552,3996,3556,1986,1617,369,373,258,115,49,38,11,5193,2121,3072,90,40,50
Urban,State - SIKKIM,Hindu,Total,94382,50312,44070,35655,27248,8407,4251,2510,1741,1202,726,476,54476,20554,33922,5944,2222,3722
Urban,State - SIKKIM,Hindu,5-9,7861,4032,3829,40,18,22,116,57,59,25,12,13,7705,3957,3748,133,72,61
Urban,State - SIKKIM,Hindu,10-14,8923,4486,4437,261,131,130,203,100,103,36,20,16,8459,4255,4204,215,107,108
Urban,State - SIKKIM,Hindu,15-19,9690,4779,4911,1363,872,491,459,253,206,131,77,54,7868,3654,4214,1114,538,576
Urban,State - SIKKIM,Hindu,20-24,10890,5593,5297,3749,2882,867,753,440,313,307,178,129,6388,2271,4117,1889,815,1074
Urban,State - SIKKIM,Hindu,25-29,11421,5979,5442,6072,4627,1445,744,459,285,280,166,114,4605,893,3712,1379,446,933
Urban,State - SIKKIM,Hindu,30-34,9291,5057,4234,5800,4430,1370,528,314,214,146,93,53,2963,313,2650,587,135,452
Urban,State - SIKKIM,Hindu,35-39,7895,4357,3538,5218,3955,1263,410,235,175,108,61,47,2267,167,2100,348,53,295
Urban,State - SIKKIM,Hindu,40-49,11308,6498,4810,7758,5977,1781,553,321,232,97,63,34,2997,200,2797,193,21,172
Urban,State - SIKKIM,Hindu,50-59,6327,3768,2559,4116,3268,848,277,182,95,49,38,11,1934,318,1616,37,15,22
Urban,State - SIKKIM,Hindu,60-69,2687,1487,1200,923,776,147,157,108,49,18,13,5,1607,603,1004,29,12,17
Urban,State - SIKKIM,Hindu,70-79,1140,631,509,241,214,27,37,29,8,3,3,0,862,388,474,9,5,4
Urban,State - SIKKIM,Hindu,80+,464,255,209,86,72,14,11,9,2,1,1,0,367,174,193,4,1,3
Urban,State - SIKKIM,Hindu,Age not stated,98,52,46,28,26,2,3,3,0,1,1,0,67,23,44,7,2,5
Urban,State - SIKKIM,Hindu,15-59,66822,36031,30791,34076,26011,8065,3724,2204,1520,1118,676,442,29022,7816,21206,5547,2023,3524
Urban,State - SIKKIM,Hindu,60+,4291,2373,1918,1250,1062,188,205,146,59,22,17,5,2836,1165,1671,42,18,24
Urban,State - SIKKIM,Muslim,Total,6209,3853,2356,2438,2245,193,321,255,66,60,44,16,3450,1353,2097,261,91,170
Urban,State - SIKKIM,Muslim,5-9,674,355,319,5,3,2,5,3,2,1,0,1,664,349,315,13,4,9
Urban,State - SIKKIM,Muslim,10-14,635,343,292,42,33,9,18,12,6,4,2,2,575,298,277,19,8,11
Urban,State - SIKKIM,Muslim,15-19,789,488,301,252,231,21,56,46,10,14,11,3,481,211,270,61,27,34
Urban,State - SIKKIM,Muslim,20-24,864,573,291,439,417,22,48,39,9,12,8,4,377,117,260,79,34,45
Urban,State - SIKKIM,Muslim,25-29,704,463,241,409,386,23,59,46,13,14,11,3,236,31,205,50,9,41
Urban,State - SIKKIM,Muslim,30-34,511,336,175,318,297,21,35,29,6,6,5,1,158,10,148,20,3,17
Urban,State - SIKKIM,Muslim,35-39,457,297,160,302,266,36,32,22,10,5,5,0,123,9,114,11,2,9
Urban,State - SIKKIM,Muslim,40-49,587,402,185,393,355,38,47,39,8,3,2,1,147,8,139,4,1,3
Urban,State - SIKKIM,Muslim,50-59,293,203,90,196,181,15,13,11,2,1,0,1,84,11,73,1,1,0
Urban,State - SIKKIM,Muslim,60-69,114,82,32,63,57,6,6,6,0,0,0,0,45,19,26,3,2,1
Urban,State - SIKKIM,Muslim,70-79,23,19,4,10,10,0,1,1,0,0,0,0,12,8,4,0,0,0
Urban,State - SIKKIM,Muslim,80+,16,7,9,4,4,0,1,1,0,0,0,0,11,2,9,0,0,0
Urban,State - SIKKIM,Muslim,Age not stated,7,6,1,5,5,0,0,0,0,0,0,0,2,1,1,0,0,0
Urban,State - SIKKIM,Muslim,15-59,4205,2762,1443,2309,2133,176,290,232,58,55,42,13,1606,397,1209,226,77,149
Urban,State - SIKKIM,Muslim,60+,153,108,45,77,71,6,8,8,0,0,0,0,68,29,39,3,2,1
Urban,State - SIKKIM,Christian,Total,14844,7187,7657,5208,3437,1771,776,400,376,179,101,78,8860,3350,5510,1035,372,663
Urban,State - SIKKIM,Christian,5-9,1192,596,596,7,6,1,13,5,8,0,0,0,1172,585,587,13,6,7
Urban,State - SIKKIM,Christian,10-14,1477,726,751,32,11,21,27,11,16,3,3,0,1418,704,714,32,17,15
Urban,State - SIKKIM,Christian,15-19,1637,747,890,172,89,83,63,37,26,14,8,6,1402,621,781,195,82,113
Urban,State - SIKKIM,Christian,20-24,1660,716,944,485,313,172,112,59,53,45,26,19,1063,344,719,332,118,214
Urban,State - SIKKIM,Christian,25-29,1656,784,872,851,557,294,126,61,65,33,13,20,679,166,513,254,87,167
Urban,State - SIKKIM,Christian,30-34,1424,680,744,845,552,293,123,71,52,41,23,18,456,57,399,96,27,69
Urban,State - SIKKIM,Christian,35-39,1183,575,608,784,501,283,79,37,42,12,10,2,320,37,283,48,15,33
Urban,State - SIKKIM,Christian,40-49,1844,961,883,1234,852,382,133,60,73,20,9,11,477,49,428,41,6,35
Urban,State - SIKKIM,Christian,50-59,1042,556,486,620,433,187,65,38,27,6,5,1,357,85,272,9,6,3
Urban,State - SIKKIM,Christian,60-69,466,223,243,127,89,38,22,13,9,3,2,1,317,121,196,11,6,5
Urban,State - SIKKIM,Christian,70-79,206,97,109,34,23,11,7,4,3,0,0,0,165,70,95,3,2,1
Urban,State - SIKKIM,Christian,80+,77,37,40,12,8,4,3,2,1,1,1,0,62,27,35,1,0,1
Urban,State - SIKKIM,Christian,Age not stated,18,10,8,5,3,2,3,2,1,1,1,0,10,5,5,0,0,0
Urban,State - SIKKIM,Christian,15-59,10446,5019,5427,4991,3297,1694,701,363,338,171,94,77,4754,1359,3395,975,341,634
Urban,State - SIKKIM,Christian,60+,749,357,392,173,120,53,32,19,13,4,3,1,544,218,326,15,8,7
Urban,State - SIKKIM,Sikh,Total,196,115,81,100,79,21,3,1,2,0,0,0,93,35,58,7,2,5
Urban,State - SIKKIM,Sikh,5-9,20,9,11,0,0,0,0,0,0,0,0,0,20,9,11,0,0,0
Urban,State - SIKKIM,Sikh,10-14,9,4,5,1,0,1,0,0,0,0,0,0,8,4,4,0,0,0
Urban,State - SIKKIM,Sikh,15-19,12,4,8,0,0,0,0,0,0,0,0,0,12,4,8,2,1,1
Urban,State - SIKKIM,Sikh,20-24,11,9,2,6,6,0,1,1,0,0,0,0,4,2,2,0,0,0
Urban,State - SIKKIM,Sikh,25-29,15,7,8,6,5,1,1,0,1,0,0,0,8,2,6,3,1,2
Urban,State - SIKKIM,Sikh,30-34,18,12,6,14,12,2,0,0,0,0,0,0,4,0,4,1,0,1
Urban,State - SIKKIM,Sikh,35-39,23,10,13,16,10,6,0,0,0,0,0,0,7,0,7,1,0,1
Urban,State - SIKKIM,Sikh,40-49,41,29,12,35,28,7,1,0,1,0,0,0,5,1,4,0,0,0
Urban,State - SIKKIM,Sikh,50-59,20,13,7,15,11,4,0,0,0,0,0,0,5,2,3,0,0,0
Urban,State - SIKKIM,Sikh,60-69,9,6,3,5,5,0,0,0,0,0,0,0,4,1,3,0,0,0
Urban,State - SIKKIM,Sikh,70-79,3,2,1,2,2,0,0,0,0,0,0,0,1,0,1,0,0,0
Urban,State - SIKKIM,Sikh,80+,1,1,0,0,0,0,0,0,0,0,0,0,1,1,0,0,0,0
Urban,State - SIKKIM,Sikh,Age not stated,0,0,0,0,0,0,0,0,0,0,0,0,0,0,0,0,0,0
Urban,State - SIKKIM,Sikh,15-59,140,84,56,92,72,20,3,1,2,0,0,0,45,11,34,7,2,5
Urban,State - SIKKIM,Sikh,60+,13,9,4,7,7,0,0,0,0,0,0,0,6,2,4,0,0,0
Urban,State - SIKKIM,Buddhist,Total,37042,18359,18683,12979,8283,4696,2260,1491,769,547,303,244,21803,8585,13218,2788,1100,1688
Urban,State - SIKKIM,Buddhist,5-9,2704,1323,1381,10,5,5,29,20,9,4,3,1,2665,1298,1367,64,25,39
Urban,State - SIKKIM,Buddhist,10-14,3589,1774,1815,70,36,34,78,50,28,6,3,3,3441,1688,1753,80,33,47
Urban,State - SIKKIM,Buddhist,15-19,3959,1989,1970,285,190,95,251,169,82,56,17,39,3423,1630,1793,496,239,257
Urban,State - SIKKIM,Buddhist,20-24,3940,1910,2030,954,602,352,388,279,109,107,60,47,2598,1029,1569,848,382,466
Urban,State - SIKKIM,Buddhist,25-29,4113,1950,2163,1983,1147,836,406,287,119,148,87,61,1724,516,1208,673,251,422
Urban,State - SIKKIM,Buddhist,30-34,3505,1659,1846,2104,1260,844,287,199,88,81,46,35,1114,200,914,285,76,209
Urban,State - SIKKIM,Buddhist,35-39,3080,1511,1569,2001,1265,736,223,127,96,49,28,21,856,119,737,171,38,133
Urban,State - SIKKIM,Buddhist,40-49,4894,2537,2357,3319,2194,1125,300,175,125,49,26,23,1275,168,1107,109,33,76
Urban,State - SIKKIM,Buddhist,50-59,2924,1550,1374,1770,1222,548,168,99,69,21,13,8,986,229,757,29,11,18
Urban,State - SIKKIM,Buddhist,60-69,1317,664,653,332,250,82,83,58,25,16,14,2,902,356,546,29,12,17
Urban,State - SIKKIM,Buddhist,70-79,676,329,347,91,68,23,34,20,14,5,3,2,551,241,310,0,0,0
Urban,State - SIKKIM,Buddhist,80+,302,129,173,41,28,13,10,6,4,2,1,1,251,95,156,0,0,0
Urban,State - SIKKIM,Buddhist,Age not stated,53,30,23,19,16,3,3,2,1,3,2,1,31,12,19,4,0,4
Urban,State - SIKKIM,Buddhist,15-59,26415,13106,13309,12416,7880,4536,2023,1335,688,511,277,234,11976,3891,8085,2611,1030,1581
Urban,State - SIKKIM,Buddhist,60+,2295,1122,1173,464,346,118,127,84,43,23,18,5,1704,692,1012,29,12,17
Urban,State - SIKKIM,Jain,Total,175,95,80,65,48,17,10,7,3,4,3,1,100,40,60,6,2,4
Urban,State - SIKKIM,Jain,5-9,14,10,4,0,0,0,0,0,0,0,0,0,14,10,4,0,0,0
Urban,State - SIKKIM,Jain,10-14,15,9,6,1,1,0,0,0,0,0,0,0,14,8,6,1,0,1
Urban,State - SIKKIM,Jain,15-19,13,7,6,3,2,1,3,2,1,1,1,0,7,3,4,1,1,0
Urban,State - SIKKIM,Jain,20-24,14,9,5,6,3,3,1,1,0,1,1,0,7,5,2,1,1,0
Urban,State - SIKKIM,Jain,25-29,19,8,11,6,3,3,4,2,2,2,1,1,9,3,6,3,0,3
Urban,State - SIKKIM,Jain,30-34,18,12,6,12,10,2,1,1,0,0,0,0,5,1,4,0,0,0
Urban,State - SIKKIM,Jain,35-39,10,7,3,6,6,0,1,1,0,0,0,0,3,0,3,0,0,0
Urban,State - SIKKIM,Jain,40-49,21,10,11,12,10,2,0,0,0,0,0,0,9,0,9,0,0,0
Urban,State - SIKKIM,Jain,50-59,27,12,15,15,10,5,0,0,0,0,0,0,12,2,10,0,0,0
Urban,State - SIKKIM,Jain,60-69,7,3,4,2,1,1,0,0,0,0,0,0,5,2,3,0,0,0
Urban,State - SIKKIM,Jain,70-79,4,2,2,2,2,0,0,0,0,0,0,0,2,0,2,0,0,0
Urban,State - SIKKIM,Jain,80+,1,0,1,0,0,0,0,0,0,0,0,0,1,0,1,0,0,0
Urban,State - SIKKIM,Jain,Age not stated,0,0,0,0,0,0,0,0,0,0,0,0,0,0,0,0,0,0
Urban,State - SIKKIM,Jain,15-59,122,65,57,60,44,16,10,7,3,4,3,1,52,14,38,5,2,3
Urban,State - SIKKIM,Jain,60+,12,5,7,4,3,1,0,0,0,0,0,0,8,2,6,0,0,0
Urban,State - SIKKIM,Other religious communities,Total,535,253,282,218,123,95,12,5,7,0,0,0,305,125,180,41,21,20
Urban,State - SIKKIM,Other religious communities,5-9,32,16,16,0,0,0,0,0,0,0,0,0,32,16,16,0,0,0
Urban,State - SIKKIM,Other religious communities,10-14,54,21,33,4,2,2,0,0,0,0,0,0,50,19,31,1,0,1
Urban,State - SIKKIM,Other religious communities,15-19,52,27,25,4,3,1,2,0,2,0,0,0,46,24,22,5,4,1
Urban,State - SIKKIM,Other religious communities,20-24,70,31,39,14,8,6,3,2,1,0,0,0,53,21,32,14,9,5
Urban,State - SIKKIM,Other religious communities,25-29,60,22,38,31,11,20,1,1,0,0,0,0,28,10,18,14,7,7
Urban,State - SIKKIM,Other religious communities,30-34,37,13,24,26,11,15,3,1,2,0,0,0,8,1,7,3,0,3
Urban,State - SIKKIM,Other religious communities,35-39,41,21,20,36,20,16,0,0,0,0,0,0,5,1,4,3,1,2
Urban,State - SIKKIM,Other religious communities,40-49,85,42,43,65,40,25,2,0,2,0,0,0,18,2,16,1,0,1
Urban,State - SIKKIM,Other religious communities,50-59,35,22,13,27,20,7,0,0,0,0,0,0,8,2,6,0,0,0
Urban,State - SIKKIM,Other religious communities,60-69,25,14,11,9,7,2,0,0,0,0,0,0,16,7,9,0,0,0
Urban,State - SIKKIM,Other religious communities,70-79,7,5,2,2,1,1,1,1,0,0,0,0,4,3,1,0,0,0
Urban,State - SIKKIM,Other religious communities,80+,3,2,1,0,0,0,0,0,0,0,0,0,3,2,1,0,0,0
Urban,State - SIKKIM,Other religious communities,Age not stated,3,2,1,0,0,0,0,0,0,0,0,0,3,2,1,0,0,0
Urban,State - SIKKIM,Other religious communities,15-59,380,178,202,203,113,90,11,4,7,0,0,0,166,61,105,40,21,19
Urban,State - SIKKIM,Other religious communities,60+,35,21,14,11,8,3,1,1,0,0,0,0,23,12,11,0,0,0
Total,State - ARUNACHAL PRADESH,All religious communities,Total,1383727,713912,669815,478721,301109,177612,108936,49164,59772,44317,22015,22302,796070,363639,432431,82055,36311,45744
Total,State - ARUNACHAL PRADESH,All religious communities,5-9,171123,86699,84424,1326,662,664,3386,1684,1702,916,483,433,166411,84353,82058,3554,1808,1746
Total,State - ARUNACHAL PRADESH,All religious communities,10-14,179359,90439,88920,4440,2181,2259,7877,3853,4024,2137,1061,1076,167042,84405,82637,7213,3633,3580
Total,State - ARUNACHAL PRADESH,All religious communities,15-19,155968,78673,77295,19844,10813,9031,13907,6726,7181,6407,3203,3204,122217,61134,61083,23030,11588,11442
Total,State - ARUNACHAL PRADESH,All religious communities,20-24,131696,66033,65663,51125,30183,20942,16025,7252,8773,8465,4221,4244,64546,28598,35948,21923,10411,11512
Total,State - ARUNACHAL PRADESH,All religious communities,25-29,123714,63366,60348,73965,45473,28492,15407,6859,8548,7628,3808,3820,34342,11034,23308,11999,4975,7024
Total,State - ARUNACHAL PRADESH,All religious communities,30-34,101171,52462,48709,68815,43366,25449,11790,4977,6813,5215,2536,2679,20566,4119,16447,5313,1601,3712
Total,State - ARUNACHAL PRADESH,All religious communities,35-39,94391,48211,46180,66461,41351,25110,10655,4461,6194,4412,2113,2299,17275,2399,14876,3551,777,2774
Total,State - ARUNACHAL PRADESH,All religious communities,40-49,142282,78034,64248,104690,68556,36134,14996,6342,8654,5221,2532,2689,22596,3136,19460,3206,738,2468
Total,State - ARUNACHAL PRADESH,All religious communities,50-59,75996,43483,32513,55570,37382,18188,8339,3763,4576,2488,1263,1225,12087,2338,9749,1131,317,814
Total,State - ARUNACHAL PRADESH,All religious communities,60-69,40418,21134,19284,23107,14819,8288,4350,2090,2260,992,574,418,12961,4225,8736,708,271,437
Total,State - ARUNACHAL PRADESH,All religious communities,70-79,15782,8234,7548,6530,4443,2087,1442,773,669,248,133,115,7810,3018,4792,217,95,122
Total,State - ARUNACHAL PRADESH,All religious communities,80+,7439,3821,3618,2340,1567,773,567,286,281,106,50,56,4532,1968,2564,146,61,85
Total,State - ARUNACHAL PRADESH,All religious communities,Age not stated,1509,859,650,508,313,195,195,98,97,82,38,44,806,448,358,64,36,28
Total,State - ARUNACHAL PRADESH,All religious communities,15-59,825218,430262,394956,440470,277124,163346,91119,40380,50739,39836,19676,20160,293629,112758,180871,70153,30407,39746
Total,State - ARUNACHAL PRADESH,All religious communities,60+,63639,33189,30450,31977,20829,11148,6359,3149,3210,1346,757,589,25303,9211,16092,1071,427,644
Total,State - ARUNACHAL PRADESH,Hindu,Total,401876,225172,176704,156891,118833,38058,28094,13485,14609,12287,6436,5851,216891,92854,124037,21479,8424,13055
Total,State - ARUNACHAL PRADESH,Hindu,5-9,43719,22238,21481,301,149,152,617,311,306,225,111,114,42801,21778,21023,892,456,436
Total,State - ARUNACHAL PRADESH,Hindu,10-14,45709,23643,22066,1446,759,687,1499,750,749,520,273,247,42764,22134,20630,1717,883,834
Total,State - ARUNACHAL PRADESH,Hindu,15-19,41180,21831,19349,7317,4721,2596,3618,1885,1733,1737,954,783,30245,15225,15020,5326,2716,2610
Total,State - ARUNACHAL PRADESH,Hindu,20-24,41370,23350,18020,19347,14385,4962,4494,2231,2263,2503,1362,1141,17529,6734,10795,5586,2514,3072
Total,State - ARUNACHAL PRADESH,Hindu,25-29,40610,23756,16854,25398,19299,6099,4219,2002,2217,2062,1050,1012,10993,2455,8538,3152,1021,2131
Total,State - ARUNACHAL PRADESH,Hindu,30-34,33223,19055,14168,22124,16678,5446,3137,1411,1726,1424,690,734,7962,966,6996,1756,292,1464
Total,State - ARUNACHAL PRADESH,Hindu,35-39,31025,17544,13481,20875,15571,5304,2963,1320,1643,1293,656,637,7187,653,6534,1240,149,1091
Total,State - ARUNACHAL PRADESH,Hindu,40-49,49113,30084,19029,34876,27275,7601,4058,1825,2233,1516,778,738,10179,984,9195,1217,195,1022
Total,State - ARUNACHAL PRADESH,Hindu,50-59,24304,16171,8133,18002,14505,3497,2108,1006,1102,681,360,321,4194,660,3534,346,89,257
Total,State - ARUNACHAL PRADESH,Hindu,60-69,9088,5428,3660,5049,3870,1179,940,489,451,238,150,88,3099,1069,2030,164,68,96
Total,State - ARUNACHAL PRADESH,Hindu,70-79,3246,1833,1413,1342,1014,328,280,170,110,55,37,18,1624,649,975,35,14,21
Total,State - ARUNACHAL PRADESH,Hindu,80+,1810,1009,801,642,482,160,123,63,60,24,8,16,1045,464,581,38,20,18
Total,State - ARUNACHAL PRADESH,Hindu,Age not stated,401,252,149,172,125,47,38,22,16,9,7,2,191,105,86,10,7,3
Total,State - ARUNACHAL PRADESH,Hindu,15-59,260825,151791,109034,147939,112434,35505,24597,11680,12917,11216,5850,5366,88289,27677,60612,18623,6976,11647
Total,State - ARUNACHAL PRADESH,Hindu,60+,14144,8270,5874,7033,5366,1667,1343,722,621,317,195,122,5768,2182,3586,237,102,135
Total,State - ARUNACHAL PRADESH,Muslim,Total,27045,15553,11492,9632,8109,1523,2525,1461,1064,998,648,350,14888,5983,8905,1350,482,868
Total,State - ARUNACHAL PRADESH,Muslim,5-9,3042,1494,1548,20,13,7,59,26,33,25,11,14,2963,1455,1508,45,30,15
Total,State - ARUNACHAL PRADESH,Muslim,10-14,2823,1490,1333,115,87,28,112,57,55,39,23,16,2596,1346,1250,95,46,49
Total,State - ARUNACHAL PRADESH,Muslim,15-19,2875,1692,1183,690,573,117,271,186,85,136,86,50,1914,933,981,313,161,152
Total,State - ARUNACHAL PRADESH,Muslim,20-24,3194,1927,1267,1459,1272,187,419,259,160,215,142,73,1316,396,920,376,136,240
Total,State - ARUNACHAL PRADESH,Muslim,25-29,3216,1972,1244,1794,1540,254,445,265,180,182,120,62,977,167,810,231,64,167
Total,State - ARUNACHAL PRADESH,Muslim,30-34,2253,1314,939,1332,1091,241,295,165,130,103,70,33,626,58,568,88,9,79
Total,State - ARUNACHAL PRADESH,Muslim,35-39,2134,1238,896,1238,1023,215,298,172,126,118,68,50,598,43,555,86,6,80
Total,State - ARUNACHAL PRADESH,Muslim,40-49,2864,1825,1039,1846,1546,300,398,210,188,128,89,39,620,69,551,79,15,64
Total,State - ARUNACHAL PRADESH,Muslim,50-59,1236,841,395,846,721,125,170,81,89,41,30,11,220,39,181,21,7,14
Total,State - ARUNACHAL PRADESH,Muslim,60-69,395,247,148,214,180,34,29,19,10,7,5,2,152,48,104,13,8,5
Total,State - ARUNACHAL PRADESH,Muslim,70-79,110,66,44,44,34,10,15,12,3,0,0,0,51,20,31,0,0,0
Total,State - ARUNACHAL PRADESH,Muslim,80+,83,45,38,24,20,4,10,7,3,4,4,0,49,18,31,3,0,3
Total,State - ARUNACHAL PRADESH,Muslim,Age not stated,29,17,12,10,9,1,4,2,2,0,0,0,15,6,9,0,0,0
Total,State - ARUNACHAL PRADESH,Muslim,15-59,17772,10809,6963,9205,7766,1439,2296,1338,958,923,605,318,6271,1705,4566,1194,398,796
Total,State - ARUNACHAL PRADESH,Muslim,60+,588,358,230,282,234,48,54,38,16,11,9,2,252,86,166,16,8,8
Total,State - ARUNACHAL PRADESH,Christian,Total,418732,205796,212936,131038,71281,59757,33988,15253,18735,14484,7053,7431,253706,119262,134444,24735,11471,13264
Total,State - ARUNACHAL PRADESH,Christian,5-9,58114,29357,28757,452,210,242,1360,671,689,385,206,179,56302,28476,27826,1174,608,566
Total,State - ARUNACHAL PRADESH,Christian,10-14,59454,29537,29917,1317,583,734,2876,1399,1477,820,382,438,55261,27555,27706,2304,1134,1170
Total,State - ARUNACHAL PRADESH,Christian,15-19,49845,24382,25463,5373,2362,3011,4370,2013,2357,2277,1104,1173,40102,20007,20095,7427,3794,3633
Total,State - ARUNACHAL PRADESH,Christian,20-24,37048,17004,20044,12986,5937,7049,4634,2007,2627,2584,1213,1371,19428,9060,10368,6553,3161,3392
Total,State - ARUNACHAL PRADESH,Christian,25-29,34051,15525,18526,19965,10073,9892,4514,1962,2552,2437,1216,1221,9572,3490,6082,3475,1543,1932
Total,State - ARUNACHAL PRADESH,Christian,30-34,27397,13122,14275,18618,10282,8336,3656,1557,2099,1748,850,898,5123,1283,3840,1430,533,897
Total,State - ARUNACHAL PRADESH,Christian,35-39,26256,12328,13928,18834,10237,8597,3308,1378,1930,1435,690,745,4114,713,3401,885,241,644
Total,State - ARUNACHAL PRADESH,Christian,40-49,38549,19721,18828,28943,16753,12190,4633,2044,2589,1668,795,873,4973,924,4049,802,221,581
Total,State - ARUNACHAL PRADESH,Christian,50-59,20706,10939,9767,15113,9113,6000,2531,1187,1344,693,366,327,3062,639,2423,311,87,224
Total,State - ARUNACHAL PRADESH,Christian,60-69,11552,5641,5911,6555,3910,2645,1305,628,677,278,156,122,3692,1103,2589,220,82,138
Total,State - ARUNACHAL PRADESH,Christian,70-79,4563,2275,2288,2016,1277,739,487,249,238,79,38,41,2060,749,1311,69,29,40
Total,State - ARUNACHAL PRADESH,Christian,80+,2143,1081,1062,701,451,250,205,105,100,27,13,14,1237,525,712,55,19,36
Total,State - ARUNACHAL PRADESH,Christian,Age not stated,575,315,260,165,93,72,109,53,56,53,24,29,301,169,132,30,19,11
Total,State - ARUNACHAL PRADESH,Christian,15-59,233852,113021,120831,119832,64757,55075,27646,12148,15498,12842,6234,6608,86374,36116,50258,20883,9580,11303
Total,State - ARUNACHAL PRADESH,Christian,60+,18258,8997,9261,9272,5638,3634,1997,982,1015,384,207,177,6989,2377,4612,344,130,214
Total,State - ARUNACHAL PRADESH,Sikh,Total,3287,2800,487,2605,2517,88,70,41,29,30,18,12,612,242,370,56,20,36
Total,State - ARUNACHAL PRADESH,Sikh,5-9,99,51,48,0,0,0,5,3,2,0,0,0,94,48,46,0,0,0
Total,State - ARUNACHAL PRADESH,Sikh,10-14,98,52,46,3,3,0,1,0,1,0,0,0,94,49,45,4,3,1
Total,State - ARUNACHAL PRADESH,Sikh,15-19,101,52,49,21,17,4,6,3,3,3,1,2,74,32,42,10,3,7
Total,State - ARUNACHAL PRADESH,Sikh,20-24,441,379,62,364,356,8,11,8,3,6,4,2,66,15,51,15,2,13
Total,State - ARUNACHAL PRADESH,Sikh,25-29,787,734,53,730,714,16,15,12,3,8,8,0,42,8,34,11,4,7
Total,State - ARUNACHAL PRADESH,Sikh,30-34,783,741,42,745,733,12,5,3,2,2,1,1,33,5,28,6,2,4
Total,State - ARUNACHAL PRADESH,Sikh,35-39,310,265,45,268,254,14,11,4,7,5,1,4,31,7,24,6,4,2
Total,State - ARUNACHAL PRADESH,Sikh,40-49,416,365,51,367,346,21,10,5,5,4,2,2,39,14,25,4,2,2
Total,State - ARUNACHAL PRADESH,Sikh,50-59,94,74,20,79,67,12,5,3,2,2,1,1,10,4,6,0,0,0
Total,State - ARUNACHAL PRADESH,Sikh,60-69,17,10,7,8,8,0,1,0,1,0,0,0,8,2,6,0,0,0
Total,State - ARUNACHAL PRADESH,Sikh,70-79,10,6,4,2,2,0,0,0,0,0,0,0,8,4,4,0,0,0
Total,State - ARUNACHAL PRADESH,Sikh,80+,16,13,3,13,12,1,0,0,0,0,0,0,3,1,2,0,0,0
Total,State - ARUNACHAL PRADESH,Sikh,Age not stated,5,5,0,5,5,0,0,0,0,0,0,0,0,0,0,0,0,0
Total,State - ARUNACHAL PRADESH,Sikh,15-59,2932,2610,322,2574,2487,87,63,38,25,30,18,12,295,85,210,52,17,35
Total,State - ARUNACHAL PRADESH,Sikh,60+,43,29,14,23,22,1,1,0,1,0,0,0,19,7,12,0,0,0
Total,State - ARUNACHAL PRADESH,Buddhist,Total,162815,80988,81827,56937,34707,22230,15139,5576,9563,5044,2273,2771,90739,40705,50034,7058,2820,4238
Total,State - ARUNACHAL PRADESH,Buddhist,5-9,20637,10353,10284,95,46,49,153,70,83,24,13,11,20389,10237,10152,259,131,128
Total,State - ARUNACHAL PRADESH,Buddhist,10-14,20327,10092,10235,523,268,255,833,371,462,185,89,96,18971,9453,9518,592,287,305
Total,State - ARUNACHAL PRADESH,Buddhist,15-19,16737,8239,8498,3095,1648,1447,1964,847,1117,764,360,404,11678,5744,5934,1964,878,1086
Total,State - ARUNACHAL PRADESH,Buddhist,20-24,15010,7007,8003,6864,3702,3162,2369,874,1495,1007,461,546,5777,2431,3346,1943,891,1052
Total,State - ARUNACHAL PRADESH,Buddhist,25-29,14626,7087,7539,9179,5464,3715,2297,820,1477,914,417,497,3150,803,2347,1057,371,686
Total,State - ARUNACHAL PRADESH,Buddhist,30-34,11955,5856,6099,8203,5007,3196,1706,543,1163,534,225,309,2046,306,1740,462,110,352
Total,State - ARUNACHAL PRADESH,Buddhist,35-39,10892,5560,5332,7791,4899,2892,1430,493,937,446,187,259,1671,168,1503,323,45,278
Total,State - ARUNACHAL PRADESH,Buddhist,40-49,14522,7472,7050,10488,6636,3852,1924,613,1311,559,249,310,2110,223,1887,229,32,197
Total,State - ARUNACHAL PRADESH,Buddhist,50-59,9202,4780,4422,6229,4060,2169,1246,409,837,364,145,219,1727,311,1416,104,27,77
Total,State - ARUNACHAL PRADESH,Buddhist,60-69,6311,3174,3137,3215,2103,1112,837,338,499,180,90,90,2259,733,1526,86,34,52
Total,State - ARUNACHAL PRADESH,Buddhist,70-79,2950,1519,1431,955,678,277,287,157,130,45,25,20,1708,684,1024,24,9,15
Total,State - ARUNACHAL PRADESH,Buddhist,80+,1355,636,719,272,181,91,84,37,47,18,10,8,999,418,581,11,3,8
Total,State - ARUNACHAL PRADESH,Buddhist,Age not stated,83,43,40,28,15,13,9,4,5,4,2,2,46,24,22,4,2,2
Total,State - ARUNACHAL PRADESH,Buddhist,15-59,92944,46001,46943,51849,31416,20433,12936,4599,8337,4588,2044,2544,28159,9986,18173,6082,2354,3728
Total,State - ARUNACHAL PRADESH,Buddhist,60+,10616,5329,5287,4442,2962,1480,1208,532,676,243,125,118,4966,1835,3131,121,46,75
Total,State - ARUNACHAL PRADESH,Jain,Total,771,371,400,253,150,103,78,39,39,32,18,14,440,182,258,44,11,33
Total,State - ARUNACHAL PRADESH,Jain,5-9,88,44,44,0,0,0,2,1,1,0,0,0,86,43,43,0,0,0
Total,State - ARUNACHAL PRADESH,Jain,10-14,106,47,59,1,0,1,4,4,0,4,4,0,101,43,58,11,1,10
Total,State - ARUNACHAL PRADESH,Jain,15-19,82,37,45,16,8,8,14,6,8,9,4,5,52,23,29,12,4,8
Total,State - ARUNACHAL PRADESH,Jain,20-24,68,30,38,28,15,13,16,6,10,6,3,3,24,9,15,6,3,3
Total,State - ARUNACHAL PRADESH,Jain,25-29,59,27,32,30,18,12,11,6,5,5,3,2,18,3,15,7,3,4
Total,State - ARUNACHAL PRADESH,Jain,30-34,52,25,27,31,19,12,6,4,2,2,2,0,15,2,13,2,0,2
Total,State - ARUNACHAL PRADESH,Jain,35-39,63,27,36,45,24,21,5,2,3,0,0,0,13,1,12,1,0,1
Total,State - ARUNACHAL PRADESH,Jain,40-49,90,49,41,60,41,19,10,6,4,4,2,2,20,2,18,3,0,3
Total,State - ARUNACHAL PRADESH,Jain,50-59,40,20,20,28,17,11,6,3,3,1,0,1,6,0,6,1,0,1
Total,State - ARUNACHAL PRADESH,Jain,60-69,25,13,12,9,5,4,3,1,2,0,0,0,13,7,6,1,0,1
Total,State - ARUNACHAL PRADESH,Jain,70-79,8,2,6,2,1,1,1,0,1,1,0,1,5,1,4,0,0,0
Total,State - ARUNACHAL PRADESH,Jain,80+,5,2,3,3,2,1,0,0,0,0,0,0,2,0,2,0,0,0
Total,State - ARUNACHAL PRADESH,Jain,Age not stated,0,0,0,0,0,0,0,0,0,0,0,0,0,0,0,0,0,0
Total,State - ARUNACHAL PRADESH,Jain,15-59,454,215,239,238,142,96,68,33,35,27,14,13,148,40,108,32,10,22
Total,State - ARUNACHAL PRADESH,Jain,60+,38,17,21,14,8,6,4,1,3,1,0,1,20,8,12,1,0,1
Total,State - ARUNACHAL PRADESH,Other religious communities,Total,362553,180044,182509,120081,64900,55181,28651,13152,15499,11255,5489,5766,213821,101992,111829,26691,12747,13944
Total,State - ARUNACHAL PRADESH,Other religious communities,5-9,44224,22564,21660,444,238,206,1155,581,574,244,134,110,42625,21745,20880,1075,530,545
Total,State - ARUNACHAL PRADESH,Other religious communities,10-14,49765,25040,24725,997,460,537,2503,1253,1250,548,280,268,46265,23327,22938,2383,1217,1166
Total,State - ARUNACHAL PRADESH,Other religious communities,15-19,44271,21986,22285,3207,1420,1787,3609,1761,1848,1452,683,769,37455,18805,18650,7786,3922,3864
Total,State - ARUNACHAL PRADESH,Other religious communities,20-24,33973,16063,17910,9881,4431,5450,4015,1838,2177,2104,1015,1089,20077,9794,10283,7338,3651,3687
Total,State - ARUNACHAL PRADESH,Other religious communities,25-29,29899,14045,15854,16643,8249,8394,3847,1765,2082,1990,980,1010,9409,4031,5378,4000,1938,2062
Total,State - ARUNACHAL PRADESH,Other religious communities,30-34,25234,12222,13012,17591,9464,8127,2950,1284,1666,1381,693,688,4693,1474,3219,1547,644,903
Total,State - ARUNACHAL PRADESH,Other religious communities,35-39,23465,11170,12295,17265,9291,7974,2606,1083,1523,1102,507,595,3594,796,2798,998,328,670
Total,State - ARUNACHAL PRADESH,Other religious communities,40-49,36430,18408,18022,27924,15872,12052,3933,1634,2299,1332,615,717,4573,902,3671,858,267,591
Total,State - ARUNACHAL PRADESH,Other religious communities,50-59,20271,10599,9672,15181,8858,6323,2260,1070,1190,702,359,343,2830,671,2159,341,105,236
Total,State - ARUNACHAL PRADESH,Other religious communities,60-69,12927,6579,6348,8006,4720,3286,1224,610,614,283,170,113,3697,1249,2448,219,76,143
Total,State - ARUNACHAL PRADESH,Other religious communities,70-79,4848,2514,2334,2149,1425,724,372,185,187,68,33,35,2327,904,1423,89,43,46
Total,State - ARUNACHAL PRADESH,Other religious communities,80+,2008,1027,981,678,416,262,144,73,71,33,15,18,1186,538,648,39,19,20
Total,State - ARUNACHAL PRADESH,Other religious communities,Age not stated,360,193,167,115,56,59,33,15,18,16,5,11,212,122,90,18,7,11
Total,State - ARUNACHAL PRADESH,Other religious communities,15-59,213543,104493,109050,107692,57585,50107,23220,10435,12785,10063,4852,5211,82631,36473,46158,22868,10855,12013
Total,State - ARUNACHAL PRADESH,Other religious communities,60+,19783,10120,9663,10833,6561,4272,1740,868,872,384,218,166,7210,2691,4519,347,138,209
Rural,State - ARUNACHAL PRADESH,All religious communities,Total,1066358,546011,520347,377388,223929,153459,92927,40861,52066,36910,17993,18917,596043,281221,314822,56642,26278,30364
Rural,State - ARUNACHAL PRADESH,All religious communities,5-9,138348,70237,68111,1141,573,568,2710,1345,1365,667,355,312,134497,68319,66178,2858,1463,1395
Rural,State - ARUNACHAL PRADESH,All religious communities,10-14,140026,70980,69046,3778,1838,1940,6749,3344,3405,1707,855,852,129499,65798,63701,5648,2906,2742
Rural,State - ARUNACHAL PRADESH,All religious communities,15-19,116064,58961,57103,16782,8830,7952,11852,5666,6186,5339,2664,2675,87430,44465,42965,16916,8757,8159
Rural,State - ARUNACHAL PRADESH,All religious communities,20-24,97891,49023,48868,41440,23014,18426,13374,5878,7496,6862,3371,3491,43077,20131,22946,14321,7095,7226
Rural,State - ARUNACHAL PRADESH,All religious communities,25-29,90931,45974,44957,56698,32749,23949,12849,5495,7354,6228,3041,3187,21384,7730,13654,7606,3358,4248
Rural,State - ARUNACHAL PRADESH,All religious communities,30-34,74292,38006,36286,52239,31123,21116,9918,4014,5904,4361,2072,2289,12135,2869,9266,3307,1085,2222
Rural,State - ARUNACHAL PRADESH,All religious communities,35-39,69148,34826,34322,50547,29573,20974,8973,3636,5337,3693,1733,1960,9628,1617,8011,2163,532,1631
Rural,State - ARUNACHAL PRADESH,All religious communities,40-49,105523,56096,49427,79840,48778,31062,12902,5249,7653,4494,2082,2412,12781,2069,10712,2072,493,1579
Rural,State - ARUNACHAL PRADESH,All religious communities,50-59,60808,33449,27359,45071,28510,16561,7513,3273,4240,2255,1109,1146,8224,1666,6558,841,237,604
Rural,State - ARUNACHAL PRADESH,All religious communities,60-69,35608,18414,17194,21220,13230,7990,4056,1910,2146,916,518,398,10332,3274,7058,569,204,365
Rural,State - ARUNACHAL PRADESH,All religious communities,70-79,14302,7483,6819,6163,4133,2030,1354,714,640,225,117,108,6785,2636,4149,186,78,108
Rural,State - ARUNACHAL PRADESH,All religious communities,80+,6451,3308,3143,2067,1351,716,507,259,248,87,43,44,3877,1698,2179,107,41,66
Rural,State - ARUNACHAL PRADESH,All religious communities,Age not stated,1193,661,532,402,227,175,170,78,92,76,33,43,621,356,265,48,29,19
Rural,State - ARUNACHAL PRADESH,All religious communities,15-59,614657,316335,298322,342617,202577,140040,77381,33211,44170,33232,16072,17160,194659,80547,114112,47226,21557,25669
Rural,State - ARUNACHAL PRADESH,All religious communities,60+,56361,29205,27156,29450,18714,10736,5917,2883,3034,1228,678,550,20994,7608,13386,862,323,539
Rural,State - ARUNACHAL PRADESH,Hindu,Total,256727,142358,114369,101650,72421,29229,21236,9576,11660,9069,4605,4464,133841,60361,73480,11867,4816,7051
Rural,State - ARUNACHAL PRADESH,Hindu,5-9,30840,15694,15146,223,109,114,385,201,184,139,71,68,30232,15384,14848,642,333,309
Rural,State - ARUNACHAL PRADESH,Hindu,10-14,30207,15614,14593,1074,551,523,1089,551,538,356,190,166,28044,14512,13532,1167,598,569
Rural,State - ARUNACHAL PRADESH,Hindu,15-19,25726,13755,11971,5548,3442,2106,2727,1365,1362,1288,697,591,17451,8948,8503,3191,1687,1504
Rural,State - ARUNACHAL PRADESH,Hindu,20-24,25823,14713,11110,13728,9655,4073,3306,1525,1781,1764,928,836,8789,3533,5256,2694,1232,1462
Rural,State - ARUNACHAL PRADESH,Hindu,25-29,24804,14354,10450,16356,11674,4682,3153,1383,1770,1497,729,768,5295,1297,3998,1557,489,1068
Rural,State - ARUNACHAL PRADESH,Hindu,30-34,19963,11248,8715,13841,9767,4074,2326,962,1364,1056,496,560,3796,519,3277,916,145,771
Rural,State - ARUNACHAL PRADESH,Hindu,35-39,18576,10433,8143,12997,9075,3922,2265,962,1303,989,501,488,3314,396,2918,646,88,558
Rural,State - ARUNACHAL PRADESH,Hindu,40-49,28694,17306,11388,20914,15409,5505,3103,1293,1810,1160,559,601,4677,604,4073,688,125,563
Rural,State - ARUNACHAL PRADESH,Hindu,50-59,15128,9693,5435,11258,8578,2680,1705,741,964,554,277,277,2165,374,1791,212,58,154
Rural,State - ARUNACHAL PRADESH,Hindu,60-69,6686,3908,2778,3966,2898,1068,807,390,417,200,118,82,1913,620,1293,100,36,64
Rural,State - ARUNACHAL PRADESH,Hindu,70-79,2511,1430,1081,1143,835,308,238,138,100,38,25,13,1130,457,673,28,12,16
Rural,State - ARUNACHAL PRADESH,Hindu,80+,1308,715,593,482,348,134,102,51,51,19,7,12,724,316,408,21,10,11
Rural,State - ARUNACHAL PRADESH,Hindu,Age not stated,277,168,109,120,80,40,30,14,16,9,7,2,127,74,53,5,3,2
Rural,State - ARUNACHAL PRADESH,Hindu,15-59,158714,91502,67212,94642,67600,27042,18585,8231,10354,8308,4187,4121,45487,15671,29816,9904,3824,6080
Rural,State - ARUNACHAL PRADESH,Hindu,60+,10505,6053,4452,5591,4081,1510,1147,579,568,257,150,107,3767,1393,2374,149,58,91
Rural,State - ARUNACHAL PRADESH,Muslim,Total,12488,7215,5273,4750,3755,995,1204,675,529,475,302,173,6534,2785,3749,551,212,339
Rural,State - ARUNACHAL PRADESH,Muslim,5-9,1469,732,737,7,4,3,27,14,13,5,3,2,1435,714,721,27,16,11
Rural,State - ARUNACHAL PRADESH,Muslim,10-14,1293,671,622,58,39,19,58,31,27,17,12,5,1177,601,576,47,25,22
Rural,State - ARUNACHAL PRADESH,Muslim,15-19,1277,754,523,345,263,82,130,84,46,58,32,26,802,407,395,124,68,56
Rural,State - ARUNACHAL PRADESH,Muslim,20-24,1472,938,534,772,647,125,192,119,73,98,67,31,508,172,336,134,48,86
Rural,State - ARUNACHAL PRADESH,Muslim,25-29,1511,933,578,901,726,175,230,132,98,92,54,38,380,75,305,97,32,65
Rural,State - ARUNACHAL PRADESH,Muslim,30-34,1021,600,421,657,499,158,147,77,70,60,39,21,217,24,193,30,4,26
Rural,State - ARUNACHAL PRADESH,Muslim,35-39,917,545,372,586,444,142,130,78,52,52,32,20,201,23,178,34,5,29
Rural,State - ARUNACHAL PRADESH,Muslim,40-49,1261,794,467,867,684,183,169,83,86,68,46,22,225,27,198,40,9,31
Rural,State - ARUNACHAL PRADESH,Muslim,50-59,584,376,208,393,322,71,94,38,56,21,14,7,97,16,81,11,2,9
Rural,State - ARUNACHAL PRADESH,Muslim,60-69,214,128,86,122,96,26,12,8,4,3,2,1,80,24,56,7,3,4
Rural,State - ARUNACHAL PRADESH,Muslim,70-79,69,41,28,27,18,9,9,7,2,0,0,0,33,16,17,0,0,0
Rural,State - ARUNACHAL PRADESH,Muslim,80+,38,23,15,11,9,2,4,3,1,1,1,0,23,11,12,0,0,0
Rural,State - ARUNACHAL PRADESH,Muslim,Age not stated,10,8,2,4,4,0,2,1,1,0,0,0,4,3,1,0,0,0
Rural,State - ARUNACHAL PRADESH,Muslim,15-59,8043,4940,3103,4521,3585,936,1092,611,481,449,284,165,2430,744,1686,470,168,302
Rural,State - ARUNACHAL PRADESH,Muslim,60+,321,192,129,160,123,37,25,18,7,4,3,1,136,51,85,7,3,4
Rural,State - ARUNACHAL PRADESH,Christian,Total,349180,172208,176972,114350,60633,53717,30123,13439,16684,12624,6100,6524,204707,98136,106571,18113,8767,9346
Rural,State - ARUNACHAL PRADESH,Christian,5-9,49338,25000,24338,400,189,211,1103,537,566,293,157,136,47835,24274,23561,965,513,452
Rural,State - ARUNACHAL PRADESH,Christian,10-14,49113,24610,24503,1191,537,654,2478,1219,1259,668,309,359,45444,22854,22590,1882,937,945
Rural,State - ARUNACHAL PRADESH,Christian,15-19,39748,19678,20070,4875,2173,2702,3862,1803,2059,1989,986,1003,31011,15702,15309,5662,2974,2688
Rural,State - ARUNACHAL PRADESH,Christian,20-24,29888,13847,16041,11434,5111,6323,4065,1776,2289,2249,1066,1183,14389,6960,7429,4626,2345,2281
Rural,State - ARUNACHAL PRADESH,Christian,25-29,27532,12627,14905,16982,8315,8667,3905,1663,2242,2079,1023,1056,6645,2649,3996,2383,1118,1265
Rural,State - ARUNACHAL PRADESH,Christian,30-34,22247,10755,11492,15692,8465,7227,3192,1338,1854,1517,722,795,3363,952,2411,935,373,562
Rural,State - ARUNACHAL PRADESH,Christian,35-39,21476,10044,11432,15941,8372,7569,2896,1170,1726,1256,581,675,2639,502,2137,544,165,379
Rural,State - ARUNACHAL PRADESH,Christian,40-49,32491,16365,16126,24920,13880,11040,4231,1846,2385,1516,706,810,3340,639,2701,552,146,406
Rural,State - ARUNACHAL PRADESH,Christian,50-59,18568,9688,8880,13801,8095,5706,2380,1102,1278,650,336,314,2387,491,1896,241,67,174
Rural,State - ARUNACHAL PRADESH,Christian,60-69,10754,5285,5469,6335,3751,2584,1250,599,651,260,146,114,3169,935,2234,187,69,118
Rural,State - ARUNACHAL PRADESH,Christian,70-79,4330,2179,2151,1968,1240,728,471,239,232,76,35,41,1891,700,1191,61,25,36
Rural,State - ARUNACHAL PRADESH,Christian,80+,1975,1007,968,664,426,238,190,101,89,22,13,9,1121,480,641,48,16,32
Rural,State - ARUNACHAL PRADESH,Christian,Age not stated,503,269,234,147,79,68,100,46,54,49,20,29,256,144,112,27,19,8
Rural,State - ARUNACHAL PRADESH,Christian,15-59,191950,93004,98946,103645,54411,49234,24531,10698,13833,11256,5420,5836,63774,27895,35879,14943,7188,7755
Rural,State - ARUNACHAL PRADESH,Christian,60+,17059,8471,8588,8967,5417,3550,1911,939,972,358,194,164,6181,2115,4066,296,110,186
Rural,State - ARUNACHAL PRADESH,Sikh,Total,1587,1318,269,1205,1147,58,43,23,20,15,7,8,339,148,191,26,11,15
Rural,State - ARUNACHAL PRADESH,Sikh,5-9,70,39,31,0,0,0,4,2,2,0,0,0,66,37,29,0,0,0
Rural,State - ARUNACHAL PRADESH,Sikh,10-14,61,31,30,3,3,0,1,0,1,0,0,0,57,28,29,4,3,1
Rural,State - ARUNACHAL PRADESH,Sikh,15-19,49,21,28,12,8,4,3,0,3,2,0,2,34,13,21,5,1,4
Rural,State - ARUNACHAL PRADESH,Sikh,20-24,226,199,27,193,187,6,7,5,2,3,2,1,26,7,19,5,2,3
Rural,State - ARUNACHAL PRADESH,Sikh,25-29,369,338,31,341,329,12,7,5,2,2,2,0,21,4,17,4,2,2
Rural,State - ARUNACHAL PRADESH,Sikh,30-34,321,290,31,296,285,11,3,2,1,2,1,1,22,3,19,4,1,3
Rural,State - ARUNACHAL PRADESH,Sikh,35-39,138,120,18,120,113,7,6,3,3,3,1,2,12,4,8,2,2,0
Rural,State - ARUNACHAL PRADESH,Sikh,40-49,217,190,27,189,177,12,7,3,4,1,0,1,21,10,11,2,0,2
Rural,State - ARUNACHAL PRADESH,Sikh,50-59,50,40,10,42,36,6,5,3,2,2,1,1,3,1,2,0,0,0
Rural,State - ARUNACHAL PRADESH,Sikh,60-69,7,4,3,4,4,0,0,0,0,0,0,0,3,0,3,0,0,0
Rural,State - ARUNACHAL PRADESH,Sikh,70-79,5,4,1,1,1,0,0,0,0,0,0,0,4,3,1,0,0,0
Rural,State - ARUNACHAL PRADESH,Sikh,80+,5,4,1,3,3,0,0,0,0,0,0,0,2,1,1,0,0,0
Rural,State - ARUNACHAL PRADESH,Sikh,Age not stated,1,1,0,1,1,0,0,0,0,0,0,0,0,0,0,0,0,0
Rural,State - ARUNACHAL PRADESH,Sikh,15-59,1370,1198,172,1193,1135,58,38,21,17,15,7,8,139,42,97,22,8,14
Rural,State - ARUNACHAL PRADESH,Sikh,60+,17,12,5,8,8,0,0,0,0,0,0,0,9,4,5,0,0,0
Rural,State - ARUNACHAL PRADESH,Buddhist,Total,143726,71613,72113,50626,30567,20059,14375,5252,9123,4775,2141,2634,78725,35794,42931,5642,2325,3317
Rural,State - ARUNACHAL PRADESH,Buddhist,5-9,18656,9381,9275,86,40,46,140,63,77,23,13,10,18430,9278,9152,235,117,118
Rural,State - ARUNACHAL PRADESH,Buddhist,10-14,17964,8918,9046,494,256,238,782,348,434,176,83,93,16688,8314,8374,539,262,277
Rural,State - ARUNACHAL PRADESH,Buddhist,15-19,14444,7167,7277,2944,1577,1367,1848,797,1051,727,341,386,9652,4793,4859,1644,770,874
Rural,State - ARUNACHAL PRADESH,Buddhist,20-24,13036,6122,6914,6356,3422,2934,2219,804,1415,940,426,514,4461,1896,2565,1461,675,786
Rural,State - ARUNACHAL PRADESH,Buddhist,25-29,12685,6218,6467,8135,4829,3306,2169,755,1414,856,387,469,2381,634,1747,778,288,490
Rural,State - ARUNACHAL PRADESH,Buddhist,30-34,10339,5074,5265,7137,4318,2819,1636,521,1115,505,216,289,1566,235,1331,344,83,261
Rural,State - ARUNACHAL PRADESH,Buddhist,35-39,9237,4764,4473,6625,4157,2468,1354,470,884,419,180,239,1258,137,1121,249,32,217
Rural,State - ARUNACHAL PRADESH,Buddhist,40-49,12452,6349,6103,9014,5603,3411,1838,581,1257,531,231,300,1600,165,1435,180,28,152
Rural,State - ARUNACHAL PRADESH,Buddhist,50-59,8286,4244,4042,5626,3592,2034,1207,391,816,357,140,217,1453,261,1192,96,24,72
Rural,State - ARUNACHAL PRADESH,Buddhist,60-69,5860,2932,2928,3027,1955,1072,817,330,487,175,87,88,2016,647,1369,79,33,46
Rural,State - ARUNACHAL PRADESH,Buddhist,70-79,2759,1419,1340,907,640,267,277,152,125,45,25,20,1575,627,948,24,9,15
Rural,State - ARUNACHAL PRADESH,Buddhist,80+,1250,596,654,252,167,85,81,37,44,18,10,8,917,392,525,11,3,8
Rural,State - ARUNACHAL PRADESH,Buddhist,Age not stated,66,31,35,23,11,12,7,3,4,3,2,1,36,17,19,2,1,1
Rural,State - ARUNACHAL PRADESH,Buddhist,15-59,80479,39938,40541,45837,27498,18339,12271,4319,7952,4335,1921,2414,22371,8121,14250,4752,1900,2852
Rural,State - ARUNACHAL PRADESH,Buddhist,60+,9869,4947,4922,4186,2762,1424,1175,519,656,238,122,116,4508,1666,2842,114,45,69
Rural,State - ARUNACHAL PRADESH,Jain,Total,561,268,293,203,114,89,57,28,29,24,13,11,301,126,175,25,3,22
Rural,State - ARUNACHAL PRADESH,Jain,5-9,73,36,37,0,0,0,1,1,0,0,0,0,72,35,37,0,0,0
Rural,State - ARUNACHAL PRADESH,Jain,10-14,83,39,44,1,0,1,3,3,0,3,3,0,79,36,43,9,1,8
Rural,State - ARUNACHAL PRADESH,Jain,15-19,50,20,30,13,7,6,7,3,4,5,2,3,30,10,20,4,0,4
Rural,State - ARUNACHAL PRADESH,Jain,20-24,50,23,27,28,15,13,13,5,8,6,3,3,9,3,6,2,1,1
Rural,State - ARUNACHAL PRADESH,Jain,25-29,39,19,20,22,13,9,9,5,4,3,2,1,8,1,7,4,1,3
Rural,State - ARUNACHAL PRADESH,Jain,30-34,38,19,19,25,14,11,5,4,1,2,2,0,8,1,7,1,0,1
Rural,State - ARUNACHAL PRADESH,Jain,35-39,44,17,27,33,16,17,4,1,3,0,0,0,7,0,7,1,0,1
Rural,State - ARUNACHAL PRADESH,Jain,40-49,60,31,29,44,27,17,7,3,4,3,1,2,9,1,8,3,0,3
Rural,State - ARUNACHAL PRADESH,Jain,50-59,30,16,14,24,14,10,4,2,2,1,0,1,2,0,2,0,0,0
Rural,State - ARUNACHAL PRADESH,Jain,60-69,19,9,10,8,5,3,3,1,2,0,0,0,8,3,5,1,0,1
Rural,State - ARUNACHAL PRADESH,Jain,70-79,7,1,6,2,1,1,1,0,1,1,0,1,4,0,4,0,0,0
Rural,State - ARUNACHAL PRADESH,Jain,80+,4,2,2,3,2,1,0,0,0,0,0,0,1,0,1,0,0,0
Rural,State - ARUNACHAL PRADESH,Jain,Age not stated,0,0,0,0,0,0,0,0,0,0,0,0,0,0,0,0,0,0
Rural,State - ARUNACHAL PRADESH,Jain,15-59,311,145,166,189,106,83,49,23,26,20,10,10,73,16,57,15,2,13
Rural,State - ARUNACHAL PRADESH,Jain,60+,30,12,18,13,8,5,4,1,3,1,0,1,13,3,10,1,0,1
Rural,State - ARUNACHAL PRADESH,Other religious communities,Total,297021,148506,148515,103510,54789,48721,25587,11742,13845,9775,4761,5014,167924,81975,85949,19961,9884,10077
Rural,State - ARUNACHAL PRADESH,Other religious communities,5-9,36953,18865,18088,412,225,187,1019,509,510,196,105,91,35522,18131,17391,891,435,456
Rural,State - ARUNACHAL PRADESH,Other religious communities,10-14,40492,20664,19828,921,432,489,2298,1174,1124,469,249,220,37273,19058,18215,1909,1028,881
Rural,State - ARUNACHAL PRADESH,Other religious communities,15-19,34142,17222,16920,2930,1302,1628,3229,1594,1635,1246,596,650,27983,14326,13657,6139,3168,2971
Rural,State - ARUNACHAL PRADESH,Other religious communities,20-24,26988,12985,14003,8756,3906,4850,3519,1620,1899,1769,862,907,14713,7459,7254,5336,2755,2581
Rural,State - ARUNACHAL PRADESH,Other religious communities,25-29,23668,11327,12341,13783,6776,7007,3335,1531,1804,1677,834,843,6550,3020,3530,2753,1410,1343
Rural,State - ARUNACHAL PRADESH,Other religious communities,30-34,20152,9920,10232,14447,7700,6747,2588,1105,1483,1204,593,611,3117,1115,2002,1068,473,595
Rural,State - ARUNACHAL PRADESH,Other religious communities,35-39,18574,8842,9732,14125,7353,6772,2293,946,1347,962,435,527,2156,543,1613,683,238,445
Rural,State - ARUNACHAL PRADESH,Other religious communities,40-49,30124,14976,15148,23740,12932,10808,3524,1436,2088,1206,537,669,2860,608,2252,600,181,419
Rural,State - ARUNACHAL PRADESH,Other religious communities,50-59,18037,9339,8698,13842,7835,6007,2107,992,1115,666,339,327,2088,512,1576,279,86,193
Rural,State - ARUNACHAL PRADESH,Other religious communities,60-69,11978,6111,5867,7713,4501,3212,1158,578,580,273,163,110,3107,1032,2075,191,61,130
Rural,State - ARUNACHAL PRADESH,Other religious communities,70-79,4579,2390,2189,2095,1386,709,358,178,180,65,32,33,2126,826,1300,73,32,41
Rural,State - ARUNACHAL PRADESH,Other religious communities,80+,1858,954,904,646,394,252,129,66,63,27,12,15,1083,494,589,27,12,15
Rural,State - ARUNACHAL PRADESH,Other religious communities,Age not stated,293,157,136,100,47,53,30,13,17,15,4,11,163,97,66,12,5,7
Rural,State - ARUNACHAL PRADESH,Other religious communities,15-59,171685,84611,87074,91623,47804,43819,20595,9224,11371,8730,4196,4534,59467,27583,31884,16858,8311,8547
Rural,State - ARUNACHAL PRADESH,Other religious communities,60+,18415,9455,8960,10454,6281,4173,1645,822,823,365,207,158,6316,2352,3964,291,105,186
Urban,State - ARUNACHAL PRADESH,All religious communities,Total,317369,167901,149468,101333,77180,24153,16009,8303,7706,7407,4022,3385,200027,82418,117609,25413,10033,15380
Urban,State - ARUNACHAL PRADESH,All religious communities,5-9,32775,16462,16313,185,89,96,676,339,337,249,128,121,31914,16034,15880,696,345,351
Urban,State - ARUNACHAL PRADESH,All religious communities,10-14,39333,19459,19874,662,343,319,1128,509,619,430,206,224,37543,18607,18936,1565,727,838
Urban,State - ARUNACHAL PRADESH,All religious communities,15-19,39904,19712,20192,3062,1983,1079,2055,1060,995,1068,539,529,34787,16669,18118,6114,2831,3283
Urban,State - ARUNACHAL PRADESH,All religious communities,20-24,33805,17010,16795,9685,7169,2516,2651,1374,1277,1603,850,753,21469,8467,13002,7602,3316,4286
Urban,State - ARUNACHAL PRADESH,All religious communities,25-29,32783,17392,15391,17267,12724,4543,2558,1364,1194,1400,767,633,12958,3304,9654,4393,1617,2776
Urban,State - ARUNACHAL PRADESH,All religious communities,30-34,26879,14456,12423,16576,12243,4333,1872,963,909,854,464,390,8431,1250,7181,2006,516,1490
Urban,State - ARUNACHAL PRADESH,All religious communities,35-39,25243,13385,11858,15914,11778,4136,1682,825,857,719,380,339,7647,782,6865,1388,245,1143
Urban,State - ARUNACHAL PRADESH,All religious communities,40-49,36759,21938,14821,24850,19778,5072,2094,1093,1001,727,450,277,9815,1067,8748,1134,245,889
Urban,State - ARUNACHAL PRADESH,All religious communities,50-59,15188,10034,5154,10499,8872,1627,826,490,336,233,154,79,3863,672,3191,290,80,210
Urban,State - ARUNACHAL PRADESH,All religious communities,60-69,4810,2720,2090,1887,1589,298,294,180,114,76,56,20,2629,951,1678,139,67,72
Urban,State - ARUNACHAL PRADESH,All religious communities,70-79,1480,751,729,367,310,57,88,59,29,23,16,7,1025,382,643,31,17,14
Urban,State - ARUNACHAL PRADESH,All religious communities,80+,988,513,475,273,216,57,60,27,33,19,7,12,655,270,385,39,20,19
Urban,State - ARUNACHAL PRADESH,All religious communities,Age not stated,316,198,118,106,86,20,25,20,5,6,5,1,185,92,93,16,7,9
Urban,State - ARUNACHAL PRADESH,All religious communities,15-59,210561,113927,96634,97853,74547,23306,13738,7169,6569,6604,3604,3000,98970,32211,66759,22927,8850,14077
Urban,State - ARUNACHAL PRADESH,All religious communities,60+,7278,3984,3294,2527,2115,412,442,266,176,118,79,39,4309,1603,2706,209,104,105
Urban,State - ARUNACHAL PRADESH,Hindu,Total,145149,82814,62335,55241,46412,8829,6858,3909,2949,3218,1831,1387,83050,32493,50557,9612,3608,6004
Urban,State - ARUNACHAL PRADESH,Hindu,5-9,12879,6544,6335,78,40,38,232,110,122,86,40,46,12569,6394,6175,250,123,127
Urban,State - ARUNACHAL PRADESH,Hindu,10-14,15502,8029,7473,372,208,164,410,199,211,164,83,81,14720,7622,7098,550,285,265
Urban,State - ARUNACHAL PRADESH,Hindu,15-19,15454,8076,7378,1769,1279,490,891,520,371,449,257,192,12794,6277,6517,2135,1029,1106
Urban,State - ARUNACHAL PRADESH,Hindu,20-24,15547,8637,6910,5619,4730,889,1188,706,482,739,434,305,8740,3201,5539,2892,1282,1610
Urban,State - ARUNACHAL PRADESH,Hindu,25-29,15806,9402,6404,9042,7625,1417,1066,619,447,565,321,244,5698,1158,4540,1595,532,1063
Urban,State - ARUNACHAL PRADESH,Hindu,30-34,13260,7807,5453,8283,6911,1372,811,449,362,368,194,174,4166,447,3719,840,147,693
Urban,State - ARUNACHAL PRADESH,Hindu,35-39,12449,7111,5338,7878,6496,1382,698,358,340,304,155,149,3873,257,3616,594,61,533
Urban,State - ARUNACHAL PRADESH,Hindu,40-49,20419,12778,7641,13962,11866,2096,955,532,423,356,219,137,5502,380,5122,529,70,459
Urban,State - ARUNACHAL PRADESH,Hindu,50-59,9176,6478,2698,6744,5927,817,403,265,138,127,83,44,2029,286,1743,134,31,103
Urban,State - ARUNACHAL PRADESH,Hindu,60-69,2402,1520,882,1083,972,111,133,99,34,38,32,6,1186,449,737,64,32,32
Urban,State - ARUNACHAL PRADESH,Hindu,70-79,735,403,332,199,179,20,42,32,10,17,12,5,494,192,302,7,2,5
Urban,State - ARUNACHAL PRADESH,Hindu,80+,502,294,208,160,134,26,21,12,9,5,1,4,321,148,173,17,10,7
Urban,State - ARUNACHAL PRADESH,Hindu,Age not stated,124,84,40,52,45,7,8,8,0,0,0,0,64,31,33,5,4,1
Urban,State - ARUNACHAL PRADESH,Hindu,15-59,102111,60289,41822,53297,44834,8463,6012,3449,2563,2908,1663,1245,42802,12006,30796,8719,3152,5567
Urban,State - ARUNACHAL PRADESH,Hindu,60+,3639,2217,1422,1442,1285,157,196,143,53,60,45,15,2001,789,1212,88,44,44
Urban,State - ARUNACHAL PRADESH,Muslim,Total,14557,8338,6219,4882,4354,528,1321,786,535,523,346,177,8354,3198,5156,799,270,529
Urban,State - ARUNACHAL PRADESH,Muslim,5-9,1573,762,811,13,9,4,32,12,20,20,8,12,1528,741,787,18,14,4
Urban,State - ARUNACHAL PRADESH,Muslim,10-14,1530,819,711,57,48,9,54,26,28,22,11,11,1419,745,674,48,21,27
Urban,State - ARUNACHAL PRADESH,Muslim,15-19,1598,938,660,345,310,35,141,102,39,78,54,24,1112,526,586,189,93,96
Urban,State - ARUNACHAL PRADESH,Muslim,20-24,1722,989,733,687,625,62,227,140,87,117,75,42,808,224,584,242,88,154
Urban,State - ARUNACHAL PRADESH,Muslim,25-29,1705,1039,666,893,814,79,215,133,82,90,66,24,597,92,505,134,32,102
Urban,State - ARUNACHAL PRADESH,Muslim,30-34,1232,714,518,675,592,83,148,88,60,43,31,12,409,34,375,58,5,53
Urban,State - ARUNACHAL PRADESH,Muslim,35-39,1217,693,524,652,579,73,168,94,74,66,36,30,397,20,377,52,1,51
Urban,State - ARUNACHAL PRADESH,Muslim,40-49,1603,1031,572,979,862,117,229,127,102,60,43,17,395,42,353,39,6,33
Urban,State - ARUNACHAL PRADESH,Muslim,50-59,652,465,187,453,399,54,76,43,33,20,16,4,123,23,100,10,5,5
Urban,State - ARUNACHAL PRADESH,Muslim,60-69,181,119,62,92,84,8,17,11,6,4,3,1,72,24,48,6,5,1
Urban,State - ARUNACHAL PRADESH,Muslim,70-79,41,25,16,17,16,1,6,5,1,0,0,0,18,4,14,0,0,0
Urban,State - ARUNACHAL PRADESH,Muslim,80+,45,22,23,13,11,2,6,4,2,3,3,0,26,7,19,3,0,3
Urban,State - ARUNACHAL PRADESH,Muslim,Age not stated,19,9,10,6,5,1,2,1,1,0,0,0,11,3,8,0,0,0
Urban,State - ARUNACHAL PRADESH,Muslim,15-59,9729,5869,3860,4684,4181,503,1204,727,477,474,321,153,3841,961,2880,724,230,494
Urban,State - ARUNACHAL PRADESH,Muslim,60+,267,166,101,122,111,11,29,20,9,7,6,1,116,35,81,9,5,4
Urban,State - ARUNACHAL PRADESH,Christian,Total,69552,33588,35964,16688,10648,6040,3865,1814,2051,1860,953,907,48999,21126,27873,6622,2704,3918
Urban,State - ARUNACHAL PRADESH,Christian,5-9,8776,4357,4419,52,21,31,257,134,123,92,49,43,8467,4202,4265,209,95,114
Urban,State - ARUNACHAL PRADESH,Christian,10-14,10341,4927,5414,126,46,80,398,180,218,152,73,79,9817,4701,5116,422,197,225
Urban,State - ARUNACHAL PRADESH,Christian,15-19,10097,4704,5393,498,189,309,508,210,298,288,118,170,9091,4305,4786,1765,820,945
Urban,State - ARUNACHAL PRADESH,Christian,20-24,7160,3157,4003,1552,826,726,569,231,338,335,147,188,5039,2100,2939,1927,816,1111
Urban,State - ARUNACHAL PRADESH,Christian,25-29,6519,2898,3621,2983,1758,1225,609,299,310,358,193,165,2927,841,2086,1092,425,667
Urban,State - ARUNACHAL PRADESH,Christian,30-34,5150,2367,2783,2926,1817,1109,464,219,245,231,128,103,1760,331,1429,495,160,335
Urban,State - ARUNACHAL PRADESH,Christian,35-39,4780,2284,2496,2893,1865,1028,412,208,204,179,109,70,1475,211,1264,341,76,265
Urban,State - ARUNACHAL PRADESH,Christian,40-49,6058,3356,2702,4023,2873,1150,402,198,204,152,89,63,1633,285,1348,250,75,175
Urban,State - ARUNACHAL PRADESH,Christian,50-59,2138,1251,887,1312,1018,294,151,85,66,43,30,13,675,148,527,70,20,50
Urban,State - ARUNACHAL PRADESH,Christian,60-69,798,356,442,220,159,61,55,29,26,18,10,8,523,168,355,33,13,20
Urban,State - ARUNACHAL PRADESH,Christian,70-79,233,96,137,48,37,11,16,10,6,3,3,0,169,49,120,8,4,4
Urban,State - ARUNACHAL PRADESH,Christian,80+,168,74,94,37,25,12,15,4,11,5,0,5,116,45,71,7,3,4
Urban,State - ARUNACHAL PRADESH,Christian,Age not stated,72,46,26,18,14,4,9,7,2,4,4,0,45,25,20,3,0,3
Urban,State - ARUNACHAL PRADESH,Christian,15-59,41902,20017,21885,16187,10346,5841,3115,1450,1665,1586,814,772,22600,8221,14379,5940,2392,3548
Urban,State - ARUNACHAL PRADESH,Christian,60+,1199,526,673,305,221,84,86,43,43,26,13,13,808,262,546,48,20,28
Urban,State - ARUNACHAL PRADESH,Sikh,Total,1700,1482,218,1400,1370,30,27,18,9,15,11,4,273,94,179,30,9,21
Urban,State - ARUNACHAL PRADESH,Sikh,5-9,29,12,17,0,0,0,1,1,0,0,0,0,28,11,17,0,0,0
Urban,State - ARUNACHAL PRADESH,Sikh,10-14,37,21,16,0,0,0,0,0,0,0,0,0,37,21,16,0,0,0
Urban,State - ARUNACHAL PRADESH,Sikh,15-19,52,31,21,9,9,0,3,3,0,1,1,0,40,19,21,5,2,3
Urban,State - ARUNACHAL PRADESH,Sikh,20-24,215,180,35,171,169,2,4,3,1,3,2,1,40,8,32,10,0,10
Urban,State - ARUNACHAL PRADESH,Sikh,25-29,418,396,22,389,385,4,8,7,1,6,6,0,21,4,17,7,2,5
Urban,State - ARUNACHAL PRADESH,Sikh,30-34,462,451,11,449,448,1,2,1,1,0,0,0,11,2,9,2,1,1
Urban,State - ARUNACHAL PRADESH,Sikh,35-39,172,145,27,148,141,7,5,1,4,2,0,2,19,3,16,4,2,2
Urban,State - ARUNACHAL PRADESH,Sikh,40-49,199,175,24,178,169,9,3,2,1,3,2,1,18,4,14,2,2,0
Urban,State - ARUNACHAL PRADESH,Sikh,50-59,44,34,10,37,31,6,0,0,0,0,0,0,7,3,4,0,0,0
Urban,State - ARUNACHAL PRADESH,Sikh,60-69,10,6,4,4,4,0,1,0,1,0,0,0,5,2,3,0,0,0
Urban,State - ARUNACHAL PRADESH,Sikh,70-79,5,2,3,1,1,0,0,0,0,0,0,0,4,1,3,0,0,0
Urban,State - ARUNACHAL PRADESH,Sikh,80+,11,9,2,10,9,1,0,0,0,0,0,0,1,0,1,0,0,0
Urban,State - ARUNACHAL PRADESH,Sikh,Age not stated,4,4,0,4,4,0,0,0,0,0,0,0,0,0,0,0,0,0
Urban,State - ARUNACHAL PRADESH,Sikh,15-59,1562,1412,150,1381,1352,29,25,17,8,15,11,4,156,43,113,30,9,21
Urban,State - ARUNACHAL PRADESH,Sikh,60+,26,17,9,15,14,1,1,0,1,0,0,0,10,3,7,0,0,0
Urban,State - ARUNACHAL PRADESH,Buddhist,Total,19089,9375,9714,6311,4140,2171,764,324,440,269,132,137,12014,4911,7103,1416,495,921
Urban,State - ARUNACHAL PRADESH,Buddhist,5-9,1981,972,1009,9,6,3,13,7,6,1,0,1,1959,959,1000,24,14,10
Urban,State - ARUNACHAL PRADESH,Buddhist,10-14,2363,1174,1189,29,12,17,51,23,28,9,6,3,2283,1139,1144,53,25,28
Urban,State - ARUNACHAL PRADESH,Buddhist,15-19,2293,1072,1221,151,71,80,116,50,66,37,19,18,2026,951,1075,320,108,212
Urban,State - ARUNACHAL PRADESH,Buddhist,20-24,1974,885,1089,508,280,228,150,70,80,67,35,32,1316,535,781,482,216,266
Urban,State - ARUNACHAL PRADESH,Buddhist,25-29,1941,869,1072,1044,635,409,128,65,63,58,30,28,769,169,600,279,83,196
Urban,State - ARUNACHAL PRADESH,Buddhist,30-34,1616,782,834,1066,689,377,70,22,48,29,9,20,480,71,409,118,27,91
Urban,State - ARUNACHAL PRADESH,Buddhist,35-39,1655,796,859,1166,742,424,76,23,53,27,7,20,413,31,382,74,13,61
Urban,State - ARUNACHAL PRADESH,Buddhist,40-49,2070,1123,947,1474,1033,441,86,32,54,28,18,10,510,58,452,49,4,45
Urban,State - ARUNACHAL PRADESH,Buddhist,50-59,916,536,380,603,468,135,39,18,21,7,5,2,274,50,224,8,3,5
Urban,State - ARUNACHAL PRADESH,Buddhist,60-69,451,242,209,188,148,40,20,8,12,5,3,2,243,86,157,7,1,6
Urban,State - ARUNACHAL PRADESH,Buddhist,70-79,191,100,91,48,38,10,10,5,5,0,0,0,133,57,76,0,0,0
Urban,State - ARUNACHAL PRADESH,Buddhist,80+,105,40,65,20,14,6,3,0,3,0,0,0,82,26,56,0,0,0
Urban,State - ARUNACHAL PRADESH,Buddhist,Age not stated,17,12,5,5,4,1,2,1,1,1,0,1,10,7,3,2,1,1
Urban,State - ARUNACHAL PRADESH,Buddhist,15-59,12465,6063,6402,6012,3918,2094,665,280,385,253,123,130,5788,1865,3923,1330,454,876
Urban,State - ARUNACHAL PRADESH,Buddhist,60+,747,382,365,256,200,56,33,13,20,5,3,2,458,169,289,7,1,6
Urban,State - ARUNACHAL PRADESH,Jain,Total,210,103,107,50,36,14,21,11,10,8,5,3,139,56,83,19,8,11
Urban,State - ARUNACHAL PRADESH,Jain,5-9,15,8,7,0,0,0,1,0,1,0,0,0,14,8,6,0,0,0
Urban,State - ARUNACHAL PRADESH,Jain,10-14,23,8,15,0,0,0,1,1,0,1,1,0,22,7,15,2,0,2
Urban,State - ARUNACHAL PRADESH,Jain,15-19,32,17,15,3,1,2,7,3,4,4,2,2,22,13,9,8,4,4
Urban,State - ARUNACHAL PRADESH,Jain,20-24,18,7,11,0,0,0,3,1,2,0,0,0,15,6,9,4,2,2
Urban,State - ARUNACHAL PRADESH,Jain,25-29,20,8,12,8,5,3,2,1,1,2,1,1,10,2,8,3,2,1
Urban,State - ARUNACHAL PRADESH,Jain,30-34,14,6,8,6,5,1,1,0,1,0,0,0,7,1,6,1,0,1
Urban,State - ARUNACHAL PRADESH,Jain,35-39,19,10,9,12,8,4,1,1,0,0,0,0,6,1,5,0,0,0
Urban,State - ARUNACHAL PRADESH,Jain,40-49,30,18,12,16,14,2,3,3,0,1,1,0,11,1,10,0,0,0
Urban,State - ARUNACHAL PRADESH,Jain,50-59,10,4,6,4,3,1,2,1,1,0,0,0,4,0,4,1,0,1
Urban,State - ARUNACHAL PRADESH,Jain,60-69,6,4,2,1,0,1,0,0,0,0,0,0,5,4,1,0,0,0
Urban,State - ARUNACHAL PRADESH,Jain,70-79,1,1,0,0,0,0,0,0,0,0,0,0,1,1,0,0,0,0
Urban,State - ARUNACHAL PRADESH,Jain,80+,1,0,1,0,0,0,0,0,0,0,0,0,1,0,1,0,0,0
Urban,State - ARUNACHAL PRADESH,Jain,Age not stated,0,0,0,0,0,0,0,0,0,0,0,0,0,0,0,0,0,0
Urban,State - ARUNACHAL PRADESH,Jain,15-59,143,70,73,49,36,13,19,10,9,7,4,3,75,24,51,17,8,9
Urban,State - ARUNACHAL PRADESH,Jain,60+,8,5,3,1,0,1,0,0,0,0,0,0,7,5,2,0,0,0
Urban,State - ARUNACHAL PRADESH,Other religious communities,Total,65532,31538,33994,16571,10111,6460,3064,1410,1654,1480,728,752,45897,20017,25880,6730,2863,3867
Urban,State - ARUNACHAL PRADESH,Other religious communities,5-9,7271,3699,3572,32,13,19,136,72,64,48,29,19,7103,3614,3489,184,95,89
Urban,State - ARUNACHAL PRADESH,Other religious communities,10-14,9273,4376,4897,76,28,48,205,79,126,79,31,48,8992,4269,4723,474,189,285
Urban,State - ARUNACHAL PRADESH,Other religious communities,15-19,10129,4764,5365,277,118,159,380,167,213,206,87,119,9472,4479,4993,1647,754,893
Urban,State - ARUNACHAL PRADESH,Other religious communities,20-24,6985,3078,3907,1125,525,600,496,218,278,335,153,182,5364,2335,3029,2002,896,1106
Urban,State - ARUNACHAL PRADESH,Other religious communities,25-29,6231,2718,3513,2860,1473,1387,512,234,278,313,146,167,2859,1011,1848,1247,528,719
Urban,State - ARUNACHAL PRADESH,Other religious communities,30-34,5082,2302,2780,3144,1764,1380,362,179,183,177,100,77,1576,359,1217,479,171,308
Urban,State - ARUNACHAL PRADESH,Other religious communities,35-39,4891,2328,2563,3140,1938,1202,313,137,176,140,72,68,1438,253,1185,315,90,225
Urban,State - ARUNACHAL PRADESH,Other religious communities,40-49,6306,3432,2874,4184,2940,1244,409,198,211,126,78,48,1713,294,1419,258,86,172
Urban,State - ARUNACHAL PRADESH,Other religious communities,50-59,2234,1260,974,1339,1023,316,153,78,75,36,20,16,742,159,583,62,19,43
Urban,State - ARUNACHAL PRADESH,Other religious communities,60-69,949,468,481,293,219,74,66,32,34,10,7,3,590,217,373,28,15,13
Urban,State - ARUNACHAL PRADESH,Other religious communities,70-79,269,124,145,54,39,15,14,7,7,3,1,2,201,78,123,16,11,5
Urban,State - ARUNACHAL PRADESH,Other religious communities,80+,150,73,77,32,22,10,15,7,8,6,3,3,103,44,59,12,7,5
Urban,State - ARUNACHAL PRADESH,Other religious communities,Age not stated,67,36,31,15,9,6,3,2,1,1,1,0,49,25,24,6,2,4
Urban,State - ARUNACHAL PRADESH,Other religious communities,15-59,41858,19882,21976,16069,9781,6288,2625,1211,1414,1333,656,677,23164,8890,14274,6010,2544,3466
Urban,State - ARUNACHAL PRADESH,Other religious communities,60+,1368,665,703,379,280,99,95,46,49,19,11,8,894,339,555,56,33,23
Total,State - NAGALAND,All religious communities,Total,1978502,1024649,953853,741179,442204,298975,232943,105153,127790,70081,35503,34578,1004380,477292,527088,101242,48436,52806
Total,State - NAGALAND,All religious communities,5-9,233099,120647,112452,2038,1075,963,12227,6243,5984,1300,691,609,218834,113329,105505,5075,2670,2405
Total,State - NAGALAND,All religious communities,10-14,248671,129237,119434,9024,4878,4146,40501,20810,19691,5178,2730,2448,199146,103549,95597,8790,4627,4163
Total,State - NAGALAND,All religious communities,15-19,229622,117994,111628,36900,20660,16240,47838,24485,23353,14597,7889,6708,144884,72849,72035,24304,12465,11839
Total,State - NAGALAND,All religious communities,20-24,204363,103769,100594,79150,45567,33583,37543,18245,19298,18175,9586,8589,87670,39957,47713,29906,14833,15073
Total,State - NAGALAND,All religious communities,25-29,176901,89598,87303,104202,61680,42522,26640,11443,15197,12979,6485,6494,46059,16475,29584,18287,8514,9773
Total,State - NAGALAND,All religious communities,30-34,149924,76505,73419,105747,63753,41994,18279,6737,11542,7324,3534,3790,25898,6015,19883,7537,2938,4599
Total,State - NAGALAND,All religious communities,35-39,128198,64695,63503,96865,57564,39301,13624,4333,9291,4344,1814,2530,17709,2798,14911,3365,1054,2311
Total,State - NAGALAND,All religious communities,40-49,197008,105410,91598,158217,96893,61324,17153,5293,11860,3722,1647,2075,21638,3224,18414,2249,618,1631
Total,State - NAGALAND,All religious communities,50-59,109257,59875,49382,86130,52956,33174,8989,3001,5988,1408,617,791,14138,3918,10220,780,264,516
Total,State - NAGALAND,All religious communities,60-69,60762,32484,28278,40328,23475,16853,6034,2547,3487,690,335,355,14400,6462,7938,610,292,318
Total,State - NAGALAND,All religious communities,70-79,28158,14895,13263,16292,9688,6604,2775,1298,1477,230,109,121,9091,3909,5182,190,91,99
Total,State - NAGALAND,All religious communities,80+,13806,7400,6406,5796,3699,2097,1166,626,540,101,53,48,6844,3075,3769,110,50,60
Total,State - NAGALAND,All religious communities,Age not stated,1471,849,622,490,316,174,174,92,82,33,13,20,807,441,366,39,20,19
Total,State - NAGALAND,All religious communities,15-59,1195273,617846,577427,667211,399073,268138,170066,73537,96529,62549,31572,30977,357996,145236,212760,86428,40686,45742
Total,State - NAGALAND,All religious communities,60+,102726,54779,47947,62416,36862,25554,9975,4471,5504,1021,497,524,30335,13446,16889,910,433,477
Total,State - NAGALAND,Hindu,Total,173054,104851,68203,75700,65046,10654,10188,5342,4846,3670,2184,1486,87166,34463,52703,7906,3060,4846
Total,State - NAGALAND,Hindu,5-9,16550,8703,7847,87,51,36,366,195,171,94,50,44,16097,8457,7640,435,237,198
Total,State - NAGALAND,Hindu,10-14,16303,8749,7554,543,387,156,1067,599,468,262,150,112,14693,7763,6930,706,365,341
Total,State - NAGALAND,Hindu,15-19,15319,8770,6549,3260,2668,592,1447,879,568,635,388,247,10612,5223,5389,1780,919,861
Total,State - NAGALAND,Hindu,20-24,18386,11028,7358,9067,7710,1357,1624,855,769,770,438,332,7695,2463,5232,2091,859,1232
Total,State - NAGALAND,Hindu,25-29,20247,12689,7558,12928,11139,1789,1401,688,713,565,317,248,5918,862,5056,1331,382,949
Total,State - NAGALAND,Hindu,30-34,16948,10696,6252,11420,9828,1592,1092,518,574,418,260,158,4436,350,4086,658,128,530
Total,State - NAGALAND,Hindu,35-39,15446,9786,5660,10722,9174,1548,935,405,530,327,184,143,3789,207,3582,437,71,366
Total,State - NAGALAND,Hindu,40-49,23222,16248,6974,17457,15270,2187,1332,679,653,383,249,134,4433,299,4134,303,44,259
Total,State - NAGALAND,Hindu,50-59,10160,7110,3050,7402,6446,956,573,303,270,145,98,47,2185,361,1824,98,31,67
Total,State - NAGALAND,Hindu,60-69,3869,2433,1436,2075,1741,334,246,152,94,50,39,11,1548,540,1008,44,16,28
Total,State - NAGALAND,Hindu,70-79,1363,806,557,510,441,69,71,48,23,12,8,4,782,317,465,16,4,12
Total,State - NAGALAND,Hindu,80+,607,335,272,206,170,36,24,16,8,3,2,1,377,149,228,5,2,3
Total,State - NAGALAND,Hindu,Age not stated,71,46,25,23,21,2,10,5,5,6,1,5,38,20,18,2,2,0
Total,State - NAGALAND,Hindu,15-59,119728,76327,43401,72256,62235,10021,8404,4327,4077,3243,1934,1309,39068,9765,29303,6698,2434,4264
Total,State - NAGALAND,Hindu,60+,5839,3574,2265,2791,2352,439,341,216,125,65,49,16,2707,1006,1701,65,22,43
Total,State - NAGALAND,Muslim,Total,48963,28527,20436,17632,14494,3138,5336,2758,2578,1743,1059,684,25995,11275,14720,1587,634,953
Total,State - NAGALAND,Muslim,5-9,6895,3559,3336,56,32,24,230,113,117,64,36,28,6609,3414,3195,193,104,89
Total,State - NAGALAND,Muslim,10-14,5406,2962,2444,332,249,83,693,378,315,180,104,76,4381,2335,2046,249,129,120
Total,State - NAGALAND,Muslim,15-19,4809,2937,1872,1578,1294,284,930,574,356,353,229,124,2301,1069,1232,349,166,183
Total,State - NAGALAND,Muslim,20-24,5167,3003,2164,2639,2176,463,805,420,385,341,200,141,1723,407,1316,323,120,203
Total,State - NAGALAND,Muslim,25-29,5138,3080,2058,3074,2562,512,718,351,367,256,146,110,1346,167,1179,211,59,152
Total,State - NAGALAND,Muslim,30-34,3955,2403,1552,2516,2050,466,576,262,314,169,101,68,863,91,772,118,29,89
Total,State - NAGALAND,Muslim,35-39,3468,2154,1314,2340,1910,430,469,206,263,144,90,54,659,38,621,68,9,59
Total,State - NAGALAND,Muslim,40-49,4281,2856,1425,3081,2539,542,565,257,308,145,92,53,635,60,575,42,9,33
Total,State - NAGALAND,Muslim,50-59,1803,1251,552,1320,1110,210,201,104,97,59,39,20,282,37,245,20,4,16
Total,State - NAGALAND,Muslim,60-69,776,535,241,462,387,75,108,69,39,26,19,7,206,79,127,9,4,5
Total,State - NAGALAND,Muslim,70-79,290,183,107,162,130,32,28,16,12,4,2,2,100,37,63,2,0,2
Total,State - NAGALAND,Muslim,80+,142,80,62,65,49,16,10,5,5,2,1,1,67,26,41,2,0,2
Total,State - NAGALAND,Muslim,Age not stated,27,17,10,7,6,1,3,3,0,0,0,0,17,8,9,1,1,0
Total,State - NAGALAND,Muslim,15-59,28621,17684,10937,16548,13641,2907,4264,2174,2090,1467,897,570,7809,1869,5940,1131,396,735
Total,State - NAGALAND,Muslim,60+,1208,798,410,689,566,123,146,90,56,32,22,10,373,142,231,13,4,9
Total,State - NAGALAND,Christian,Total,1739651,881927,857724,641420,358114,283306,215764,96244,119520,64200,32011,32189,882467,427569,454898,91109,44433,46676
Total,State - NAGALAND,Christian,5-9,207691,107355,100336,1880,982,898,11550,5894,5656,1127,594,533,194261,100479,93782,4414,2308,2106
Total,State - NAGALAND,Christian,10-14,224905,116451,108454,8079,4200,3879,38398,19652,18746,4696,2457,2239,178428,92599,85829,7781,4105,3676
Total,State - NAGALAND,Christian,15-19,207652,105327,102325,31756,16515,15241,45086,22828,22258,13505,7215,6290,130810,65984,64826,21994,11286,10708
Total,State - NAGALAND,Christian,20-24,179116,88730,90386,66646,35109,31537,34870,16847,18023,16961,8890,8071,77600,36774,40826,27317,13760,13557
Total,State - NAGALAND,Christian,25-29,149940,72868,77072,87214,47229,39985,24355,10325,14030,12073,5976,6097,38371,15314,23057,16640,8023,8617
Total,State - NAGALAND,Christian,30-34,127736,62602,65134,90863,51146,39717,16501,5916,10585,6692,3152,3540,20372,5540,14832,6719,2769,3950
Total,State - NAGALAND,Christian,35-39,108284,52186,56098,83058,45951,37107,12153,3698,8455,3853,1533,2320,13073,2537,10536,2844,972,1872
Total,State - NAGALAND,Christian,40-49,167869,85368,82501,136426,78219,58207,15140,4316,10824,3162,1288,1874,16303,2833,13470,1885,559,1326
Total,State - NAGALAND,Christian,50-59,96377,51009,45368,76704,44930,31774,8172,2574,5598,1193,474,719,11501,3505,7996,653,228,425
Total,State - NAGALAND,Christian,60-69,55520,29191,26329,37407,21091,16316,5624,2297,3327,608,274,334,12489,5803,6686,553,271,282
Total,State - NAGALAND,Christian,70-79,26227,13761,12466,15482,9027,6455,2640,1218,1422,208,97,111,8105,3516,4589,170,87,83
Total,State - NAGALAND,Christian,80+,12926,6911,6015,5468,3441,2027,1121,601,520,96,50,46,6337,2869,3468,103,48,55
Total,State - NAGALAND,Christian,Age not stated,1310,747,563,437,274,163,154,78,76,26,11,15,719,395,324,36,17,19
Total,State - NAGALAND,Christian,15-59,1036974,518090,518884,572667,319099,253568,156277,66504,89773,57439,28528,28911,308030,132487,175543,78052,37597,40455
Total,State - NAGALAND,Christian,60+,94673,49863,44810,58357,33559,24798,9385,4116,5269,912,421,491,26931,12188,14743,826,406,420
Total,State - NAGALAND,Sikh,Total,1890,1531,359,1403,1343,60,50,25,25,22,8,14,437,163,274,57,23,34
Total,State - NAGALAND,Sikh,5-9,89,49,40,0,0,0,2,1,1,0,0,0,87,48,39,3,3,0
Total,State - NAGALAND,Sikh,10-14,69,39,30,6,5,1,3,1,2,1,0,1,60,33,27,7,4,3
Total,State - NAGALAND,Sikh,15-19,53,32,21,17,15,2,5,4,1,2,1,1,31,13,18,6,4,2
Total,State - NAGALAND,Sikh,20-24,279,242,37,237,230,7,13,5,8,6,3,3,29,7,22,10,6,4
Total,State - NAGALAND,Sikh,25-29,404,352,52,354,345,9,5,2,3,3,1,2,45,5,40,13,3,10
Total,State - NAGALAND,Sikh,30-34,387,346,41,349,339,10,9,4,5,5,2,3,29,3,26,9,1,8
Total,State - NAGALAND,Sikh,35-39,181,156,25,159,154,5,5,2,3,4,1,3,17,0,17,3,0,3
Total,State - NAGALAND,Sikh,40-49,242,208,34,215,202,13,4,3,1,1,0,1,23,3,20,4,2,2
Total,State - NAGALAND,Sikh,50-59,51,28,23,37,28,9,0,0,0,0,0,0,14,0,14,1,0,1
Total,State - NAGALAND,Sikh,60-69,36,24,12,19,17,2,4,3,1,0,0,0,13,4,9,1,0,1
Total,State - NAGALAND,Sikh,70-79,12,7,5,5,4,1,0,0,0,0,0,0,7,3,4,0,0,0
Total,State - NAGALAND,Sikh,80+,6,5,1,5,4,1,0,0,0,0,0,0,1,1,0,0,0,0
Total,State - NAGALAND,Sikh,Age not stated,0,0,0,0,0,0,0,0,0,0,0,0,0,0,0,0,0,0
Total,State - NAGALAND,Sikh,15-59,1597,1364,233,1368,1313,55,41,20,21,21,8,13,188,31,157,46,16,30
Total,State - NAGALAND,Sikh,60+,54,36,18,29,25,4,4,3,1,0,0,0,21,8,13,1,0,1
Total,State - NAGALAND,Buddhist,Total,6759,3513,3246,2003,1259,744,793,399,394,223,116,107,3963,1855,2108,305,144,161
Total,State - NAGALAND,Buddhist,5-9,954,505,449,6,4,2,42,22,20,9,6,3,906,479,427,18,11,7
Total,State - NAGALAND,Buddhist,10-14,1081,552,529,35,21,14,217,116,101,25,10,15,829,415,414,23,8,15
Total,State - NAGALAND,Buddhist,15-19,859,437,422,125,76,49,192,112,80,48,29,19,542,249,293,95,46,49
Total,State - NAGALAND,Buddhist,20-24,665,362,303,271,173,98,103,52,51,48,27,21,291,137,154,89,44,45
Total,State - NAGALAND,Buddhist,25-29,575,304,271,314,199,115,81,39,42,45,23,22,180,66,114,45,25,20
Total,State - NAGALAND,Buddhist,30-34,373,184,189,259,157,102,39,12,27,17,6,11,75,15,60,15,5,10
Total,State - NAGALAND,Buddhist,35-39,306,156,150,225,140,85,28,11,17,6,2,4,53,5,48,7,1,6
Total,State - NAGALAND,Buddhist,40-49,496,259,237,387,240,147,45,14,31,14,7,7,64,5,59,6,2,4
Total,State - NAGALAND,Buddhist,50-59,314,182,132,246,168,78,20,8,12,9,5,4,48,6,42,3,1,2
Total,State - NAGALAND,Buddhist,60-69,162,83,79,101,60,41,13,7,6,1,1,0,48,16,32,2,1,1
Total,State - NAGALAND,Buddhist,70-79,58,28,30,24,14,10,9,5,4,1,0,1,25,9,16,2,0,2
Total,State - NAGALAND,Buddhist,80+,30,14,16,10,7,3,2,0,2,0,0,0,18,7,11,0,0,0
Total,State - NAGALAND,Buddhist,Age not stated,7,4,3,0,0,0,2,1,1,0,0,0,5,3,2,0,0,0
Total,State - NAGALAND,Buddhist,15-59,3588,1884,1704,1827,1153,674,508,248,260,187,99,88,1253,483,770,260,124,136
Total,State - NAGALAND,Buddhist,60+,250,125,125,135,81,54,24,12,12,2,1,1,91,32,59,4,1,3
Total,State - NAGALAND,Jain,Total,2655,1373,1282,884,735,149,116,56,60,26,16,10,1655,582,1073,92,32,60
Total,State - NAGALAND,Jain,5-9,229,115,114,2,2,0,7,4,3,2,1,1,220,109,111,5,3,2
Total,State - NAGALAND,Jain,10-14,256,136,120,4,4,0,24,14,10,5,3,2,228,118,110,4,2,2
Total,State - NAGALAND,Jain,15-19,228,121,107,18,10,8,16,10,6,3,2,1,194,101,93,15,6,9
Total,State - NAGALAND,Jain,20-24,205,98,107,51,31,20,13,7,6,4,2,2,141,60,81,23,12,11
Total,State - NAGALAND,Jain,25-29,227,113,114,96,81,15,13,6,7,4,3,1,118,26,92,22,6,16
Total,State - NAGALAND,Jain,30-34,218,109,109,122,101,21,6,2,4,0,0,0,90,6,84,12,3,9
Total,State - NAGALAND,Jain,35-39,213,106,107,117,96,21,8,3,5,2,2,0,88,7,81,3,0,3
Total,State - NAGALAND,Jain,40-49,389,205,184,224,186,38,16,5,11,2,1,1,149,14,135,3,0,3
Total,State - NAGALAND,Jain,50-59,235,134,101,147,128,19,2,1,1,1,1,0,86,5,81,5,0,5
Total,State - NAGALAND,Jain,60-69,150,78,72,73,68,5,6,2,4,2,1,1,71,8,63,0,0,0
Total,State - NAGALAND,Jain,70-79,61,30,31,22,21,1,3,2,1,1,0,1,36,7,29,0,0,0
Total,State - NAGALAND,Jain,80+,26,13,13,7,7,0,2,0,2,0,0,0,17,6,11,0,0,0
Total,State - NAGALAND,Jain,Age not stated,2,0,2,1,0,1,0,0,0,0,0,0,1,0,1,0,0,0
Total,State - NAGALAND,Jain,15-59,1715,886,829,775,633,142,74,34,40,16,11,5,866,219,647,83,27,56
Total,State - NAGALAND,Jain,60+,237,121,116,102,96,6,11,4,7,3,1,2,124,21,103,0,0,0
Total,State - NAGALAND,Other religious communities,Total,3214,1620,1594,1468,761,707,431,199,232,103,56,47,1315,660,655,81,50,31
Total,State - NAGALAND,Other religious communities,5-9,389,194,195,4,2,2,15,9,6,2,2,0,370,183,187,5,3,2
Total,State - NAGALAND,Other religious communities,10-14,365,195,170,14,6,8,72,34,38,6,3,3,279,155,124,11,8,3
Total,State - NAGALAND,Other religious communities,15-19,391,198,193,98,52,46,111,51,60,29,10,19,182,95,87,32,19,13
Total,State - NAGALAND,Other religious communities,20-24,293,157,136,158,82,76,68,35,33,23,17,6,67,40,27,16,10,6
Total,State - NAGALAND,Other religious communities,25-29,204,106,98,143,74,69,32,15,17,16,9,7,29,17,12,10,9,1
Total,State - NAGALAND,Other religious communities,30-34,179,89,90,144,76,68,28,12,16,11,6,5,7,1,6,3,1,2
Total,State - NAGALAND,Other religious communities,35-39,183,89,94,165,87,78,9,1,8,3,1,2,9,1,8,1,0,1
Total,State - NAGALAND,Other religious communities,40-49,328,157,171,286,144,142,28,10,18,8,6,2,14,3,11,3,0,3
Total,State - NAGALAND,Other religious communities,50-59,229,105,124,201,96,105,15,6,9,1,0,1,13,3,10,0,0,0
Total,State - NAGALAND,Other religious communities,60-69,199,112,87,159,91,68,25,15,10,0,0,0,15,6,9,0,0,0
Total,State - NAGALAND,Other religious communities,70-79,112,56,56,64,34,30,23,8,15,4,2,2,25,14,11,0,0,0
Total,State - NAGALAND,Other religious communities,80+,47,25,22,28,15,13,5,3,2,0,0,0,14,7,7,0,0,0
Total,State - NAGALAND,Other religious communities,Age not stated,5,3,2,4,2,2,0,0,0,0,0,0,1,1,0,0,0,0
Total,State - NAGALAND,Other religious communities,15-59,1807,901,906,1195,611,584,291,130,161,91,49,42,321,160,161,65,39,26
Total,State - NAGALAND,Other religious communities,60+,358,193,165,251,140,111,53,26,27,4,2,2,54,27,27,0,0,0
Rural,State - NAGALAND,All religious communities,Total,1407536,725472,682064,567674,316384,251290,192686,87528,105158,56120,28390,27730,647176,321560,325616,53719,26631,27088
Rural,State - NAGALAND,All religious communities,5-9,173624,90120,83504,1747,911,836,11123,5678,5445,1005,528,477,160754,83531,77223,3109,1630,1479
Rural,State - NAGALAND,All religious communities,10-14,181149,94658,86491,7914,4163,3751,37376,19186,18190,4531,2391,2140,135859,71309,64550,5214,2730,2484
Rural,State - NAGALAND,All religious communities,15-19,161926,83359,78567,31921,17002,14919,42655,21755,20900,12668,6833,5835,87350,44602,42748,14448,7508,6940
Rural,State - NAGALAND,All religious communities,20-24,139581,70944,68637,62958,33990,28968,31179,15213,15966,14979,7917,7062,45444,21741,23703,15878,8125,7753
Rural,State - NAGALAND,All religious communities,25-29,117131,58588,58543,76089,41525,34564,20471,8772,11699,10117,5077,5040,20571,8291,12280,8510,4140,4370
Rural,State - NAGALAND,All religious communities,30-34,100492,50782,49710,76550,43009,33541,13359,4767,8592,5365,2559,2806,10583,3006,7577,3370,1398,1972
Rural,State - NAGALAND,All religious communities,35-39,87170,43067,44103,70769,38822,31947,9594,2886,6708,3024,1205,1819,6807,1359,5448,1451,472,979
Rural,State - NAGALAND,All religious communities,40-49,137374,71855,65519,117382,66844,50538,11890,3429,8461,2592,1091,1501,8102,1582,6520,924,296,628
Rural,State - NAGALAND,All religious communities,50-59,79269,42274,36995,66886,38399,28487,6624,2090,4534,992,390,602,5759,1785,3974,310,95,215
Rural,State - NAGALAND,All religious communities,60-69,47140,24828,22312,34932,19475,15457,4808,1988,2820,536,248,288,7400,3365,4035,310,140,170
Rural,State - NAGALAND,All religious communities,70-79,22982,12156,10826,14848,8650,6198,2426,1130,1296,192,91,101,5708,2376,3332,103,50,53
Rural,State - NAGALAND,All religious communities,80+,11163,6128,5035,5233,3313,1920,1030,556,474,88,47,41,4900,2259,2641,59,28,31
Rural,State - NAGALAND,All religious communities,Age not stated,1274,732,542,445,281,164,151,78,73,31,13,18,678,373,305,33,19,14
Rural,State - NAGALAND,All religious communities,15-59,822943,420869,402074,502555,279591,222964,135772,58912,76860,49737,25072,24665,184616,82366,102250,44891,22034,22857
Rural,State - NAGALAND,All religious communities,60+,81285,43112,38173,55013,31438,23575,8264,3674,4590,816,386,430,18008,8000,10008,472,218,254
Rural,State - NAGALAND,Hindu,Total,62934,38453,24481,29901,23823,6078,5253,2348,2905,1832,1024,808,27780,12282,15498,2108,898,1210
Rural,State - NAGALAND,Hindu,5-9,6589,3478,3111,40,23,17,209,112,97,43,23,20,6340,3343,2997,168,90,78
Rural,State - NAGALAND,Hindu,10-14,6636,3577,3059,264,163,101,712,380,332,161,89,72,5660,3034,2626,275,143,132
Rural,State - NAGALAND,Hindu,15-19,5743,3283,2460,1589,1193,396,800,443,357,335,199,136,3354,1647,1707,532,282,250
Rural,State - NAGALAND,Hindu,20-24,6876,4299,2577,4071,3257,814,839,386,453,400,218,182,1966,656,1310,534,225,309
Rural,State - NAGALAND,Hindu,25-29,7146,4697,2449,5184,4210,974,725,299,426,298,155,143,1237,188,1049,269,78,191
Rural,State - NAGALAND,Hindu,30-34,5649,3582,2067,4244,3338,906,496,172,324,176,97,79,909,72,837,140,31,109
Rural,State - NAGALAND,Hindu,35-39,5194,3343,1851,3990,3172,818,429,122,307,142,74,68,775,49,726,95,19,76
Rural,State - NAGALAND,Hindu,40-49,7856,5565,2291,6466,5260,1206,595,228,367,179,109,70,795,77,718,60,19,41
Rural,State - NAGALAND,Hindu,50-59,3448,2367,1081,2765,2204,561,261,101,160,57,32,25,422,62,360,19,5,14
Rural,State - NAGALAND,Hindu,60-69,1359,873,486,913,690,223,128,69,59,26,19,7,318,114,204,7,1,6
Rural,State - NAGALAND,Hindu,70-79,517,328,189,262,219,43,40,26,14,7,6,1,215,83,132,5,1,4
Rural,State - NAGALAND,Hindu,80+,242,148,94,98,81,17,13,8,5,3,2,1,131,59,72,2,2,0
Rural,State - NAGALAND,Hindu,Age not stated,42,28,14,15,13,2,6,2,4,5,1,4,21,13,8,2,2,0
Rural,State - NAGALAND,Hindu,15-59,41912,27136,14776,28309,22634,5675,4145,1751,2394,1587,884,703,9458,2751,6707,1649,659,990
Rural,State - NAGALAND,Hindu,60+,2118,1349,769,1273,990,283,181,103,78,36,27,9,664,256,408,14,4,10
Rural,State - NAGALAND,Muslim,Total,23007,12723,10284,8270,5947,2323,3044,1316,1728,767,431,336,11693,5460,6233,571,239,332
Rural,State - NAGALAND,Muslim,5-9,3728,1885,1843,37,20,17,142,77,65,29,20,9,3549,1788,1761,105,50,55
Rural,State - NAGALAND,Muslim,10-14,2857,1567,1290,181,118,63,491,267,224,105,61,44,2185,1182,1003,132,66,66
Rural,State - NAGALAND,Muslim,15-19,2240,1278,962,793,561,232,573,315,258,195,115,80,874,402,472,125,57,68
Rural,State - NAGALAND,Muslim,20-24,2082,1129,953,1200,837,363,429,181,248,152,85,67,453,111,342,84,29,55
Rural,State - NAGALAND,Muslim,25-29,1988,1106,882,1309,930,379,373,133,240,105,54,51,306,43,263,66,21,45
Rural,State - NAGALAND,Muslim,30-34,1560,853,707,1071,747,324,290,85,205,63,32,31,199,21,178,32,9,23
Rural,State - NAGALAND,Muslim,35-39,1477,854,623,1088,768,320,244,81,163,45,24,21,145,5,140,16,2,14
Rural,State - NAGALAND,Muslim,40-49,1921,1160,761,1448,1066,382,290,76,214,39,24,15,183,18,165,5,3,2
Rural,State - NAGALAND,Muslim,50-59,925,623,302,706,560,146,125,47,78,19,7,12,94,16,78,3,0,3
Rural,State - NAGALAND,Muslim,60-69,412,285,127,271,213,58,62,38,24,12,7,5,79,34,45,2,1,1
Rural,State - NAGALAND,Muslim,70-79,196,122,74,121,94,27,19,11,8,2,2,0,56,17,39,0,0,0
Rural,State - NAGALAND,Muslim,80+,75,45,30,40,29,11,4,3,1,1,0,1,31,13,18,0,0,0
Rural,State - NAGALAND,Muslim,Age not stated,19,12,7,5,4,1,2,2,0,0,0,0,12,6,6,1,1,0
Rural,State - NAGALAND,Muslim,15-59,12193,7003,5190,7615,5469,2146,2324,918,1406,618,341,277,2254,616,1638,331,121,210
Rural,State - NAGALAND,Muslim,60+,683,452,231,432,336,96,85,52,33,15,9,6,166,64,102,2,1,1
Rural,State - NAGALAND,Christian,Total,1310838,668171,642667,525153,283749,241404,183058,83198,99860,53155,26745,26410,602627,301224,301403,50703,25301,25402
Rural,State - NAGALAND,Christian,5-9,161917,84027,77890,1657,859,798,10706,5456,5250,921,476,445,149554,77712,71842,2814,1477,1337
Rural,State - NAGALAND,Christian,10-14,170198,88729,81469,7406,3844,3562,35867,18375,17492,4231,2225,2006,126925,66510,60415,4770,2504,2266
Rural,State - NAGALAND,Christian,15-19,152662,78110,74552,29263,15083,14180,40955,20826,20129,12055,6478,5577,82444,42201,40243,13667,7096,6571
Rural,State - NAGALAND,Christian,20-24,129501,64808,64693,57063,29450,27613,29712,14542,15170,14349,7569,6780,42726,20816,21910,15175,7817,7358
Rural,State - NAGALAND,Christian,25-29,107123,52234,54889,68991,35957,33034,19246,8280,10966,9648,4834,4814,18886,7997,10889,8138,4017,4121
Rural,State - NAGALAND,Christian,30-34,92537,45838,46699,70614,38461,32153,12503,4481,8022,5090,2412,2678,9420,2896,6524,3183,1351,1832
Rural,State - NAGALAND,Christian,35-39,79958,38543,41415,65221,34574,30647,8878,2666,6212,2823,1102,1721,5859,1303,4556,1334,450,884
Rural,State - NAGALAND,Christian,40-49,126697,64607,62090,108675,60033,48642,10935,3096,7839,2349,944,1405,7087,1478,5609,854,272,582
Rural,State - NAGALAND,Christian,50-59,74393,39006,35387,62972,35378,27594,6208,1928,4280,910,348,562,5213,1700,3513,286,89,197
Rural,State - NAGALAND,Christian,60-69,45003,23466,21537,33472,18410,15062,4576,1860,2716,493,220,273,6955,3196,3759,298,137,161
Rural,State - NAGALAND,Christian,70-79,22082,11606,10476,14361,8273,6088,2333,1079,1254,177,81,96,5388,2254,3134,97,49,48
Rural,State - NAGALAND,Christian,80+,10755,5884,4871,5051,3174,1877,1003,541,462,84,45,39,4701,2169,2532,57,26,31
Rural,State - NAGALAND,Christian,Age not stated,1161,659,502,407,253,154,136,68,68,25,11,14,618,338,280,30,16,14
Rural,State - NAGALAND,Christian,15-59,762871,383146,379725,462799,248936,213863,128437,55819,72618,47224,23687,23537,171635,78391,93244,42637,21092,21545
Rural,State - NAGALAND,Christian,60+,77840,40956,36884,52884,29857,23027,7912,3480,4432,754,346,408,17044,7619,9425,452,212,240
Rural,State - NAGALAND,Sikh,Total,1116,999,117,968,933,35,30,15,15,12,5,7,118,51,67,13,6,7
Rural,State - NAGALAND,Sikh,5-9,36,20,16,0,0,0,2,1,1,0,0,0,34,19,15,0,0,0
Rural,State - NAGALAND,Sikh,10-14,23,13,10,6,5,1,3,1,2,1,0,1,14,7,7,1,0,1
Rural,State - NAGALAND,Sikh,15-19,25,19,6,13,11,2,3,3,0,0,0,0,9,5,4,3,2,1
Rural,State - NAGALAND,Sikh,20-24,210,198,12,196,191,5,8,4,4,4,3,1,6,3,3,2,2,0
Rural,State - NAGALAND,Sikh,25-29,250,236,14,237,233,4,5,2,3,3,1,2,8,1,7,1,1,0
Rural,State - NAGALAND,Sikh,30-34,273,259,14,262,257,5,4,1,3,2,0,2,7,1,6,3,0,3
Rural,State - NAGALAND,Sikh,35-39,113,106,7,107,104,3,3,2,1,2,1,1,3,0,3,2,0,2
Rural,State - NAGALAND,Sikh,40-49,129,119,10,125,117,8,1,1,0,0,0,0,3,1,2,1,1,0
Rural,State - NAGALAND,Sikh,50-59,14,8,6,13,8,5,0,0,0,0,0,0,1,0,1,0,0,0
Rural,State - NAGALAND,Sikh,60-69,11,5,6,5,4,1,1,0,1,0,0,0,5,1,4,0,0,0
Rural,State - NAGALAND,Sikh,70-79,3,2,1,1,1,0,0,0,0,0,0,0,2,1,1,0,0,0
Rural,State - NAGALAND,Sikh,80+,4,3,1,3,2,1,0,0,0,0,0,0,1,1,0,0,0,0
Rural,State - NAGALAND,Sikh,Age not stated,0,0,0,0,0,0,0,0,0,0,0,0,0,0,0,0,0,0
Rural,State - NAGALAND,Sikh,15-59,1014,945,69,953,921,32,24,13,11,11,5,6,37,11,26,12,6,6
Rural,State - NAGALAND,Sikh,60+,18,10,8,9,7,2,1,0,1,0,0,0,8,3,5,0,0,0
Rural,State - NAGALAND,Buddhist,Total,4478,2385,2093,1274,759,515,624,327,297,166,80,86,2580,1299,1281,161,87,74
Rural,State - NAGALAND,Buddhist,5-9,721,383,338,5,4,1,35,19,16,8,6,2,681,360,321,13,8,5
Rural,State - NAGALAND,Buddhist,10-14,818,429,389,31,18,13,197,107,90,24,10,14,590,304,286,18,6,12
Rural,State - NAGALAND,Buddhist,15-19,593,317,276,113,70,43,165,93,72,35,18,17,315,154,161,60,34,26
Rural,State - NAGALAND,Buddhist,20-24,405,231,174,187,123,64,79,41,38,34,18,16,139,67,72,35,20,15
Rural,State - NAGALAND,Buddhist,25-29,293,143,150,162,85,77,57,26,31,32,14,18,74,32,42,20,11,9
Rural,State - NAGALAND,Buddhist,30-34,188,96,92,134,76,58,20,9,11,11,5,6,34,11,23,8,5,3
Rural,State - NAGALAND,Buddhist,35-39,161,83,78,132,74,58,18,8,10,5,1,4,11,1,10,2,1,1
Rural,State - NAGALAND,Buddhist,40-49,274,152,122,243,143,100,20,8,12,10,4,6,11,1,10,0,0,0
Rural,State - NAGALAND,Buddhist,50-59,186,112,74,158,103,55,13,6,7,5,3,2,15,3,12,2,1,1
Rural,State - NAGALAND,Buddhist,60-69,108,57,51,78,44,34,8,4,4,1,1,0,22,9,13,2,1,1
Rural,State - NAGALAND,Buddhist,70-79,46,22,24,22,13,9,9,5,4,1,0,1,15,4,11,1,0,1
Rural,State - NAGALAND,Buddhist,80+,23,10,13,9,6,3,1,0,1,0,0,0,13,4,9,0,0,0
Rural,State - NAGALAND,Buddhist,Age not stated,7,4,3,0,0,0,2,1,1,0,0,0,5,3,2,0,0,0
Rural,State - NAGALAND,Buddhist,15-59,2100,1134,966,1129,674,455,372,191,181,132,63,69,599,269,330,127,72,55
Rural,State - NAGALAND,Buddhist,60+,177,89,88,109,63,46,18,9,9,2,1,1,50,17,33,3,1,2
Rural,State - NAGALAND,Jain,Total,421,230,191,181,105,76,65,34,31,11,6,5,175,91,84,19,9,10
Rural,State - NAGALAND,Jain,5-9,44,22,22,1,1,0,5,2,3,1,0,1,38,19,19,4,2,2
Rural,State - NAGALAND,Jain,10-14,61,40,21,4,4,0,20,12,8,2,1,1,37,24,13,3,1,2
Rural,State - NAGALAND,Jain,15-19,54,31,23,12,7,5,14,8,6,2,1,1,28,16,12,7,3,4
Rural,State - NAGALAND,Jain,20-24,45,22,23,25,11,14,9,5,4,1,1,0,11,6,5,4,3,1
Rural,State - NAGALAND,Jain,25-29,24,14,10,15,9,6,5,3,2,2,2,0,4,2,2,0,0,0
Rural,State - NAGALAND,Jain,30-34,29,16,13,27,16,11,1,0,1,0,0,0,1,0,1,1,0,1
Rural,State - NAGALAND,Jain,35-39,18,11,7,16,10,6,1,1,0,1,1,0,1,0,1,0,0,0
Rural,State - NAGALAND,Jain,40-49,53,22,31,44,20,24,4,2,2,0,0,0,5,0,5,0,0,0
Rural,State - NAGALAND,Jain,50-59,23,16,7,23,16,7,0,0,0,0,0,0,0,0,0,0,0,0
Rural,State - NAGALAND,Jain,60-69,12,8,4,9,8,1,2,0,2,1,0,1,1,0,1,0,0,0
Rural,State - NAGALAND,Jain,70-79,5,3,2,3,2,1,2,1,1,1,0,1,0,0,0,0,0,0
Rural,State - NAGALAND,Jain,80+,5,1,4,1,1,0,2,0,2,0,0,0,2,0,2,0,0,0
Rural,State - NAGALAND,Jain,Age not stated,1,0,1,1,0,1,0,0,0,0,0,0,0,0,0,0,0,0
Rural,State - NAGALAND,Jain,15-59,246,132,114,162,89,73,34,19,15,6,5,1,50,24,26,12,6,6
Rural,State - NAGALAND,Jain,60+,22,12,10,13,11,2,6,1,5,2,0,2,3,0,3,0,0,0
Rural,State - NAGALAND,Other religious communities,Total,2997,1514,1483,1395,724,671,389,180,209,96,52,44,1213,610,603,74,47,27
Rural,State - NAGALAND,Other religious communities,5-9,368,183,185,4,2,2,11,6,5,1,1,0,353,175,178,5,3,2
Rural,State - NAGALAND,Other religious communities,10-14,339,180,159,13,6,7,61,29,32,4,2,2,265,145,120,10,7,3
Rural,State - NAGALAND,Other religious communities,15-19,366,185,181,95,51,44,99,44,55,28,10,18,172,90,82,32,19,13
Rural,State - NAGALAND,Other religious communities,20-24,269,142,127,151,79,72,64,34,30,22,16,6,54,29,25,14,9,5
Rural,State - NAGALAND,Other religious communities,25-29,190,99,91,136,71,65,31,14,17,15,8,7,23,14,9,8,8,0
Rural,State - NAGALAND,Other religious communities,30-34,166,83,83,139,71,68,23,11,12,11,6,5,4,1,3,1,1,0
Rural,State - NAGALAND,Other religious communities,35-39,168,83,85,156,82,74,8,1,7,2,1,1,4,0,4,1,0,1
Rural,State - NAGALAND,Other religious communities,40-49,305,145,160,270,133,137,25,9,16,8,6,2,10,3,7,3,0,3
Rural,State - NAGALAND,Other religious communities,50-59,213,100,113,189,91,98,15,6,9,1,0,1,9,3,6,0,0,0
Rural,State - NAGALAND,Other religious communities,60-69,191,110,81,155,89,66,24,15,9,0,0,0,12,6,6,0,0,0
Rural,State - NAGALAND,Other religious communities,70-79,104,53,51,58,32,26,23,8,15,4,2,2,23,13,10,0,0,0
Rural,State - NAGALAND,Other religious communities,80+,40,22,18,25,15,10,5,3,2,0,0,0,10,4,6,0,0,0
Rural,State - NAGALAND,Other religious communities,Age not stated,5,3,2,4,2,2,0,0,0,0,0,0,1,1,0,0,0,0
Rural,State - NAGALAND,Other religious communities,15-59,1677,837,840,1136,578,558,265,119,146,87,47,40,276,140,136,59,37,22
Rural,State - NAGALAND,Other religious communities,60+,335,185,150,238,136,102,52,26,26,4,2,2,45,23,22,0,0,0
Urban,State - NAGALAND,All religious communities,Total,570966,299177,271789,173505,125820,47685,40257,17625,22632,13961,7113,6848,357204,155732,201472,47523,21805,25718
Urban,State - NAGALAND,All religious communities,5-9,59475,30527,28948,291,164,127,1104,565,539,295,163,132,58080,29798,28282,1966,1040,926
Urban,State - NAGALAND,All religious communities,10-14,67522,34579,32943,1110,715,395,3125,1624,1501,647,339,308,63287,32240,31047,3576,1897,1679
Urban,State - NAGALAND,All religious communities,15-19,67696,34635,33061,4979,3658,1321,5183,2730,2453,1929,1056,873,57534,28247,29287,9856,4957,4899
Urban,State - NAGALAND,All religious communities,20-24,64782,32825,31957,16192,11577,4615,6364,3032,3332,3196,1669,1527,42226,18216,24010,14028,6708,7320
Urban,State - NAGALAND,All religious communities,25-29,59770,31010,28760,28113,20155,7958,6169,2671,3498,2862,1408,1454,25488,8184,17304,9777,4374,5403
Urban,State - NAGALAND,All religious communities,30-34,49432,25723,23709,29197,20744,8453,4920,1970,2950,1959,975,984,15315,3009,12306,4167,1540,2627
Urban,State - NAGALAND,All religious communities,35-39,41028,21628,19400,26096,18742,7354,4030,1447,2583,1320,609,711,10902,1439,9463,1914,582,1332
Urban,State - NAGALAND,All religious communities,40-49,59634,33555,26079,40835,30049,10786,5263,1864,3399,1130,556,574,13536,1642,11894,1325,322,1003
Urban,State - NAGALAND,All religious communities,50-59,29988,17601,12387,19244,14557,4687,2365,911,1454,416,227,189,8379,2133,6246,470,169,301
Urban,State - NAGALAND,All religious communities,60-69,13622,7656,5966,5396,4000,1396,1226,559,667,154,87,67,7000,3097,3903,300,152,148
Urban,State - NAGALAND,All religious communities,70-79,5176,2739,2437,1444,1038,406,349,168,181,38,18,20,3383,1533,1850,87,41,46
Urban,State - NAGALAND,All religious communities,80+,2643,1272,1371,563,386,177,136,70,66,13,6,7,1944,816,1128,51,22,29
Urban,State - NAGALAND,All religious communities,Age not stated,197,117,80,45,35,10,23,14,9,2,0,2,129,68,61,6,1,5
Urban,State - NAGALAND,All religious communities,15-59,372330,196977,175353,164656,119482,45174,34294,14625,19669,12812,6500,6312,173380,62870,110510,41537,18652,22885
Urban,State - NAGALAND,All religious communities,60+,21441,11667,9774,7403,5424,1979,1711,797,914,205,111,94,12327,5446,6881,438,215,223
Urban,State - NAGALAND,Hindu,Total,110120,66398,43722,45799,41223,4576,4935,2994,1941,1838,1160,678,59386,22181,37205,5798,2162,3636
Urban,State - NAGALAND,Hindu,5-9,9961,5225,4736,47,28,19,157,83,74,51,27,24,9757,5114,4643,267,147,120
Urban,State - NAGALAND,Hindu,10-14,9667,5172,4495,279,224,55,355,219,136,101,61,40,9033,4729,4304,431,222,209
Urban,State - NAGALAND,Hindu,15-19,9576,5487,4089,1671,1475,196,647,436,211,300,189,111,7258,3576,3682,1248,637,611
Urban,State - NAGALAND,Hindu,20-24,11510,6729,4781,4996,4453,543,785,469,316,370,220,150,5729,1807,3922,1557,634,923
Urban,State - NAGALAND,Hindu,25-29,13101,7992,5109,7744,6929,815,676,389,287,267,162,105,4681,674,4007,1062,304,758
Urban,State - NAGALAND,Hindu,30-34,11299,7114,4185,7176,6490,686,596,346,250,242,163,79,3527,278,3249,518,97,421
Urban,State - NAGALAND,Hindu,35-39,10252,6443,3809,6732,6002,730,506,283,223,185,110,75,3014,158,2856,342,52,290
Urban,State - NAGALAND,Hindu,40-49,15366,10683,4683,10991,10010,981,737,451,286,204,140,64,3638,222,3416,243,25,218
Urban,State - NAGALAND,Hindu,50-59,6712,4743,1969,4637,4242,395,312,202,110,88,66,22,1763,299,1464,79,26,53
Urban,State - NAGALAND,Hindu,60-69,2510,1560,950,1162,1051,111,118,83,35,24,20,4,1230,426,804,37,15,22
Urban,State - NAGALAND,Hindu,70-79,846,478,368,248,222,26,31,22,9,5,2,3,567,234,333,11,3,8
Urban,State - NAGALAND,Hindu,80+,365,187,178,108,89,19,11,8,3,0,0,0,246,90,156,3,0,3
Urban,State - NAGALAND,Hindu,Age not stated,29,18,11,8,8,0,4,3,1,1,0,1,17,7,10,0,0,0
Urban,State - NAGALAND,Hindu,15-59,77816,49191,28625,43947,39601,4346,4259,2576,1683,1656,1050,606,29610,7014,22596,5049,1775,3274
Urban,State - NAGALAND,Hindu,60+,3721,2225,1496,1518,1362,156,160,113,47,29,22,7,2043,750,1293,51,18,33
Urban,State - NAGALAND,Muslim,Total,25956,15804,10152,9362,8547,815,2292,1442,850,976,628,348,14302,5815,8487,1016,395,621
Urban,State - NAGALAND,Muslim,5-9,3167,1674,1493,19,12,7,88,36,52,35,16,19,3060,1626,1434,88,54,34
Urban,State - NAGALAND,Muslim,10-14,2549,1395,1154,151,131,20,202,111,91,75,43,32,2196,1153,1043,117,63,54
Urban,State - NAGALAND,Muslim,15-19,2569,1659,910,785,733,52,357,259,98,158,114,44,1427,667,760,224,109,115
Urban,State - NAGALAND,Muslim,20-24,3085,1874,1211,1439,1339,100,376,239,137,189,115,74,1270,296,974,239,91,148
Urban,State - NAGALAND,Muslim,25-29,3150,1974,1176,1765,1632,133,345,218,127,151,92,59,1040,124,916,145,38,107
Urban,State - NAGALAND,Muslim,30-34,2395,1550,845,1445,1303,142,286,177,109,106,69,37,664,70,594,86,20,66
Urban,State - NAGALAND,Muslim,35-39,1991,1300,691,1252,1142,110,225,125,100,99,66,33,514,33,481,52,7,45
Urban,State - NAGALAND,Muslim,40-49,2360,1696,664,1633,1473,160,275,181,94,106,68,38,452,42,410,37,6,31
Urban,State - NAGALAND,Muslim,50-59,878,628,250,614,550,64,76,57,19,40,32,8,188,21,167,17,4,13
Urban,State - NAGALAND,Muslim,60-69,364,250,114,191,174,17,46,31,15,14,12,2,127,45,82,7,3,4
Urban,State - NAGALAND,Muslim,70-79,94,61,33,41,36,5,9,5,4,2,0,2,44,20,24,2,0,2
Urban,State - NAGALAND,Muslim,80+,67,35,32,25,20,5,6,2,4,1,1,0,36,13,23,2,0,2
Urban,State - NAGALAND,Muslim,Age not stated,8,5,3,2,2,0,1,1,0,0,0,0,5,2,3,0,0,0
Urban,State - NAGALAND,Muslim,15-59,16428,10681,5747,8933,8172,761,1940,1256,684,849,556,293,5555,1253,4302,800,275,525
Urban,State - NAGALAND,Muslim,60+,525,346,179,257,230,27,61,38,23,17,13,4,207,78,129,11,3,8
Urban,State - NAGALAND,Christian,Total,428813,213756,215057,116267,74365,41902,32706,13046,19660,11045,5266,5779,279840,126345,153495,40406,19132,21274
Urban,State - NAGALAND,Christian,5-9,45774,23328,22446,223,123,100,844,438,406,206,118,88,44707,22767,21940,1600,831,769
Urban,State - NAGALAND,Christian,10-14,54707,27722,26985,673,356,317,2531,1277,1254,465,232,233,51503,26089,25414,3011,1601,1410
Urban,State - NAGALAND,Christian,15-19,54990,27217,27773,2493,1432,1061,4131,2002,2129,1450,737,713,48366,23783,24583,8327,4190,4137
Urban,State - NAGALAND,Christian,20-24,49615,23922,25693,9583,5659,3924,5158,2305,2853,2612,1321,1291,34874,15958,18916,12142,5943,6199
Urban,State - NAGALAND,Christian,25-29,42817,20634,22183,18223,11272,6951,5109,2045,3064,2425,1142,1283,19485,7317,12168,8502,4006,4496
Urban,State - NAGALAND,Christian,30-34,35199,16764,18435,20249,12685,7564,3998,1435,2563,1602,740,862,10952,2644,8308,3536,1418,2118
Urban,State - NAGALAND,Christian,35-39,28326,13643,14683,17837,11377,6460,3275,1032,2243,1030,431,599,7214,1234,5980,1510,522,988
Urban,State - NAGALAND,Christian,40-49,41172,20761,20411,27751,18186,9565,4205,1220,2985,813,344,469,9216,1355,7861,1031,287,744
Urban,State - NAGALAND,Christian,50-59,21984,12003,9981,13732,9552,4180,1964,646,1318,283,126,157,6288,1805,4483,367,139,228
Urban,State - NAGALAND,Christian,60-69,10517,5725,4792,3935,2681,1254,1048,437,611,115,54,61,5534,2607,2927,255,134,121
Urban,State - NAGALAND,Christian,70-79,4145,2155,1990,1121,754,367,307,139,168,31,16,15,2717,1262,1455,73,38,35
Urban,State - NAGALAND,Christian,80+,2171,1027,1144,417,267,150,118,60,58,12,5,7,1636,700,936,46,22,24
Urban,State - NAGALAND,Christian,Age not stated,149,88,61,30,21,9,18,10,8,1,0,1,101,57,44,6,1,5
Urban,State - NAGALAND,Christian,15-59,274103,134944,139159,109868,70163,39705,27840,10685,17155,10215,4841,5374,136395,54096,82299,35415,16505,18910
Urban,State - NAGALAND,Christian,60+,16833,8907,7926,5473,3702,1771,1473,636,837,158,75,83,9887,4569,5318,374,194,180
Urban,State - NAGALAND,Sikh,Total,774,532,242,435,410,25,20,10,10,10,3,7,319,112,207,44,17,27
Urban,State - NAGALAND,Sikh,5-9,53,29,24,0,0,0,0,0,0,0,0,0,53,29,24,3,3,0
Urban,State - NAGALAND,Sikh,10-14,46,26,20,0,0,0,0,0,0,0,0,0,46,26,20,6,4,2
Urban,State - NAGALAND,Sikh,15-19,28,13,15,4,4,0,2,1,1,2,1,1,22,8,14,3,2,1
Urban,State - NAGALAND,Sikh,20-24,69,44,25,41,39,2,5,1,4,2,0,2,23,4,19,8,4,4
Urban,State - NAGALAND,Sikh,25-29,154,116,38,117,112,5,0,0,0,0,0,0,37,4,33,12,2,10
Urban,State - NAGALAND,Sikh,30-34,114,87,27,87,82,5,5,3,2,3,2,1,22,2,20,6,1,5
Urban,State - NAGALAND,Sikh,35-39,68,50,18,52,50,2,2,0,2,2,0,2,14,0,14,1,0,1
Urban,State - NAGALAND,Sikh,40-49,113,89,24,90,85,5,3,2,1,1,0,1,20,2,18,3,1,2
Urban,State - NAGALAND,Sikh,50-59,37,20,17,24,20,4,0,0,0,0,0,0,13,0,13,1,0,1
Urban,State - NAGALAND,Sikh,60-69,25,19,6,14,13,1,3,3,0,0,0,0,8,3,5,1,0,1
Urban,State - NAGALAND,Sikh,70-79,9,5,4,4,3,1,0,0,0,0,0,0,5,2,3,0,0,0
Urban,State - NAGALAND,Sikh,80+,2,2,0,2,2,0,0,0,0,0,0,0,0,0,0,0,0,0
Urban,State - NAGALAND,Sikh,Age not stated,0,0,0,0,0,0,0,0,0,0,0,0,0,0,0,0,0,0
Urban,State - NAGALAND,Sikh,15-59,583,419,164,415,392,23,17,7,10,10,3,7,151,20,131,34,10,24
Urban,State - NAGALAND,Sikh,60+,36,26,10,20,18,2,3,3,0,0,0,0,13,5,8,1,0,1
Urban,State - NAGALAND,Buddhist,Total,2281,1128,1153,729,500,229,169,72,97,57,36,21,1383,556,827,144,57,87
Urban,State - NAGALAND,Buddhist,5-9,233,122,111,1,0,1,7,3,4,1,0,1,225,119,106,5,3,2
Urban,State - NAGALAND,Buddhist,10-14,263,123,140,4,3,1,20,9,11,1,0,1,239,111,128,5,2,3
Urban,State - NAGALAND,Buddhist,15-19,266,120,146,12,6,6,27,19,8,13,11,2,227,95,132,35,12,23
Urban,State - NAGALAND,Buddhist,20-24,260,131,129,84,50,34,24,11,13,14,9,5,152,70,82,54,24,30
Urban,State - NAGALAND,Buddhist,25-29,282,161,121,152,114,38,24,13,11,13,9,4,106,34,72,25,14,11
Urban,State - NAGALAND,Buddhist,30-34,185,88,97,125,81,44,19,3,16,6,1,5,41,4,37,7,0,7
Urban,State - NAGALAND,Buddhist,35-39,145,73,72,93,66,27,10,3,7,1,1,0,42,4,38,5,0,5
Urban,State - NAGALAND,Buddhist,40-49,222,107,115,144,97,47,25,6,19,4,3,1,53,4,49,6,2,4
Urban,State - NAGALAND,Buddhist,50-59,128,70,58,88,65,23,7,2,5,4,2,2,33,3,30,1,0,1
Urban,State - NAGALAND,Buddhist,60-69,54,26,28,23,16,7,5,3,2,0,0,0,26,7,19,0,0,0
Urban,State - NAGALAND,Buddhist,70-79,12,6,6,2,1,1,0,0,0,0,0,0,10,5,5,1,0,1
Urban,State - NAGALAND,Buddhist,80+,7,4,3,1,1,0,1,0,1,0,0,0,5,3,2,0,0,0
Urban,State - NAGALAND,Buddhist,Age not stated,0,0,0,0,0,0,0,0,0,0,0,0,0,0,0,0,0,0
Urban,State - NAGALAND,Buddhist,15-59,1488,750,738,698,479,219,136,57,79,55,36,19,654,214,440,133,52,81
Urban,State - NAGALAND,Buddhist,60+,73,36,37,26,18,8,6,3,3,0,0,0,41,15,26,1,0,1
Urban,State - NAGALAND,Jain,Total,2234,1143,1091,703,630,73,51,22,29,15,10,5,1480,491,989,73,23,50
Urban,State - NAGALAND,Jain,5-9,185,93,92,1,1,0,2,2,0,1,1,0,182,90,92,1,1,0
Urban,State - NAGALAND,Jain,10-14,195,96,99,0,0,0,4,2,2,3,2,1,191,94,97,1,1,0
Urban,State - NAGALAND,Jain,15-19,174,90,84,6,3,3,2,2,0,1,1,0,166,85,81,8,3,5
Urban,State - NAGALAND,Jain,20-24,160,76,84,26,20,6,4,2,2,3,1,2,130,54,76,19,9,10
Urban,State - NAGALAND,Jain,25-29,203,99,104,81,72,9,8,3,5,2,1,1,114,24,90,22,6,16
Urban,State - NAGALAND,Jain,30-34,189,93,96,95,85,10,5,2,3,0,0,0,89,6,83,11,3,8
Urban,State - NAGALAND,Jain,35-39,195,95,100,101,86,15,7,2,5,1,1,0,87,7,80,3,0,3
Urban,State - NAGALAND,Jain,40-49,336,183,153,180,166,14,12,3,9,2,1,1,144,14,130,3,0,3
Urban,State - NAGALAND,Jain,50-59,212,118,94,124,112,12,2,1,1,1,1,0,86,5,81,5,0,5
Urban,State - NAGALAND,Jain,60-69,138,70,68,64,60,4,4,2,2,1,1,0,70,8,62,0,0,0
Urban,State - NAGALAND,Jain,70-79,56,27,29,19,19,0,1,1,0,0,0,0,36,7,29,0,0,0
Urban,State - NAGALAND,Jain,80+,21,12,9,6,6,0,0,0,0,0,0,0,15,6,9,0,0,0
Urban,State - NAGALAND,Jain,Age not stated,1,0,1,0,0,0,0,0,0,0,0,0,1,0,1,0,0,0
Urban,State - NAGALAND,Jain,15-59,1469,754,715,613,544,69,40,15,25,10,6,4,816,195,621,71,21,50
Urban,State - NAGALAND,Jain,60+,215,109,106,89,85,4,5,3,2,1,1,0,121,21,100,0,0,0
Urban,State - NAGALAND,Other religious communities,Total,217,106,111,73,37,36,42,19,23,7,4,3,102,50,52,7,3,4
Urban,State - NAGALAND,Other religious communities,5-9,21,11,10,0,0,0,4,3,1,1,1,0,17,8,9,0,0,0
Urban,State - NAGALAND,Other religious communities,10-14,26,15,11,1,0,1,11,5,6,2,1,1,14,10,4,1,1,0
Urban,State - NAGALAND,Other religious communities,15-19,25,13,12,3,1,2,12,7,5,1,0,1,10,5,5,0,0,0
Urban,State - NAGALAND,Other religious communities,20-24,24,15,9,7,3,4,4,1,3,1,1,0,13,11,2,2,1,1
Urban,State - NAGALAND,Other religious communities,25-29,14,7,7,7,3,4,1,1,0,1,1,0,6,3,3,2,1,1
Urban,State - NAGALAND,Other religious communities,30-34,13,6,7,5,5,0,5,1,4,0,0,0,3,0,3,2,0,2
Urban,State - NAGALAND,Other religious communities,35-39,15,6,9,9,5,4,1,0,1,1,0,1,5,1,4,0,0,0
Urban,State - NAGALAND,Other religious communities,40-49,23,12,11,16,11,5,3,1,2,0,0,0,4,0,4,0,0,0
Urban,State - NAGALAND,Other religious communities,50-59,16,5,11,12,5,7,0,0,0,0,0,0,4,0,4,0,0,0
Urban,State - NAGALAND,Other religious communities,60-69,8,2,6,4,2,2,1,0,1,0,0,0,3,0,3,0,0,0
Urban,State - NAGALAND,Other religious communities,70-79,8,3,5,6,2,4,0,0,0,0,0,0,2,1,1,0,0,0
Urban,State - NAGALAND,Other religious communities,80+,7,3,4,3,0,3,0,0,0,0,0,0,4,3,1,0,0,0
Urban,State - NAGALAND,Other religious communities,Age not stated,0,0,0,0,0,0,0,0,0,0,0,0,0,0,0,0,0,0
Urban,State - NAGALAND,Other religious communities,15-59,130,64,66,59,33,26,26,11,15,4,2,2,45,20,25,6,2,4
Urban,State - NAGALAND,Other religious communities,60+,23,8,15,13,4,9,1,0,1,0,0,0,9,4,5,0,0,0
Total,State - MANIPUR,All religious communities,Total,2855794,1438586,1417208,974163,615135,359028,330447,124273,206174,142861,63532,79329,1551184,699178,852006,218266,97892,120374
Total,State - MANIPUR,All religious communities,5-9,291243,149766,141477,3296,1762,1534,7071,3644,3427,2460,1291,1169,280876,144360,136516,7442,3830,3612
Total,State - MANIPUR,All religious communities,10-14,313763,161146,152617,8509,4602,3907,15210,7511,7699,5224,2578,2646,290044,149033,141011,14274,7280,6994
Total,State - MANIPUR,All religious communities,15-19,287008,144495,142513,34448,19174,15274,33281,15218,18063,17380,8482,8898,219279,110103,109176,54621,28246,26375
Total,State - MANIPUR,All religious communities,20-24,281782,139587,142195,93045,55815,37230,49267,20285,28982,28122,13319,14803,139470,63487,75983,57781,28911,28870
Total,State - MANIPUR,All religious communities,25-29,270477,132888,137589,134782,84692,50090,50360,18523,31837,26995,11855,15140,85335,29673,55662,36884,15759,21125
Total,State - MANIPUR,All religious communities,30-34,220954,109678,111276,129908,83582,46326,38979,13542,25437,18651,8076,10575,52067,12554,39513,18793,6594,12199
Total,State - MANIPUR,All religious communities,35-39,198453,98019,100434,125414,80630,44784,33637,10850,22787,14375,5874,8501,39402,6539,32863,11297,2894,8403
Total,State - MANIPUR,All religious communities,40-49,317859,159813,158046,214904,136730,78174,48268,15013,33255,16419,6639,9780,54687,8070,46617,9477,2123,7354
Total,State - MANIPUR,All religious communities,50-59,209776,106007,103769,139989,89438,50551,29822,9403,20419,8098,3081,5017,39965,7166,32799,4006,892,3114
Total,State - MANIPUR,All religious communities,60-69,118545,59785,58760,61703,40018,21685,16040,6238,9802,3502,1534,1968,40802,13529,27273,2326,799,1527
Total,State - MANIPUR,All religious communities,70-79,55681,27439,28242,19842,13167,6675,5826,2732,3094,1021,501,520,30013,11540,18473,643,242,401
Total,State - MANIPUR,All religious communities,80+,25794,12571,13223,6084,4047,2037,1890,1000,890,334,181,153,17820,7524,10296,339,145,194
Total,State - MANIPUR,All religious communities,Age not stated,7777,4232,3545,2239,1478,761,796,314,482,280,121,159,4742,2440,2302,383,177,206
Total,State - MANIPUR,All religious communities,15-59,1786309,890487,895822,872490,550061,322429,283614,102834,180780,130040,57326,72714,630205,237592,392613,192859,85419,107440
Total,State - MANIPUR,All religious communities,60+,200020,99795,100225,87629,57232,30397,23756,9970,13786,4857,2216,2641,88635,32593,56042,3308,1186,2122
Total,State - MANIPUR,Hindu,Total,1181876,596220,585656,406824,278581,128243,132936,44558,88378,58912,23464,35448,642116,273081,369035,95017,39053,55964
Total,State - MANIPUR,Hindu,5-9,107726,55118,52608,576,300,276,1231,647,584,394,200,194,105919,54171,51748,2854,1472,1382
Total,State - MANIPUR,Hindu,10-14,116035,59241,56794,1705,1015,690,2890,1324,1566,1169,512,657,111440,56902,54538,5814,2925,2889
Total,State - MANIPUR,Hindu,15-19,98961,49708,49253,8996,5541,3455,8694,3650,5044,4760,2188,2572,81271,40517,40754,19665,10144,9521
Total,State - MANIPUR,Hindu,20-24,107688,53781,53907,34913,23538,11375,17611,6567,11044,10302,4484,5818,55164,23676,31488,23858,11418,12440
Total,State - MANIPUR,Hindu,25-29,115338,57535,57803,56317,38937,17380,20799,7002,13797,11611,4629,6982,38222,11596,26626,17439,6819,10620
Total,State - MANIPUR,Hindu,30-34,98878,49593,49285,55778,39212,16566,17286,5447,11839,8718,3396,5322,25814,4934,20880,9730,2940,6790
Total,State - MANIPUR,Hindu,35-39,91735,46262,45473,55465,38910,16555,15594,4646,10948,7031,2616,4415,20676,2706,17970,6216,1283,4933
Total,State - MANIPUR,Hindu,40-49,144421,74446,69975,93853,64530,29323,22400,6569,15831,8137,2994,5143,28168,3347,24821,5204,940,4264
Total,State - MANIPUR,Hindu,50-59,97535,48305,49230,61689,40840,20849,14374,4018,10356,4169,1373,2796,21472,3447,18025,2215,410,1805
Total,State - MANIPUR,Hindu,60-69,57763,28394,29369,26183,17749,8434,7930,2801,5129,1778,682,1096,23650,7844,15806,1322,434,888
Total,State - MANIPUR,Hindu,70-79,29156,14023,15133,8202,5747,2455,2929,1324,1605,557,267,290,18025,6952,11073,353,124,229
Total,State - MANIPUR,Hindu,80+,13712,6476,7236,2259,1619,640,887,461,426,156,79,77,10566,4396,6170,165,68,97
Total,State - MANIPUR,Hindu,Age not stated,2883,1563,1320,888,643,245,311,102,209,130,44,86,1684,818,866,182,76,106
Total,State - MANIPUR,Hindu,15-59,754556,379630,374926,367011,251508,115503,116758,37899,78859,54728,21680,33048,270787,90223,180564,84327,33954,50373
Total,State - MANIPUR,Hindu,60+,100631,48893,51738,36644,25115,11529,11746,4586,7160,2491,1028,1463,52241,19192,33049,1840,626,1214
Total,State - MANIPUR,Muslim,Total,239836,120404,119432,57820,43536,14284,32494,11366,21128,14454,6829,7625,149522,65502,84020,13467,5529,7938
Total,State - MANIPUR,Muslim,5-9,33319,17070,16249,117,68,49,285,134,151,141,73,68,32917,16868,16049,402,201,201
Total,State - MANIPUR,Muslim,10-14,31386,15935,15451,486,306,180,1082,480,602,478,215,263,29818,15149,14669,1094,549,545
Total,State - MANIPUR,Muslim,15-19,26627,13043,13584,3069,2091,978,4099,1660,2439,2214,1055,1159,19459,9292,10167,3631,1817,1814
Total,State - MANIPUR,Muslim,20-24,23569,11181,12388,6772,4805,1967,5757,2159,3598,3112,1489,1623,11040,4217,6823,3473,1630,1843
Total,State - MANIPUR,Muslim,25-29,21482,10382,11100,9028,6807,2221,5494,1918,3576,2756,1342,1414,6960,1657,5303,2040,719,1321
Total,State - MANIPUR,Muslim,30-34,15588,7787,7801,7748,5939,1809,3769,1227,2542,1673,801,872,4071,621,3450,1023,257,766
Total,State - MANIPUR,Muslim,35-39,14499,7266,7233,7837,5933,1904,3276,1013,2263,1392,621,771,3386,320,3066,664,118,546
Total,State - MANIPUR,Muslim,40-49,20899,10429,10470,11562,8794,2768,4447,1200,3247,1500,650,850,4890,435,4455,596,100,496
Total,State - MANIPUR,Muslim,50-59,12949,6823,6126,7138,5618,1520,2516,775,1741,753,341,412,3295,430,2865,296,54,242
Total,State - MANIPUR,Muslim,60-69,7088,3738,3350,2981,2337,644,1248,553,695,334,190,144,2859,848,2011,164,53,111
Total,State - MANIPUR,Muslim,70-79,2641,1373,1268,759,585,174,354,180,174,65,33,32,1528,608,920,40,13,27
Total,State - MANIPUR,Muslim,80+,1100,578,522,223,179,44,113,50,63,26,15,11,764,349,415,22,5,17
Total,State - MANIPUR,Muslim,Age not stated,557,310,247,100,74,26,54,17,37,10,4,6,403,219,184,22,13,9
Total,State - MANIPUR,Muslim,15-59,135613,66911,68702,53154,39987,13167,29358,9952,19406,13400,6299,7101,53101,16972,36129,11723,4695,7028
Total,State - MANIPUR,Muslim,60+,10829,5689,5140,3963,3101,862,1715,783,932,425,238,187,5151,1805,3346,226,71,155
Total,State - MANIPUR,Christian,Total,1179043,595478,583565,425551,237583,187968,135201,58250,76951,55897,27735,28162,618291,299645,318646,89146,44725,44421
Total,State - MANIPUR,Christian,5-9,125614,65028,60586,2386,1278,1108,5326,2743,2583,1845,979,866,117902,61007,56895,3667,1896,1771
Total,State - MANIPUR,Christian,10-14,139828,72516,67312,5874,3027,2847,10640,5455,5185,3342,1749,1593,123314,64034,59280,6047,3136,2911
Total,State - MANIPUR,Christian,15-19,138798,70390,68408,20125,10242,9883,18453,9112,9341,9342,4759,4583,100220,51036,49184,26748,13921,12827
Total,State - MANIPUR,Christian,20-24,127403,63329,64074,44082,22809,21273,21953,10117,11836,12406,6329,6077,61368,30403,30965,25231,13341,11890
Total,State - MANIPUR,Christian,25-29,109384,53326,56058,57905,31304,26601,19446,8069,11377,10068,4852,5216,32033,13953,18080,13731,6787,6944
Total,State - MANIPUR,Christian,30-34,85653,42196,43457,54653,30599,24054,13996,5609,8387,6270,3078,3192,17004,5988,11016,6134,2822,3312
Total,State - MANIPUR,Christian,35-39,73208,35413,37795,50909,28356,22553,11246,4113,7133,4286,2020,2266,11053,2944,8109,3086,1200,1886
Total,State - MANIPUR,Christian,40-49,122511,60129,62382,90507,50831,39676,16301,5695,10606,4766,2232,2534,15703,3603,12100,2509,862,1647
Total,State - MANIPUR,Christian,50-59,79009,40881,38128,58483,34634,23849,9739,3657,6082,2143,1005,1138,10787,2590,8197,1005,332,673
Total,State - MANIPUR,Christian,60-69,41910,21687,20223,27092,16195,10897,5097,2169,2928,927,460,467,9721,3323,6398,570,226,344
Total,State - MANIPUR,Christian,70-79,18451,9466,8985,9364,5759,3605,1944,959,985,275,147,128,7143,2748,4395,163,81,82
Total,State - MANIPUR,Christian,80+,8620,4455,4165,3222,1997,1225,728,396,332,119,70,49,4670,2062,2608,123,63,60
Total,State - MANIPUR,Christian,Age not stated,3183,1701,1482,949,552,397,332,156,176,108,55,53,1902,993,909,132,58,74
Total,State - MANIPUR,Christian,15-59,735966,365664,370302,376664,208775,167889,111134,46372,64762,49281,24275,25006,248168,110517,137651,78444,39265,39179
Total,State - MANIPUR,Christian,60+,68981,35608,33373,39678,23951,15727,7769,3524,4245,1321,677,644,21534,8133,13401,856,370,486
Total,State - MANIPUR,Sikh,Total,1527,964,563,751,648,103,80,43,37,34,22,12,696,273,423,76,28,48
Total,State - MANIPUR,Sikh,5-9,114,58,56,3,2,1,3,2,1,0,0,0,108,54,54,1,0,1
Total,State - MANIPUR,Sikh,10-14,94,51,43,3,2,1,6,3,3,1,0,1,85,46,39,6,3,3
Total,State - MANIPUR,Sikh,15-19,85,43,42,11,5,6,4,2,2,2,2,0,70,36,34,16,7,9
Total,State - MANIPUR,Sikh,20-24,141,89,52,65,58,7,11,8,3,9,7,2,65,23,42,20,7,13
Total,State - MANIPUR,Sikh,25-29,209,154,55,147,133,14,11,7,4,8,5,3,51,14,37,13,7,6
Total,State - MANIPUR,Sikh,30-34,188,129,59,131,115,16,12,7,5,7,4,3,45,7,38,9,2,7
Total,State - MANIPUR,Sikh,35-39,136,95,41,102,87,15,9,5,4,3,3,0,25,3,22,6,0,6
Total,State - MANIPUR,Sikh,40-49,197,136,61,149,132,17,12,4,8,2,1,1,36,0,36,2,0,2
Total,State - MANIPUR,Sikh,50-59,119,69,50,78,63,15,11,4,7,2,0,2,30,2,28,1,0,1
Total,State - MANIPUR,Sikh,60-69,54,36,18,38,31,7,1,1,0,0,0,0,15,4,11,0,0,0
Total,State - MANIPUR,Sikh,70-79,35,19,16,10,8,2,0,0,0,0,0,0,25,11,14,1,1,0
Total,State - MANIPUR,Sikh,80+,13,8,5,6,5,1,0,0,0,0,0,0,7,3,4,1,1,0
Total,State - MANIPUR,Sikh,Age not stated,17,11,6,8,7,1,0,0,0,0,0,0,9,4,5,0,0,0
Total,State - MANIPUR,Sikh,15-59,1075,715,360,683,593,90,70,37,33,33,22,11,322,85,237,67,23,44
Total,State - MANIPUR,Sikh,60+,102,63,39,54,44,10,1,1,0,0,0,0,47,18,29,2,2,0
Total,State - MANIPUR,Buddhist,Total,7084,3654,3430,2202,1408,794,570,252,318,239,117,122,4312,1994,2318,643,297,346
Total,State - MANIPUR,Buddhist,5-9,768,396,372,15,9,6,18,10,8,9,6,3,735,377,358,21,9,12
Total,State - MANIPUR,Buddhist,10-14,875,472,403,28,16,12,28,17,11,12,7,5,819,439,380,67,33,34
Total,State - MANIPUR,Buddhist,15-19,817,425,392,125,63,62,57,30,27,28,13,15,635,332,303,161,98,63
Total,State - MANIPUR,Buddhist,20-24,708,344,364,211,129,82,100,42,58,50,22,28,397,173,224,166,75,91
Total,State - MANIPUR,Buddhist,25-29,668,355,313,338,234,104,96,33,63,45,21,24,234,88,146,92,41,51
Total,State - MANIPUR,Buddhist,30-34,503,237,266,288,183,105,68,25,43,29,13,16,147,29,118,45,14,31
Total,State - MANIPUR,Buddhist,35-39,465,224,241,293,184,109,46,21,25,19,9,10,126,19,107,26,7,19
Total,State - MANIPUR,Buddhist,40-49,682,360,322,445,297,148,80,36,44,29,15,14,157,27,130,35,6,29
Total,State - MANIPUR,Buddhist,50-59,438,231,207,283,181,102,44,23,21,11,6,5,111,27,84,13,5,8
Total,State - MANIPUR,Buddhist,60-69,230,122,108,104,70,34,18,10,8,4,4,0,108,42,66,11,6,5
Total,State - MANIPUR,Buddhist,70-79,124,61,63,37,19,18,6,2,4,1,1,0,81,40,41,2,1,1
Total,State - MANIPUR,Buddhist,80+,54,27,27,19,14,5,6,2,4,1,0,1,29,11,18,3,1,2
Total,State - MANIPUR,Buddhist,Age not stated,52,29,23,16,9,7,3,1,2,1,0,1,33,19,14,1,1,0
Total,State - MANIPUR,Buddhist,15-59,4281,2176,2105,1983,1271,712,491,210,281,211,99,112,1807,695,1112,538,246,292
Total,State - MANIPUR,Buddhist,60+,408,210,198,160,103,57,30,14,16,6,5,1,218,93,125,16,8,8
Total,State - MANIPUR,Jain,Total,1692,862,830,520,433,87,159,85,74,66,34,32,1013,344,669,82,40,42
Total,State - MANIPUR,Jain,5-9,145,79,66,1,1,0,5,1,4,1,0,1,139,77,62,3,2,1
Total,State - MANIPUR,Jain,10-14,159,78,81,2,2,0,19,11,8,16,10,6,138,65,73,8,5,3
Total,State - MANIPUR,Jain,15-19,143,65,78,8,4,4,23,9,14,17,7,10,112,52,60,27,8,19
Total,State - MANIPUR,Jain,20-24,137,72,65,41,27,14,17,6,11,10,5,5,79,39,40,26,16,10
Total,State - MANIPUR,Jain,25-29,139,70,69,51,41,10,23,15,8,13,8,5,65,14,51,11,6,5
Total,State - MANIPUR,Jain,30-34,131,67,64,67,57,10,13,8,5,2,1,1,51,2,49,2,0,2
Total,State - MANIPUR,Jain,35-39,131,63,68,64,58,6,10,2,8,2,0,2,57,3,54,2,1,1
Total,State - MANIPUR,Jain,40-49,242,126,116,123,104,19,25,18,7,1,1,0,94,4,90,1,0,1
Total,State - MANIPUR,Jain,50-59,154,80,74,85,71,14,10,8,2,0,0,0,59,1,58,0,0,0
Total,State - MANIPUR,Jain,60-69,96,49,47,45,41,4,9,4,5,2,1,1,42,4,38,2,2,0
Total,State - MANIPUR,Jain,70-79,41,22,19,24,20,4,3,1,2,1,0,1,14,1,13,0,0,0
Total,State - MANIPUR,Jain,80+,22,12,10,8,6,2,1,1,0,0,0,0,13,5,8,0,0,0
Total,State - MANIPUR,Jain,Age not stated,6,4,2,1,1,0,1,1,0,1,1,0,4,2,2,0,0,0
Total,State - MANIPUR,Jain,15-59,1077,543,534,439,362,77,121,66,55,45,22,23,517,115,402,69,31,38
Total,State - MANIPUR,Jain,60+,159,83,76,77,67,10,13,6,7,3,1,2,69,10,59,2,2,0
Total,State - MANIPUR,Other religious communities,Total,233767,115715,118052,77912,51707,26205,27789,9209,18580,12727,5088,7639,128066,54799,73267,18777,7701,11076
Total,State - MANIPUR,Other religious communities,5-9,22248,11316,10932,158,82,76,154,76,78,54,25,29,21936,11158,10778,456,230,226
Total,State - MANIPUR,Other religious communities,10-14,24060,12159,11901,346,199,147,462,184,278,176,72,104,23252,11776,11476,1174,599,575
Total,State - MANIPUR,Other religious communities,15-19,20326,10163,10163,1956,1150,806,1835,696,1139,961,430,531,16535,8317,8218,4078,2091,1987
Total,State - MANIPUR,Other religious communities,20-24,21015,10202,10813,6656,4271,2385,3646,1308,2338,2136,933,1203,10713,4623,6090,4720,2273,2447
Total,State - MANIPUR,Other religious communities,25-29,22265,10605,11660,10588,7016,3572,4294,1402,2892,2388,954,1434,7383,2187,5196,3379,1302,2077
Total,State - MANIPUR,Other religious communities,30-34,19327,9374,9953,10930,7328,3602,3696,1151,2545,1884,746,1138,4701,895,3806,1770,523,1247
Total,State - MANIPUR,Other religious communities,35-39,17670,8471,9199,10423,6961,3462,3328,1008,2320,1597,592,1005,3919,502,3417,1251,267,984
Total,State - MANIPUR,Other religious communities,40-49,28075,13915,14160,17799,11858,5941,4852,1442,3410,1921,717,1204,5424,615,4809,1096,204,892
Total,State - MANIPUR,Other religious communities,50-59,19106,9477,9629,11985,7938,4047,3042,893,2149,1001,352,649,4079,646,3433,464,87,377
Total,State - MANIPUR,Other religious communities,60-69,11147,5671,5476,5159,3552,1607,1699,687,1012,445,194,251,4289,1432,2857,248,76,172
Total,State - MANIPUR,Other religious communities,70-79,5105,2440,2665,1406,1015,391,577,263,314,119,52,67,3122,1162,1960,82,22,60
Total,State - MANIPUR,Other religious communities,80+,2206,989,1217,337,223,114,146,85,61,29,15,14,1723,681,1042,25,7,18
Total,State - MANIPUR,Other religious communities,Age not stated,630,316,314,169,114,55,58,14,44,16,6,10,403,188,215,34,20,14
Total,State - MANIPUR,Other religious communities,15-59,147784,72207,75577,70337,46522,23815,24693,7900,16793,11888,4724,7164,52754,17785,34969,16758,6747,10011
Total,State - MANIPUR,Other religious communities,60+,18458,9100,9358,6902,4790,2112,2422,1035,1387,593,261,332,9134,3275,5859,355,105,250
Rural,State - MANIPUR,All religious communities,Total,2021640,1026884,994756,713482,442482,271000,245679,91603,154076,105454,46761,58693,1062479,492799,569680,135977,62931,73046
Rural,State - MANIPUR,All religious communities,5-9,215420,111112,104308,2838,1530,1308,5997,3109,2888,2074,1092,982,206585,106473,100112,5439,2808,2631
Rural,State - MANIPUR,All religious communities,10-14,230842,119214,111628,7426,3968,3458,12931,6468,6463,4294,2181,2113,210485,108778,101707,9997,5129,4868
Rural,State - MANIPUR,All religious communities,15-19,213039,107906,105133,29287,15987,13300,27610,12748,14862,14101,6937,7164,156142,79171,76971,38113,19913,18200
Rural,State - MANIPUR,All religious communities,20-24,204739,102223,102516,73706,43278,30428,38373,15894,22479,21433,10213,11220,92660,43051,49609,36423,18468,17955
Rural,State - MANIPUR,All religious communities,25-29,188887,93626,95261,99982,61689,38293,36852,13302,23550,19236,8397,10839,52053,18635,33418,20783,9065,11718
Rural,State - MANIPUR,All religious communities,30-34,151922,76143,75779,94002,59193,34809,27568,9232,18336,12842,5441,7401,30352,7718,22634,9922,3639,6283
Rural,State - MANIPUR,All religious communities,35-39,135625,67639,67986,89860,56630,33230,23672,7157,16515,9873,3866,6007,22093,3852,18241,5792,1557,4235
Rural,State - MANIPUR,All religious communities,40-49,217308,110102,107206,152654,95430,57224,34049,9983,24066,11681,4553,7128,30605,4689,25916,5038,1120,3918
Rural,State - MANIPUR,All religious communities,50-59,140186,71660,68526,96705,61250,35455,21149,6463,14686,6065,2299,3766,22332,3947,18385,2308,474,1834
Rural,State - MANIPUR,All religious communities,60-69,79229,40552,38677,45641,29383,16258,11380,4380,7000,2652,1185,1467,22208,6789,15419,1344,420,924
Rural,State - MANIPUR,All religious communities,70-79,36244,18262,17982,14980,9920,5060,4173,1941,2232,768,381,387,17091,6401,10690,378,136,242
Rural,State - MANIPUR,All religious communities,80+,16142,8208,7934,4695,3090,1605,1351,703,648,235,126,109,10096,4415,5681,195,87,108
Rural,State - MANIPUR,All religious communities,Age not stated,5652,3143,2509,1706,1134,572,574,223,351,200,90,110,3372,1786,1586,245,115,130
Rural,State - MANIPUR,All religious communities,15-59,1251706,629299,622407,636196,393457,242739,209273,74779,134494,95231,41706,53525,406237,161063,245174,118379,54236,64143
Rural,State - MANIPUR,All religious communities,60+,131615,67022,64593,65316,42393,22923,16904,7024,9880,3655,1692,1963,49395,17605,31790,1917,643,1274
Rural,State - MANIPUR,Hindu,Total,644751,331011,313740,228829,160472,68357,78330,24300,54030,35947,13760,22187,337592,146239,191353,42770,17283,25487
Rural,State - MANIPUR,Hindu,5-9,62900,32168,30732,337,183,154,590,311,279,201,104,97,61973,31674,30299,1592,818,774
Rural,State - MANIPUR,Hindu,10-14,66984,34431,32553,1091,650,441,1650,762,888,669,307,362,64243,33019,31224,3187,1609,1578
Rural,State - MANIPUR,Hindu,15-19,55435,27915,27520,5947,3636,2311,5580,2287,3293,2990,1357,1633,43908,21992,21916,9883,5144,4739
Rural,State - MANIPUR,Hindu,20-24,59648,30488,29160,22178,15190,6988,11053,4055,6998,6387,2773,3614,26417,11243,15174,10539,5004,5535
Rural,State - MANIPUR,Hindu,25-29,62159,31812,30347,32847,23288,9559,12247,3830,8417,6805,2598,4207,17065,4694,12371,6991,2566,4425
Rural,State - MANIPUR,Hindu,30-34,52560,26983,25577,31382,22432,8950,9761,2714,7047,4949,1788,3161,11417,1837,9580,3790,984,2806
Rural,State - MANIPUR,Hindu,35-39,49449,25667,23782,31298,22426,8872,9026,2290,6736,4145,1396,2749,9125,951,8174,2508,421,2087
Rural,State - MANIPUR,Hindu,40-49,76283,40517,35766,51057,36073,14984,12959,3306,9653,5152,1760,3392,12267,1138,11129,2235,296,1939
Rural,State - MANIPUR,Hindu,50-59,49614,24957,24657,31545,21552,9993,8452,2127,6325,2889,946,1943,9617,1278,8339,1103,154,949
Rural,State - MANIPUR,Hindu,60-69,29675,14860,14815,14673,10269,4404,4628,1551,3077,1225,483,742,10374,3040,7334,618,172,446
Rural,State - MANIPUR,Hindu,70-79,14792,7314,7478,4677,3436,1241,1721,765,956,369,176,193,8394,3113,5281,169,52,117
Rural,State - MANIPUR,Hindu,80+,6485,3199,3286,1253,914,339,488,247,241,87,43,44,4744,2038,2706,67,26,41
Rural,State - MANIPUR,Hindu,Age not stated,1660,941,719,544,423,121,175,55,120,79,29,50,941,463,478,88,37,51
Rural,State - MANIPUR,Hindu,15-59,405148,208339,196809,206254,144597,61657,69078,20609,48469,33317,12618,20699,129816,43133,86683,37049,14569,22480
Rural,State - MANIPUR,Hindu,60+,50952,25373,25579,20603,14619,5984,6837,2563,4274,1681,702,979,23512,8191,15321,854,250,604
Rural,State - MANIPUR,Muslim,Total,156420,78777,77643,39123,29272,9851,22473,7165,15308,9463,4133,5330,94824,42340,52484,7462,2962,4500
Rural,State - MANIPUR,Muslim,5-9,22308,11439,10869,86,50,36,172,81,91,77,36,41,22050,11308,10742,201,106,95
Rural,State - MANIPUR,Muslim,10-14,20608,10506,10102,354,225,129,803,349,454,326,144,182,19451,9932,9519,640,313,327
Rural,State - MANIPUR,Muslim,15-19,17376,8612,8764,2177,1490,687,3029,1195,1834,1574,729,845,12170,5927,6243,2084,1039,1045
Rural,State - MANIPUR,Muslim,20-24,15165,7192,7973,4746,3357,1389,3999,1384,2615,2028,906,1122,6420,2451,3969,1908,843,1065
Rural,State - MANIPUR,Muslim,25-29,13618,6635,6983,6107,4617,1490,3634,1125,2509,1699,769,930,3877,893,2984,1018,346,672
Rural,State - MANIPUR,Muslim,30-34,10003,4976,5027,5200,3959,1241,2507,687,1820,1042,439,603,2296,330,1966,540,121,419
Rural,State - MANIPUR,Muslim,35-39,9290,4629,4661,5150,3867,1283,2244,595,1649,888,344,544,1896,167,1729,376,60,316
Rural,State - MANIPUR,Muslim,40-49,13523,6754,6769,7686,5788,1898,3099,734,2365,997,384,613,2738,232,2506,374,59,315
Rural,State - MANIPUR,Muslim,50-59,8239,4351,3888,4684,3652,1032,1733,478,1255,522,217,305,1822,221,1601,169,30,139
Rural,State - MANIPUR,Muslim,60-69,4658,2462,2196,2114,1637,477,879,380,499,236,130,106,1665,445,1220,103,28,75
Rural,State - MANIPUR,Muslim,70-79,1780,907,873,561,424,137,252,115,137,47,22,25,967,368,599,19,4,15
Rural,State - MANIPUR,Muslim,80+,728,391,337,178,146,32,84,30,54,19,9,10,466,215,251,13,4,9
Rural,State - MANIPUR,Muslim,Age not stated,440,250,190,80,60,20,38,12,26,8,4,4,322,178,144,17,9,8
Rural,State - MANIPUR,Muslim,15-59,87214,43149,44065,35750,26730,9020,20245,6198,14047,8750,3788,4962,31219,10221,20998,6469,2498,3971
Rural,State - MANIPUR,Muslim,60+,7166,3760,3406,2853,2207,646,1215,525,690,302,161,141,3098,1028,2070,135,36,99
Rural,State - MANIPUR,Christian,Total,1067403,540712,526691,394402,218647,175755,125301,53919,71382,50819,25285,25534,547700,268146,279554,75643,38514,37129
Rural,State - MANIPUR,Christian,5-9,114350,59412,54938,2270,1220,1050,5084,2634,2450,1744,926,818,106996,55558,51438,3360,1745,1615
Rural,State - MANIPUR,Christian,10-14,126438,65730,60708,5668,2916,2752,10069,5187,4882,3153,1669,1484,110701,57627,53074,5366,2795,2571
Rural,State - MANIPUR,Christian,15-19,126006,64207,61799,19469,9906,9563,17513,8673,8840,8796,4508,4288,89024,45628,43396,23600,12381,11219
Rural,State - MANIPUR,Christian,20-24,115902,57667,58235,41913,21575,20338,20607,9486,11121,11449,5851,5598,53382,26606,26776,21427,11399,10028
Rural,State - MANIPUR,Christian,25-29,98876,48319,50557,53834,28953,24881,17964,7423,10541,9074,4380,4694,27078,11943,15135,11166,5568,5598
Rural,State - MANIPUR,Christian,30-34,77234,38250,38984,50328,28023,22305,12782,5101,7681,5563,2736,2827,14124,5126,8998,4836,2324,2512
Rural,State - MANIPUR,Christian,35-39,65934,32038,33896,46754,25848,20906,10166,3674,6492,3731,1757,1974,9014,2516,6498,2362,981,1381
Rural,State - MANIPUR,Christian,40-49,110375,54355,56020,82834,46199,36635,14802,5098,9704,4121,1914,2207,12739,3058,9681,1904,695,1209
Rural,State - MANIPUR,Christian,50-59,70935,36696,34239,53253,31209,22044,8894,3299,5595,1906,888,1018,8788,2188,6600,790,264,526
Rural,State - MANIPUR,Christian,60-69,38050,19708,18342,25348,15039,10309,4699,1985,2714,840,416,424,8003,2684,5319,477,188,289
Rural,State - MANIPUR,Christian,70-79,16631,8579,8052,8803,5375,3428,1767,871,896,247,136,111,6061,2333,3728,138,68,70
Rural,State - MANIPUR,Christian,80+,7656,4013,3643,3048,1878,1170,669,365,304,107,62,45,3939,1770,2169,101,53,48
Rural,State - MANIPUR,Christian,Age not stated,2794,1503,1291,880,506,374,285,123,162,88,42,46,1629,874,755,116,53,63
Rural,State - MANIPUR,Christian,15-59,665262,331532,333730,348385,191713,156672,102728,42754,59974,44640,22034,22606,214149,97065,117084,66085,33612,32473
Rural,State - MANIPUR,Christian,60+,62337,32300,30037,37199,22292,14907,7135,3221,3914,1194,614,580,18003,6787,11216,716,309,407
Rural,State - MANIPUR,Sikh,Total,735,513,222,409,365,44,55,29,26,22,12,10,271,119,152,32,12,20
Rural,State - MANIPUR,Sikh,5-9,57,29,28,1,0,1,3,2,1,0,0,0,53,27,26,0,0,0
Rural,State - MANIPUR,Sikh,10-14,47,24,23,0,0,0,6,3,3,1,0,1,41,21,20,2,2,0
Rural,State - MANIPUR,Sikh,15-19,32,14,18,6,3,3,4,2,2,2,2,0,22,9,13,3,1,2
Rural,State - MANIPUR,Sikh,20-24,75,52,23,43,40,3,6,3,3,4,2,2,26,9,17,9,3,6
Rural,State - MANIPUR,Sikh,25-29,122,99,23,95,88,7,7,4,3,4,2,2,20,7,13,7,3,4
Rural,State - MANIPUR,Sikh,30-34,106,82,24,80,73,7,8,5,3,6,3,3,18,4,14,6,1,5
Rural,State - MANIPUR,Sikh,35-39,79,61,18,66,56,10,7,4,3,2,2,0,6,1,5,2,0,2
Rural,State - MANIPUR,Sikh,40-49,86,73,13,72,69,3,8,4,4,1,1,0,6,0,6,1,0,1
Rural,State - MANIPUR,Sikh,50-59,39,24,15,28,22,6,6,2,4,2,0,2,5,0,5,0,0,0
Rural,State - MANIPUR,Sikh,60-69,11,8,3,10,7,3,0,0,0,0,0,0,1,1,0,0,0,0
Rural,State - MANIPUR,Sikh,70-79,9,5,4,1,1,0,0,0,0,0,0,0,8,4,4,1,1,0
Rural,State - MANIPUR,Sikh,80+,4,2,2,1,1,0,0,0,0,0,0,0,3,1,2,1,1,0
Rural,State - MANIPUR,Sikh,Age not stated,12,7,5,6,5,1,0,0,0,0,0,0,6,2,4,0,0,0
Rural,State - MANIPUR,Sikh,15-59,539,405,134,390,351,39,46,24,22,21,12,9,103,30,73,28,8,20
Rural,State - MANIPUR,Sikh,60+,24,15,9,12,9,3,0,0,0,0,0,0,12,6,6,2,2,0
Rural,State - MANIPUR,Buddhist,Total,4587,2407,2180,1449,923,526,416,197,219,179,93,86,2722,1287,1435,268,130,138
Rural,State - MANIPUR,Buddhist,5-9,565,297,268,13,8,5,18,10,8,9,6,3,534,279,255,6,1,5
Rural,State - MANIPUR,Buddhist,10-14,589,315,274,22,11,11,25,16,9,10,7,3,542,288,254,27,20,7
Rural,State - MANIPUR,Buddhist,15-19,556,290,266,114,56,58,52,30,22,24,13,11,390,204,186,78,47,31
Rural,State - MANIPUR,Buddhist,20-24,472,236,236,164,98,66,74,33,41,39,17,22,234,105,129,75,36,39
Rural,State - MANIPUR,Buddhist,25-29,427,234,193,240,168,72,72,26,46,34,17,17,115,40,75,34,13,21
Rural,State - MANIPUR,Buddhist,30-34,322,159,163,192,121,71,46,20,26,23,10,13,84,18,66,19,7,12
Rural,State - MANIPUR,Buddhist,35-39,284,140,144,178,115,63,31,15,16,11,6,5,75,10,65,11,2,9
Rural,State - MANIPUR,Buddhist,40-49,364,202,162,250,172,78,43,19,24,17,9,8,71,11,60,11,2,9
Rural,State - MANIPUR,Buddhist,50-59,234,121,113,150,94,56,29,15,14,8,5,3,55,12,43,4,0,4
Rural,State - MANIPUR,Buddhist,60-69,129,71,58,72,48,24,13,8,5,2,2,0,44,15,29,3,2,1
Rural,State - MANIPUR,Buddhist,70-79,69,36,33,29,17,12,6,2,4,1,1,0,34,17,17,0,0,0
Rural,State - MANIPUR,Buddhist,80+,33,20,13,14,10,4,6,2,4,1,0,1,13,8,5,0,0,0
Rural,State - MANIPUR,Buddhist,Age not stated,34,18,16,11,5,6,1,1,0,0,0,0,22,12,10,0,0,0
Rural,State - MANIPUR,Buddhist,15-59,2659,1382,1277,1288,824,464,347,158,189,156,77,79,1024,400,624,232,107,125
Rural,State - MANIPUR,Buddhist,60+,231,127,104,115,75,40,25,12,13,4,3,1,91,40,51,3,2,1
Rural,State - MANIPUR,Jain,Total,368,197,171,110,71,39,38,14,24,13,7,6,220,112,108,26,14,12
Rural,State - MANIPUR,Jain,5-9,43,22,21,1,1,0,3,1,2,0,0,0,39,20,19,1,0,1
Rural,State - MANIPUR,Jain,10-14,47,24,23,1,1,0,1,1,0,0,0,0,45,22,23,2,1,1
Rural,State - MANIPUR,Jain,15-19,47,24,23,7,4,3,6,2,4,1,1,0,34,18,16,10,5,5
Rural,State - MANIPUR,Jain,20-24,45,28,17,19,12,7,8,3,5,3,2,1,18,13,5,9,6,3
Rural,State - MANIPUR,Jain,25-29,30,17,13,15,9,6,6,4,2,4,2,2,9,4,5,2,1,1
Rural,State - MANIPUR,Jain,30-34,18,9,9,14,8,6,2,0,2,1,0,1,2,1,1,0,0,0
Rural,State - MANIPUR,Jain,35-39,19,9,10,13,9,4,2,0,2,0,0,0,4,0,4,1,0,1
Rural,State - MANIPUR,Jain,40-49,31,18,13,24,16,8,4,2,2,1,1,0,3,0,3,0,0,0
Rural,State - MANIPUR,Jain,50-59,15,6,9,8,5,3,1,0,1,0,0,0,6,1,5,0,0,0
Rural,State - MANIPUR,Jain,60-69,10,4,6,5,3,2,3,0,3,1,0,1,2,1,1,1,1,0
Rural,State - MANIPUR,Jain,70-79,6,2,4,2,2,0,1,0,1,1,0,1,3,0,3,0,0,0
Rural,State - MANIPUR,Jain,80+,5,3,2,0,0,0,0,0,0,0,0,0,5,3,2,0,0,0
Rural,State - MANIPUR,Jain,Age not stated,5,4,1,1,1,0,1,1,0,1,1,0,3,2,1,0,0,0
Rural,State - MANIPUR,Jain,15-59,205,111,94,100,63,37,29,11,18,10,6,4,76,37,39,22,12,10
Rural,State - MANIPUR,Jain,60+,21,9,12,7,5,2,4,0,4,2,0,2,10,4,6,1,1,0
Rural,State - MANIPUR,Other religious communities,Total,139866,69540,70326,47358,31880,15478,18234,5627,12607,8648,3310,5338,74274,32033,42241,9072,3644,5428
Rural,State - MANIPUR,Other religious communities,5-9,14250,7225,7025,111,57,54,90,49,41,30,14,16,14049,7119,6930,245,120,125
Rural,State - MANIPUR,Other religious communities,10-14,15152,7670,7482,248,142,106,309,120,189,114,44,70,14595,7408,7187,715,362,353
Rural,State - MANIPUR,Other religious communities,15-19,12657,6344,6313,1457,836,621,1330,511,819,675,308,367,9870,4997,4873,2225,1176,1049
Rural,State - MANIPUR,Other religious communities,20-24,12639,6125,6514,4430,2877,1553,2489,863,1626,1448,620,828,5720,2385,3335,2267,1071,1196
Rural,State - MANIPUR,Other religious communities,25-29,13006,6204,6802,6565,4423,2142,2786,839,1947,1551,604,947,3655,942,2713,1463,516,947
Rural,State - MANIPUR,Other religious communities,30-34,11249,5492,5757,6590,4480,2110,2371,658,1713,1211,439,772,2288,354,1934,697,179,518
Rural,State - MANIPUR,Other religious communities,35-39,10202,4958,5244,6172,4212,1960,2137,564,1573,1067,353,714,1893,182,1711,510,82,428
Rural,State - MANIPUR,Other religious communities,40-49,16105,8012,8093,10388,6989,3399,3054,798,2256,1356,474,882,2663,225,2438,498,62,436
Rural,State - MANIPUR,Other religious communities,50-59,10821,5417,5404,6872,4654,2218,1983,528,1455,723,241,482,1966,235,1731,238,25,213
Rural,State - MANIPUR,Other religious communities,60-69,6539,3380,3159,3345,2346,999,1129,446,683,341,153,188,2065,588,1477,135,27,108
Rural,State - MANIPUR,Other religious communities,70-79,2890,1395,1495,883,654,229,416,185,231,100,45,55,1591,556,1035,49,11,38
Rural,State - MANIPUR,Other religious communities,80+,1198,566,632,194,137,57,100,56,44,20,11,9,904,373,531,13,3,10
Rural,State - MANIPUR,Other religious communities,Age not stated,373,190,183,103,73,30,40,10,30,12,4,8,230,107,123,17,10,7
Rural,State - MANIPUR,Other religious communities,15-59,86679,42552,44127,42474,28471,14003,16150,4761,11389,8031,3039,4992,28055,9320,18735,7898,3111,4787
Rural,State - MANIPUR,Other religious communities,60+,10627,5341,5286,4422,3137,1285,1645,687,958,461,209,252,4560,1517,3043,197,41,156
Urban,State - MANIPUR,All religious communities,Total,834154,411702,422452,260681,172653,88028,84768,32670,52098,37407,16771,20636,488705,206379,282326,82289,34961,47328
Urban,State - MANIPUR,All religious communities,5-9,75823,38654,37169,458,232,226,1074,535,539,386,199,187,74291,37887,36404,2003,1022,981
Urban,State - MANIPUR,All religious communities,10-14,82921,41932,40989,1083,634,449,2279,1043,1236,930,397,533,79559,40255,39304,4277,2151,2126
Urban,State - MANIPUR,All religious communities,15-19,73969,36589,37380,5161,3187,1974,5671,2470,3201,3279,1545,1734,63137,30932,32205,16508,8333,8175
Urban,State - MANIPUR,All religious communities,20-24,77043,37364,39679,19339,12537,6802,10894,4391,6503,6689,3106,3583,46810,20436,26374,21358,10443,10915
Urban,State - MANIPUR,All religious communities,25-29,81590,39262,42328,34800,23003,11797,13508,5221,8287,7759,3458,4301,33282,11038,22244,16101,6694,9407
Urban,State - MANIPUR,All religious communities,30-34,69032,33535,35497,35906,24389,11517,11411,4310,7101,5809,2635,3174,21715,4836,16879,8871,2955,5916
Urban,State - MANIPUR,All religious communities,35-39,62828,30380,32448,35554,24000,11554,9965,3693,6272,4502,2008,2494,17309,2687,14622,5505,1337,4168
Urban,State - MANIPUR,All religious communities,40-49,100551,49711,50840,62250,41300,20950,14219,5030,9189,4738,2086,2652,24082,3381,20701,4439,1003,3436
Urban,State - MANIPUR,All religious communities,50-59,69590,34347,35243,43284,28188,15096,8673,2940,5733,2033,782,1251,17633,3219,14414,1698,418,1280
Urban,State - MANIPUR,All religious communities,60-69,39316,19233,20083,16062,10635,5427,4660,1858,2802,850,349,501,18594,6740,11854,982,379,603
Urban,State - MANIPUR,All religious communities,70-79,19437,9177,10260,4862,3247,1615,1653,791,862,253,120,133,12922,5139,7783,265,106,159
Urban,State - MANIPUR,All religious communities,80+,9652,4363,5289,1389,957,432,539,297,242,99,55,44,7724,3109,4615,144,58,86
Urban,State - MANIPUR,All religious communities,Age not stated,2125,1089,1036,533,344,189,222,91,131,80,31,49,1370,654,716,138,62,76
Urban,State - MANIPUR,All religious communities,15-59,534603,261188,273415,236294,156604,79690,74341,28055,46286,34809,15620,19189,223968,76529,147439,74480,31183,43297
Urban,State - MANIPUR,All religious communities,60+,68405,32773,35632,22313,14839,7474,6852,2946,3906,1202,524,678,39240,14988,24252,1391,543,848
Urban,State - MANIPUR,Hindu,Total,537125,265209,271916,177995,118109,59886,54606,20258,34348,22965,9704,13261,304524,126842,177682,52247,21770,30477
Urban,State - MANIPUR,Hindu,5-9,44826,22950,21876,239,117,122,641,336,305,193,96,97,43946,22497,21449,1262,654,608
Urban,State - MANIPUR,Hindu,10-14,49051,24810,24241,614,365,249,1240,562,678,500,205,295,47197,23883,23314,2627,1316,1311
Urban,State - MANIPUR,Hindu,15-19,43526,21793,21733,3049,1905,1144,3114,1363,1751,1770,831,939,37363,18525,18838,9782,5000,4782
Urban,State - MANIPUR,Hindu,20-24,48040,23293,24747,12735,8348,4387,6558,2512,4046,3915,1711,2204,28747,12433,16314,13319,6414,6905
Urban,State - MANIPUR,Hindu,25-29,53179,25723,27456,23470,15649,7821,8552,3172,5380,4806,2031,2775,21157,6902,14255,10448,4253,6195
Urban,State - MANIPUR,Hindu,30-34,46318,22610,23708,24396,16780,7616,7525,2733,4792,3769,1608,2161,14397,3097,11300,5940,1956,3984
Urban,State - MANIPUR,Hindu,35-39,42286,20595,21691,24167,16484,7683,6568,2356,4212,2886,1220,1666,11551,1755,9796,3708,862,2846
Urban,State - MANIPUR,Hindu,40-49,68138,33929,34209,42796,28457,14339,9441,3263,6178,2985,1234,1751,15901,2209,13692,2969,644,2325
Urban,State - MANIPUR,Hindu,50-59,47921,23348,24573,30144,19288,10856,5922,1891,4031,1280,427,853,11855,2169,9686,1112,256,856
Urban,State - MANIPUR,Hindu,60-69,28088,13534,14554,11510,7480,4030,3302,1250,2052,553,199,354,13276,4804,8472,704,262,442
Urban,State - MANIPUR,Hindu,70-79,14364,6709,7655,3525,2311,1214,1208,559,649,188,91,97,9631,3839,5792,184,72,112
Urban,State - MANIPUR,Hindu,80+,7227,3277,3950,1006,705,301,399,214,185,69,36,33,5822,2358,3464,98,42,56
Urban,State - MANIPUR,Hindu,Age not stated,1223,622,601,344,220,124,136,47,89,51,15,36,743,355,388,94,39,55
Urban,State - MANIPUR,Hindu,15-59,349408,171291,178117,160757,106911,53846,47680,17290,30390,21411,9062,12349,140971,47090,93881,47278,19385,27893
Urban,State - MANIPUR,Hindu,60+,49679,23520,26159,16041,10496,5545,4909,2023,2886,810,326,484,28729,11001,17728,986,376,610
Urban,State - MANIPUR,Muslim,Total,83416,41627,41789,18697,14264,4433,10021,4201,5820,4991,2696,2295,54698,23162,31536,6005,2567,3438
Urban,State - MANIPUR,Muslim,5-9,11011,5631,5380,31,18,13,113,53,60,64,37,27,10867,5560,5307,201,95,106
Urban,State - MANIPUR,Muslim,10-14,10778,5429,5349,132,81,51,279,131,148,152,71,81,10367,5217,5150,454,236,218
Urban,State - MANIPUR,Muslim,15-19,9251,4431,4820,892,601,291,1070,465,605,640,326,314,7289,3365,3924,1547,778,769
Urban,State - MANIPUR,Muslim,20-24,8404,3989,4415,2026,1448,578,1758,775,983,1084,583,501,4620,1766,2854,1565,787,778
Urban,State - MANIPUR,Muslim,25-29,7864,3747,4117,2921,2190,731,1860,793,1067,1057,573,484,3083,764,2319,1022,373,649
Urban,State - MANIPUR,Muslim,30-34,5585,2811,2774,2548,1980,568,1262,540,722,631,362,269,1775,291,1484,483,136,347
Urban,State - MANIPUR,Muslim,35-39,5209,2637,2572,2687,2066,621,1032,418,614,504,277,227,1490,153,1337,288,58,230
Urban,State - MANIPUR,Muslim,40-49,7376,3675,3701,3876,3006,870,1348,466,882,503,266,237,2152,203,1949,222,41,181
Urban,State - MANIPUR,Muslim,50-59,4710,2472,2238,2454,1966,488,783,297,486,231,124,107,1473,209,1264,127,24,103
Urban,State - MANIPUR,Muslim,60-69,2430,1276,1154,867,700,167,369,173,196,98,60,38,1194,403,791,61,25,36
Urban,State - MANIPUR,Muslim,70-79,861,466,395,198,161,37,102,65,37,18,11,7,561,240,321,21,9,12
Urban,State - MANIPUR,Muslim,80+,372,187,185,45,33,12,29,20,9,7,6,1,298,134,164,9,1,8
Urban,State - MANIPUR,Muslim,Age not stated,117,60,57,20,14,6,16,5,11,2,0,2,81,41,40,5,4,1
Urban,State - MANIPUR,Muslim,15-59,48399,23762,24637,17404,13257,4147,9113,3754,5359,4650,2511,2139,21882,6751,15131,5254,2197,3057
Urban,State - MANIPUR,Muslim,60+,3663,1929,1734,1110,894,216,500,258,242,123,77,46,2053,777,1276,91,35,56
Urban,State - MANIPUR,Christian,Total,111640,54766,56874,31149,18936,12213,9900,4331,5569,5078,2450,2628,70591,31499,39092,13503,6211,7292
Urban,State - MANIPUR,Christian,5-9,11264,5616,5648,116,58,58,242,109,133,101,53,48,10906,5449,5457,307,151,156
Urban,State - MANIPUR,Christian,10-14,13390,6786,6604,206,111,95,571,268,303,189,80,109,12613,6407,6206,681,341,340
Urban,State - MANIPUR,Christian,15-19,12792,6183,6609,656,336,320,940,439,501,546,251,295,11196,5408,5788,3148,1540,1608
Urban,State - MANIPUR,Christian,20-24,11501,5662,5839,2169,1234,935,1346,631,715,957,478,479,7986,3797,4189,3804,1942,1862
Urban,State - MANIPUR,Christian,25-29,10508,5007,5501,4071,2351,1720,1482,646,836,994,472,522,4955,2010,2945,2565,1219,1346
Urban,State - MANIPUR,Christian,30-34,8419,3946,4473,4325,2576,1749,1214,508,706,707,342,365,2880,862,2018,1298,498,800
Urban,State - MANIPUR,Christian,35-39,7274,3375,3899,4155,2508,1647,1080,439,641,555,263,292,2039,428,1611,724,219,505
Urban,State - MANIPUR,Christian,40-49,12136,5774,6362,7673,4632,3041,1499,597,902,645,318,327,2964,545,2419,605,167,438
Urban,State - MANIPUR,Christian,50-59,8074,4185,3889,5230,3425,1805,845,358,487,237,117,120,1999,402,1597,215,68,147
Urban,State - MANIPUR,Christian,60-69,3860,1979,1881,1744,1156,588,398,184,214,87,44,43,1718,639,1079,93,38,55
Urban,State - MANIPUR,Christian,70-79,1820,887,933,561,384,177,177,88,89,28,11,17,1082,415,667,25,13,12
Urban,State - MANIPUR,Christian,80+,964,442,522,174,119,55,59,31,28,12,8,4,731,292,439,22,10,12
Urban,State - MANIPUR,Christian,Age not stated,389,198,191,69,46,23,47,33,14,20,13,7,273,119,154,16,5,11
Urban,State - MANIPUR,Christian,15-59,70704,34132,36572,28279,17062,11217,8406,3618,4788,4641,2241,2400,34019,13452,20567,12359,5653,6706
Urban,State - MANIPUR,Christian,60+,6644,3308,3336,2479,1659,820,634,303,331,127,63,64,3531,1346,2185,140,61,79
Urban,State - MANIPUR,Sikh,Total,792,451,341,342,283,59,25,14,11,12,10,2,425,154,271,44,16,28
Urban,State - MANIPUR,Sikh,5-9,57,29,28,2,2,0,0,0,0,0,0,0,55,27,28,1,0,1
Urban,State - MANIPUR,Sikh,10-14,47,27,20,3,2,1,0,0,0,0,0,0,44,25,19,4,1,3
Urban,State - MANIPUR,Sikh,15-19,53,29,24,5,2,3,0,0,0,0,0,0,48,27,21,13,6,7
Urban,State - MANIPUR,Sikh,20-24,66,37,29,22,18,4,5,5,0,5,5,0,39,14,25,11,4,7
Urban,State - MANIPUR,Sikh,25-29,87,55,32,52,45,7,4,3,1,4,3,1,31,7,24,6,4,2
Urban,State - MANIPUR,Sikh,30-34,82,47,35,51,42,9,4,2,2,1,1,0,27,3,24,3,1,2
Urban,State - MANIPUR,Sikh,35-39,57,34,23,36,31,5,2,1,1,1,1,0,19,2,17,4,0,4
Urban,State - MANIPUR,Sikh,40-49,111,63,48,77,63,14,4,0,4,1,0,1,30,0,30,1,0,1
Urban,State - MANIPUR,Sikh,50-59,80,45,35,50,41,9,5,2,3,0,0,0,25,2,23,1,0,1
Urban,State - MANIPUR,Sikh,60-69,43,28,15,28,24,4,1,1,0,0,0,0,14,3,11,0,0,0
Urban,State - MANIPUR,Sikh,70-79,26,14,12,9,7,2,0,0,0,0,0,0,17,7,10,0,0,0
Urban,State - MANIPUR,Sikh,80+,9,6,3,5,4,1,0,0,0,0,0,0,4,2,2,0,0,0
Urban,State - MANIPUR,Sikh,Age not stated,5,4,1,2,2,0,0,0,0,0,0,0,3,2,1,0,0,0
Urban,State - MANIPUR,Sikh,15-59,536,310,226,293,242,51,24,13,11,12,10,2,219,55,164,39,15,24
Urban,State - MANIPUR,Sikh,60+,78,48,30,42,35,7,1,1,0,0,0,0,35,12,23,0,0,0
Urban,State - MANIPUR,Buddhist,Total,2497,1247,1250,753,485,268,154,55,99,60,24,36,1590,707,883,375,167,208
Urban,State - MANIPUR,Buddhist,5-9,203,99,104,2,1,1,0,0,0,0,0,0,201,98,103,15,8,7
Urban,State - MANIPUR,Buddhist,10-14,286,157,129,6,5,1,3,1,2,2,0,2,277,151,126,40,13,27
Urban,State - MANIPUR,Buddhist,15-19,261,135,126,11,7,4,5,0,5,4,0,4,245,128,117,83,51,32
Urban,State - MANIPUR,Buddhist,20-24,236,108,128,47,31,16,26,9,17,11,5,6,163,68,95,91,39,52
Urban,State - MANIPUR,Buddhist,25-29,241,121,120,98,66,32,24,7,17,11,4,7,119,48,71,58,28,30
Urban,State - MANIPUR,Buddhist,30-34,181,78,103,96,62,34,22,5,17,6,3,3,63,11,52,26,7,19
Urban,State - MANIPUR,Buddhist,35-39,181,84,97,115,69,46,15,6,9,8,3,5,51,9,42,15,5,10
Urban,State - MANIPUR,Buddhist,40-49,318,158,160,195,125,70,37,17,20,12,6,6,86,16,70,24,4,20
Urban,State - MANIPUR,Buddhist,50-59,204,110,94,133,87,46,15,8,7,3,1,2,56,15,41,9,5,4
Urban,State - MANIPUR,Buddhist,60-69,101,51,50,32,22,10,5,2,3,2,2,0,64,27,37,8,4,4
Urban,State - MANIPUR,Buddhist,70-79,55,25,30,8,2,6,0,0,0,0,0,0,47,23,24,2,1,1
Urban,State - MANIPUR,Buddhist,80+,21,7,14,5,4,1,0,0,0,0,0,0,16,3,13,3,1,2
Urban,State - MANIPUR,Buddhist,Age not stated,18,11,7,5,4,1,2,0,2,1,0,1,11,7,4,1,1,0
Urban,State - MANIPUR,Buddhist,15-59,1622,794,828,695,447,248,144,52,92,55,22,33,783,295,488,306,139,167
Urban,State - MANIPUR,Buddhist,60+,177,83,94,45,28,17,5,2,3,2,2,0,127,53,74,13,6,7
Urban,State - MANIPUR,Jain,Total,1324,665,659,410,362,48,121,71,50,53,27,26,793,232,561,56,26,30
Urban,State - MANIPUR,Jain,5-9,102,57,45,0,0,0,2,0,2,1,0,1,100,57,43,2,2,0
Urban,State - MANIPUR,Jain,10-14,112,54,58,1,1,0,18,10,8,16,10,6,93,43,50,6,4,2
Urban,State - MANIPUR,Jain,15-19,96,41,55,1,0,1,17,7,10,16,6,10,78,34,44,17,3,14
Urban,State - MANIPUR,Jain,20-24,92,44,48,22,15,7,9,3,6,7,3,4,61,26,35,17,10,7
Urban,State - MANIPUR,Jain,25-29,109,53,56,36,32,4,17,11,6,9,6,3,56,10,46,9,5,4
Urban,State - MANIPUR,Jain,30-34,113,58,55,53,49,4,11,8,3,1,1,0,49,1,48,2,0,2
Urban,State - MANIPUR,Jain,35-39,112,54,58,51,49,2,8,2,6,2,0,2,53,3,50,1,1,0
Urban,State - MANIPUR,Jain,40-49,211,108,103,99,88,11,21,16,5,0,0,0,91,4,87,1,0,1
Urban,State - MANIPUR,Jain,50-59,139,74,65,77,66,11,9,8,1,0,0,0,53,0,53,0,0,0
Urban,State - MANIPUR,Jain,60-69,86,45,41,40,38,2,6,4,2,1,1,0,40,3,37,1,1,0
Urban,State - MANIPUR,Jain,70-79,35,20,15,22,18,4,2,1,1,0,0,0,11,1,10,0,0,0
Urban,State - MANIPUR,Jain,80+,17,9,8,8,6,2,1,1,0,0,0,0,8,2,6,0,0,0
Urban,State - MANIPUR,Jain,Age not stated,1,0,1,0,0,0,0,0,0,0,0,0,1,0,1,0,0,0
Urban,State - MANIPUR,Jain,15-59,872,432,440,339,299,40,92,55,37,35,16,19,441,78,363,47,19,28
Urban,State - MANIPUR,Jain,60+,138,74,64,70,62,8,9,6,3,1,1,0,59,6,53,1,1,0
Urban,State - MANIPUR,Other religious communities,Total,93901,46175,47726,30554,19827,10727,9555,3582,5973,4079,1778,2301,53792,22766,31026,9705,4057,5648
Urban,State - MANIPUR,Other religious communities,5-9,7998,4091,3907,47,25,22,64,27,37,24,11,13,7887,4039,3848,211,110,101
Urban,State - MANIPUR,Other religious communities,10-14,8908,4489,4419,98,57,41,153,64,89,62,28,34,8657,4368,4289,459,237,222
Urban,State - MANIPUR,Other religious communities,15-19,7669,3819,3850,499,314,185,505,185,320,286,122,164,6665,3320,3345,1853,915,938
Urban,State - MANIPUR,Other religious communities,20-24,8376,4077,4299,2226,1394,832,1157,445,712,688,313,375,4993,2238,2755,2453,1202,1251
Urban,State - MANIPUR,Other religious communities,25-29,9259,4401,4858,4023,2593,1430,1508,563,945,837,350,487,3728,1245,2483,1916,786,1130
Urban,State - MANIPUR,Other religious communities,30-34,8078,3882,4196,4340,2848,1492,1325,493,832,673,307,366,2413,541,1872,1073,344,729
Urban,State - MANIPUR,Other religious communities,35-39,7468,3513,3955,4251,2749,1502,1191,444,747,530,239,291,2026,320,1706,741,185,556
Urban,State - MANIPUR,Other religious communities,40-49,11970,5903,6067,7411,4869,2542,1798,644,1154,565,243,322,2761,390,2371,598,142,456
Urban,State - MANIPUR,Other religious communities,50-59,8285,4060,4225,5113,3284,1829,1059,365,694,278,111,167,2113,411,1702,226,62,164
Urban,State - MANIPUR,Other religious communities,60-69,4608,2291,2317,1814,1206,608,570,241,329,104,41,63,2224,844,1380,113,49,64
Urban,State - MANIPUR,Other religious communities,70-79,2215,1045,1170,523,361,162,161,78,83,19,7,12,1531,606,925,33,11,22
Urban,State - MANIPUR,Other religious communities,80+,1008,423,585,143,86,57,46,29,17,9,4,5,819,308,511,12,4,8
Urban,State - MANIPUR,Other religious communities,Age not stated,257,126,131,66,41,25,18,4,14,4,2,2,173,81,92,17,10,7
Urban,State - MANIPUR,Other religious communities,15-59,61105,29655,31450,27863,18051,9812,8543,3139,5404,3857,1685,2172,24699,8465,16234,8860,3636,5224
Urban,State - MANIPUR,Other religious communities,60+,7831,3759,4072,2480,1653,827,777,348,429,132,52,80,4574,1758,2816,158,64,94
Total,State - MIZORAM,All religious communities,Total,1097206,555339,541867,415030,263305,151725,71675,27435,44240,21926,10905,11021,610501,264599,345902,52963,22327,30636
Total,State - MIZORAM,All religious communities,5-9,117788,59888,57900,448,225,223,1045,516,529,106,52,54,116295,59147,57148,1925,954,971
Total,State - MIZORAM,All religious communities,10-14,116981,59526,57455,2345,1237,1108,3940,1866,2074,482,249,233,110696,56423,54273,3682,1867,1815
Total,State - MIZORAM,All religious communities,15-19,110343,55907,54436,21705,12934,8771,9134,4384,4750,3218,1706,1512,79504,38589,40915,13192,6507,6685
Total,State - MIZORAM,All religious communities,20-24,111708,55512,56196,49444,31458,17986,12259,5263,6996,5258,2825,2433,50005,18791,31214,15161,6825,8336
Total,State - MIZORAM,All religious communities,25-29,102346,51390,50956,61477,39976,21501,11020,4215,6805,4418,2180,2238,29849,7199,22650,8453,3215,5238
Total,State - MIZORAM,All religious communities,30-34,88374,44341,44033,58894,37902,20992,8456,2926,5530,2882,1405,1477,21024,3513,17511,4514,1368,3146
Total,State - MIZORAM,All religious communities,35-39,72384,36817,35567,51915,32870,19045,6152,1928,4224,1962,862,1100,14317,2019,12298,2616,651,1965
Total,State - MIZORAM,All religious communities,40-49,111355,56998,54357,83428,52042,31386,8515,2457,6058,2059,920,1139,19412,2499,16913,1951,486,1465
Total,State - MIZORAM,All religious communities,50-59,75433,38695,36738,55347,34769,20578,5584,1634,3950,966,453,513,14502,2292,12210,812,217,595
Total,State - MIZORAM,All religious communities,60-69,40650,20471,20179,22472,14628,7844,3546,1260,2286,418,173,245,14632,4583,10049,469,160,309
Total,State - MIZORAM,All religious communities,70-79,19804,9992,9812,6178,4293,1885,1625,776,849,118,62,56,12001,4923,7078,97,37,60
Total,State - MIZORAM,All religious communities,80+,8174,3882,4292,1172,836,336,349,182,167,28,13,15,6653,2864,3789,70,29,41
Total,State - MIZORAM,All religious communities,Age not stated,633,379,254,205,135,70,50,28,22,11,5,6,378,216,162,21,11,10
Total,State - MIZORAM,All religious communities,15-59,671943,339660,332283,382210,241951,140259,61120,22807,38313,20763,10351,10412,228613,74902,153711,46699,19269,27430
Total,State - MIZORAM,All religious communities,60+,68628,34345,34283,29822,19757,10065,5520,2218,3302,564,248,316,33286,12370,20916,636,226,410
Total,State - MIZORAM,Hindu,Total,30136,20013,10123,15506,13930,1576,1119,559,560,303,181,122,13511,5524,7987,1052,457,595
Total,State - MIZORAM,Hindu,5-9,2435,1320,1115,13,8,5,11,5,6,1,0,1,2411,1307,1104,35,20,15
Total,State - MIZORAM,Hindu,10-14,2342,1258,1084,44,33,11,58,26,32,3,1,2,2240,1199,1041,48,26,22
Total,State - MIZORAM,Hindu,15-19,2201,1224,977,430,296,134,132,68,64,46,29,17,1639,860,779,247,142,105
Total,State - MIZORAM,Hindu,20-24,3071,1979,1092,1568,1375,193,198,113,85,69,40,29,1305,491,814,322,163,159
Total,State - MIZORAM,Hindu,25-29,3813,2723,1090,2713,2450,263,192,107,85,46,27,19,908,166,742,176,62,114
Total,State - MIZORAM,Hindu,30-34,3461,2550,911,2627,2410,217,166,90,76,57,42,15,668,50,618,92,14,78
Total,State - MIZORAM,Hindu,35-39,2995,2224,771,2368,2149,219,99,38,61,27,10,17,528,37,491,59,13,46
Total,State - MIZORAM,Hindu,40-49,4782,3744,1038,3958,3651,307,140,61,79,31,18,13,684,32,652,43,10,33
Total,State - MIZORAM,Hindu,50-59,1815,1338,477,1439,1273,166,70,26,44,16,11,5,306,39,267,19,6,13
Total,State - MIZORAM,Hindu,60-69,468,277,191,243,194,49,37,18,19,4,1,3,188,65,123,7,1,6
Total,State - MIZORAM,Hindu,70-79,216,124,92,72,64,8,10,5,5,1,1,0,134,55,79,0,0,0
Total,State - MIZORAM,Hindu,80+,88,46,42,22,20,2,4,1,3,1,1,0,62,25,37,2,0,2
Total,State - MIZORAM,Hindu,Age not stated,21,13,8,9,7,2,2,1,1,1,0,1,10,5,5,2,0,2
Total,State - MIZORAM,Hindu,15-59,22138,15782,6356,15103,13604,1499,997,503,494,292,177,115,6038,1675,4363,958,410,548
Total,State - MIZORAM,Hindu,60+,772,447,325,337,278,59,51,24,27,6,3,3,384,145,239,9,1,8
Total,State - MIZORAM,Muslim,Total,14832,9550,5282,7552,6279,1273,953,576,377,289,198,91,6327,2695,3632,287,96,191
Total,State - MIZORAM,Muslim,5-9,1618,796,822,64,27,37,18,9,9,1,0,1,1536,760,776,16,5,11
Total,State - MIZORAM,Muslim,10-14,1267,717,550,162,124,38,79,48,31,13,9,4,1026,545,481,16,8,8
Total,State - MIZORAM,Muslim,15-19,1513,986,527,817,672,145,127,82,45,53,36,17,569,232,337,69,31,38
Total,State - MIZORAM,Muslim,20-24,1984,1411,573,1375,1186,189,177,119,58,60,36,24,432,106,326,73,23,50
Total,State - MIZORAM,Muslim,25-29,1834,1320,514,1374,1173,201,149,94,55,45,33,12,311,53,258,53,16,37
Total,State - MIZORAM,Muslim,30-34,1365,949,416,1010,846,164,143,82,61,50,33,17,212,21,191,36,6,30
Total,State - MIZORAM,Muslim,35-39,1150,822,328,921,765,156,74,44,30,24,20,4,155,13,142,15,3,12
Total,State - MIZORAM,Muslim,40-49,1328,972,356,1095,907,188,95,51,44,29,22,7,138,14,124,4,1,3
Total,State - MIZORAM,Muslim,50-59,640,424,216,503,391,112,46,21,25,9,6,3,91,12,79,1,1,0
Total,State - MIZORAM,Muslim,60-69,282,172,110,173,138,35,16,6,10,3,1,2,93,28,65,3,2,1
Total,State - MIZORAM,Muslim,70-79,106,64,42,38,31,7,12,7,5,1,1,0,56,26,30,1,0,1
Total,State - MIZORAM,Muslim,80+,38,22,16,13,12,1,3,1,2,1,1,0,22,9,13,0,0,0
Total,State - MIZORAM,Muslim,Age not stated,28,24,4,7,7,0,14,12,2,0,0,0,7,5,2,0,0,0
Total,State - MIZORAM,Muslim,15-59,9814,6884,2930,7095,5940,1155,811,493,318,270,186,84,1908,451,1457,251,81,170
Total,State - MIZORAM,Muslim,60+,426,258,168,224,181,43,31,14,17,5,3,2,171,63,108,4,2,2
Total,State - MIZORAM,Christian,Total,956331,476464,479867,357781,220905,136876,61861,24339,37522,19010,9568,9442,536689,231220,305469,49725,21043,28682
Total,State - MIZORAM,Christian,5-9,99981,50686,49295,289,155,134,961,472,489,102,51,51,98731,50059,48672,1815,887,928
Total,State - MIZORAM,Christian,10-14,100760,50899,49861,1327,692,635,3283,1592,1691,349,186,163,96150,48615,47535,3420,1737,1683
Total,State - MIZORAM,Christian,15-19,96643,48555,48088,17138,10227,6911,7533,3707,3826,2623,1382,1241,71972,34621,37351,12386,6098,6288
Total,State - MIZORAM,Christian,20-24,96058,47011,49047,40493,25233,15260,10343,4638,5705,4645,2537,2108,45222,17140,28082,14261,6401,7860
Total,State - MIZORAM,Christian,25-29,88418,43146,45272,51840,32590,19250,9442,3773,5669,3926,1983,1943,27136,6783,20353,7995,3078,4917
Total,State - MIZORAM,Christian,30-34,77400,37667,39733,50865,31660,19205,7422,2637,4785,2575,1264,1311,19113,3370,15743,4251,1326,2925
Total,State - MIZORAM,Christian,35-39,63235,31184,32051,45008,27502,17506,5368,1765,3603,1730,780,950,12859,1917,10942,2444,625,1819
Total,State - MIZORAM,Christian,40-49,97724,48401,49323,72836,43801,29035,7396,2212,5184,1742,796,946,17492,2388,15104,1801,464,1337
Total,State - MIZORAM,Christian,50-59,68418,34477,33941,50230,30896,19334,4908,1452,3456,802,367,435,13280,2129,11151,740,202,538
Total,State - MIZORAM,Christian,60-69,37517,18744,18773,20759,13333,7426,3294,1167,2127,374,152,222,13464,4244,9220,435,150,285
Total,State - MIZORAM,Christian,70-79,18525,9299,9226,5745,3940,1805,1547,735,812,107,54,53,11233,4624,6609,91,35,56
Total,State - MIZORAM,Christian,80+,7706,3655,4051,1072,762,310,332,174,158,26,11,15,6302,2719,3583,67,29,38
Total,State - MIZORAM,Christian,Age not stated,513,310,203,179,114,65,32,15,17,9,5,4,302,181,121,19,11,8
Total,State - MIZORAM,Christian,15-59,587896,290441,297455,328410,201909,126501,52412,20184,32228,18043,9109,8934,207074,68348,138726,43878,18194,25684
Total,State - MIZORAM,Christian,60+,63748,31698,32050,27576,18035,9541,5173,2076,3097,507,217,290,30999,11587,19412,593,214,379
Total,State - MIZORAM,Sikh,Total,286,216,70,186,178,8,5,3,2,3,2,1,95,35,60,9,5,4
Total,State - MIZORAM,Sikh,5-9,19,6,13,0,0,0,0,0,0,0,0,0,19,6,13,0,0,0
Total,State - MIZORAM,Sikh,10-14,13,8,5,0,0,0,1,0,1,0,0,0,12,8,4,0,0,0
Total,State - MIZORAM,Sikh,15-19,10,5,5,0,0,0,0,0,0,0,0,0,10,5,5,3,2,1
Total,State - MIZORAM,Sikh,20-24,25,15,10,10,10,0,2,2,0,1,1,0,13,3,10,5,2,3
Total,State - MIZORAM,Sikh,25-29,35,31,4,32,31,1,0,0,0,0,0,0,3,0,3,0,0,0
Total,State - MIZORAM,Sikh,30-34,52,44,8,45,43,2,0,0,0,0,0,0,7,1,6,1,1,0
Total,State - MIZORAM,Sikh,35-39,28,27,1,28,27,1,0,0,0,0,0,0,0,0,0,0,0,0
Total,State - MIZORAM,Sikh,40-49,63,54,9,56,53,3,1,1,0,1,1,0,6,0,6,0,0,0
Total,State - MIZORAM,Sikh,50-59,13,12,1,13,12,1,0,0,0,0,0,0,0,0,0,0,0,0
Total,State - MIZORAM,Sikh,60-69,2,1,1,1,1,0,0,0,0,0,0,0,1,0,1,0,0,0
Total,State - MIZORAM,Sikh,70-79,1,1,0,0,0,0,0,0,0,0,0,0,1,1,0,0,0,0
Total,State - MIZORAM,Sikh,80+,1,1,0,1,1,0,0,0,0,0,0,0,0,0,0,0,0,0
Total,State - MIZORAM,Sikh,Age not stated,1,0,1,0,0,0,1,0,1,1,0,1,0,0,0,0,0,0
Total,State - MIZORAM,Sikh,15-59,226,188,38,184,176,8,3,3,0,2,2,0,39,9,30,9,5,4
Total,State - MIZORAM,Sikh,60+,4,3,1,2,2,0,0,0,0,0,0,0,2,1,1,0,0,0
Total,State - MIZORAM,Buddhist,Total,93411,47970,45441,33301,21564,11737,7610,1904,5706,2285,937,1348,52500,24502,27998,1797,676,1121
Total,State - MIZORAM,Buddhist,5-9,13477,6951,6526,80,34,46,53,28,25,2,1,1,13344,6889,6455,57,40,17
Total,State - MIZORAM,Buddhist,10-14,12346,6514,5832,805,383,422,512,198,314,116,53,63,11029,5933,5096,193,94,99
Total,State - MIZORAM,Buddhist,15-19,9758,5028,4730,3269,1714,1555,1325,515,810,491,255,236,5164,2799,2365,462,217,245
Total,State - MIZORAM,Buddhist,20-24,10338,4982,5356,5893,3588,2305,1506,376,1130,472,205,267,2939,1018,1921,473,225,248
Total,State - MIZORAM,Buddhist,25-29,8065,4075,3990,5414,3658,1756,1218,234,984,393,133,260,1433,183,1250,213,50,163
Total,State - MIZORAM,Buddhist,30-34,5963,3070,2893,4262,2894,1368,712,112,600,195,64,131,989,64,925,129,17,112
Total,State - MIZORAM,Buddhist,35-39,4870,2503,2367,3512,2376,1136,607,81,526,180,52,128,751,46,705,93,8,85
Total,State - MIZORAM,Buddhist,40-49,7289,3747,3542,5355,3555,1800,876,131,745,253,82,171,1058,61,997,100,10,90
Total,State - MIZORAM,Buddhist,50-59,4428,2384,2044,3086,2149,937,547,130,417,138,68,70,795,105,690,50,7,43
Total,State - MIZORAM,Buddhist,60-69,2302,1231,1071,1252,926,326,190,66,124,36,18,18,860,239,621,22,7,15
Total,State - MIZORAM,Buddhist,70-79,908,478,430,306,243,63,55,28,27,9,6,3,547,207,340,4,1,3
Total,State - MIZORAM,Buddhist,80+,325,151,174,62,41,21,9,5,4,0,0,0,254,105,149,1,0,1
Total,State - MIZORAM,Buddhist,Age not stated,21,8,13,5,3,2,0,0,0,0,0,0,16,5,11,0,0,0
Total,State - MIZORAM,Buddhist,15-59,50711,25789,24922,30791,19934,10857,6791,1579,5212,2122,859,1263,13129,4276,8853,1520,534,986
Total,State - MIZORAM,Buddhist,60+,3535,1860,1675,1620,1210,410,254,99,155,45,24,21,1661,551,1110,27,8,19
Total,State - MIZORAM,Jain,Total,376,208,168,119,75,44,19,5,14,8,2,6,238,128,110,13,9,4
Total,State - MIZORAM,Jain,5-9,59,30,29,2,1,1,1,1,0,0,0,0,56,28,28,0,0,0
Total,State - MIZORAM,Jain,10-14,68,43,25,2,2,0,3,1,2,1,0,1,63,40,23,1,0,1
Total,State - MIZORAM,Jain,15-19,47,24,23,13,6,7,3,2,1,2,1,1,31,16,15,4,4,0
Total,State - MIZORAM,Jain,20-24,40,21,19,25,15,10,5,1,4,3,1,2,10,5,5,3,1,2
Total,State - MIZORAM,Jain,25-29,35,20,15,24,16,8,2,0,2,1,0,1,9,4,5,4,4,0
Total,State - MIZORAM,Jain,30-34,16,6,10,12,5,7,1,0,1,0,0,0,3,1,2,0,0,0
Total,State - MIZORAM,Jain,35-39,15,7,8,10,5,5,2,0,2,1,0,1,3,2,1,0,0,0
Total,State - MIZORAM,Jain,40-49,19,12,7,15,11,4,0,0,0,0,0,0,4,1,3,0,0,0
Total,State - MIZORAM,Jain,50-59,11,7,4,9,7,2,0,0,0,0,0,0,2,0,2,1,0,1
Total,State - MIZORAM,Jain,60-69,11,7,4,6,6,0,2,0,2,0,0,0,3,1,2,0,0,0
Total,State - MIZORAM,Jain,70-79,4,2,2,1,1,0,0,0,0,0,0,0,3,1,2,0,0,0
Total,State - MIZORAM,Jain,80+,1,0,1,0,0,0,0,0,0,0,0,0,1,0,1,0,0,0
Total,State - MIZORAM,Jain,Age not stated,0,0,0,0,0,0,0,0,0,0,0,0,0,0,0,0,0,0
Total,State - MIZORAM,Jain,15-59,183,97,86,108,65,43,13,3,10,7,2,5,62,29,33,12,9,3
Total,State - MIZORAM,Jain,60+,16,9,7,7,7,0,2,0,2,0,0,0,7,2,5,0,0,0
Total,State - MIZORAM,Other religious communities,Total,808,402,406,342,207,135,44,21,23,9,4,5,422,174,248,32,14,18
Total,State - MIZORAM,Other religious communities,5-9,67,26,41,0,0,0,0,0,0,0,0,0,67,26,41,0,0,0
Total,State - MIZORAM,Other religious communities,10-14,76,40,36,2,1,1,0,0,0,0,0,0,74,39,35,3,1,2
Total,State - MIZORAM,Other religious communities,15-19,78,32,46,17,4,13,6,5,1,2,2,0,55,23,32,8,4,4
Total,State - MIZORAM,Other religious communities,20-24,95,49,46,48,28,20,14,7,7,4,1,3,33,14,19,6,3,3
Total,State - MIZORAM,Other religious communities,25-29,74,39,35,47,33,14,7,3,4,1,1,0,20,3,17,5,1,4
Total,State - MIZORAM,Other religious communities,30-34,70,31,39,46,26,20,4,1,3,1,0,1,20,4,16,2,2,0
Total,State - MIZORAM,Other religious communities,35-39,44,29,15,38,28,10,0,0,0,0,0,0,6,1,5,2,1,1
Total,State - MIZORAM,Other religious communities,40-49,75,33,42,59,31,28,2,0,2,1,0,1,14,2,12,3,1,2
Total,State - MIZORAM,Other religious communities,50-59,68,30,38,44,25,19,4,1,3,0,0,0,20,4,16,0,0,0
Total,State - MIZORAM,Other religious communities,60-69,49,27,22,28,20,8,5,2,3,0,0,0,16,5,11,2,0,2
Total,State - MIZORAM,Other religious communities,70-79,29,18,11,11,10,1,1,1,0,0,0,0,17,7,10,1,1,0
Total,State - MIZORAM,Other religious communities,80+,7,4,3,1,0,1,1,1,0,0,0,0,5,3,2,0,0,0
Total,State - MIZORAM,Other religious communities,Age not stated,1,1,0,1,1,0,0,0,0,0,0,0,0,0,0,0,0,0
Total,State - MIZORAM,Other religious communities,15-59,504,243,261,299,175,124,37,17,20,9,4,5,168,51,117,26,12,14
Total,State - MIZORAM,Other religious communities,60+,85,49,36,40,30,10,7,4,3,0,0,0,38,15,23,3,1,2
Rural,State - MIZORAM,All religious communities,Total,525435,269135,256300,217824,134888,82936,34558,10203,24355,8308,3364,4944,273053,124044,149009,13487,5933,7554
Rural,State - MIZORAM,All religious communities,5-9,64896,33073,31823,253,126,127,785,389,396,58,28,30,63858,32558,31300,923,467,456
Rural,State - MIZORAM,All religious communities,10-14,60088,30836,29252,1763,910,853,2782,1277,1505,301,146,155,55543,28649,26894,1714,870,844
Rural,State - MIZORAM,All religious communities,15-19,50257,26000,24257,15189,8767,6422,5124,2195,2929,1594,781,813,29944,15038,14906,4255,2198,2057
Rural,State - MIZORAM,All religious communities,20-24,50969,25314,25655,30074,18354,11720,5732,1708,4024,2033,897,1136,15163,5252,9911,3236,1478,1758
Rural,State - MIZORAM,All religious communities,25-29,46384,23442,22942,32605,20602,12003,4889,1175,3714,1561,575,986,8890,1665,7225,1475,504,971
Rural,State - MIZORAM,All religious communities,30-34,38740,19801,18939,29160,18342,10818,3528,693,2835,907,316,591,6052,766,5286,751,173,578
Rural,State - MIZORAM,All religious communities,35-39,31629,16461,15168,25081,15589,9492,2537,480,2057,598,192,406,4011,392,3619,391,60,331
Rural,State - MIZORAM,All religious communities,40-49,47863,24908,22955,38726,23668,15058,3572,669,2903,680,216,464,5565,571,4994,360,70,290
Rural,State - MIZORAM,All religious communities,50-59,34861,18308,16553,27809,17161,10648,2630,533,2097,344,125,219,4422,614,3808,184,45,139
Rural,State - MIZORAM,All religious communities,60-69,19614,10215,9399,12792,8289,4503,1839,542,1297,168,61,107,4983,1384,3599,137,46,91
Rural,State - MIZORAM,All religious communities,70-79,9171,4783,4388,3594,2546,1048,932,445,487,52,24,28,4645,1792,2853,38,12,26
Rural,State - MIZORAM,All religious communities,80+,3711,1763,1948,660,460,200,191,92,99,9,2,7,2860,1211,1649,19,7,12
Rural,State - MIZORAM,All religious communities,Age not stated,280,154,126,118,74,44,17,5,12,3,1,2,145,75,70,4,3,1
Rural,State - MIZORAM,All religious communities,15-59,300703,154234,146469,198644,122483,76161,28012,7453,20559,7717,3102,4615,74047,24298,49749,10652,4528,6124
Rural,State - MIZORAM,All religious communities,60+,32496,16761,15735,17046,11295,5751,2962,1079,1883,229,87,142,12488,4387,8101,194,65,129
Rural,State - MIZORAM,Hindu,Total,7194,4799,2395,3849,3296,553,302,128,174,54,27,27,3043,1375,1668,84,33,51
Rural,State - MIZORAM,Hindu,5-9,753,380,373,2,2,0,6,2,4,1,0,1,745,376,369,4,1,3
Rural,State - MIZORAM,Hindu,10-14,649,371,278,18,15,3,23,11,12,3,1,2,608,345,263,7,3,4
Rural,State - MIZORAM,Hindu,15-19,489,273,216,208,121,87,51,19,32,19,10,9,230,133,97,22,12,10
Rural,State - MIZORAM,Hindu,20-24,668,450,218,469,383,86,52,23,29,10,3,7,147,44,103,18,8,10
Rural,State - MIZORAM,Hindu,25-29,857,644,213,683,597,86,37,22,15,5,3,2,137,25,112,10,3,7
Rural,State - MIZORAM,Hindu,30-34,738,564,174,607,533,74,36,16,20,4,3,1,95,15,80,8,2,6
Rural,State - MIZORAM,Hindu,35-39,624,494,130,537,477,60,23,11,12,2,1,1,64,6,58,6,3,3
Rural,State - MIZORAM,Hindu,40-49,988,818,170,885,802,83,35,11,24,7,5,2,68,5,63,5,1,4
Rural,State - MIZORAM,Hindu,50-59,357,270,87,306,265,41,17,4,13,2,1,1,34,1,33,1,0,1
Rural,State - MIZORAM,Hindu,60-69,139,78,61,93,64,29,16,6,10,1,0,1,30,8,22,2,0,2
Rural,State - MIZORAM,Hindu,70-79,67,42,25,33,30,3,5,3,2,0,0,0,29,9,20,0,0,0
Rural,State - MIZORAM,Hindu,80+,28,16,12,8,7,1,1,0,1,0,0,0,19,9,10,1,0,1
Rural,State - MIZORAM,Hindu,Age not stated,0,0,0,0,0,0,0,0,0,0,0,0,0,0,0,0,0,0
Rural,State - MIZORAM,Hindu,15-59,4721,3513,1208,3695,3178,517,251,106,145,49,26,23,775,229,546,70,29,41
Rural,State - MIZORAM,Hindu,60+,234,136,98,134,101,33,22,9,13,1,0,1,78,26,52,3,0,3
Rural,State - MIZORAM,Muslim,Total,6549,3615,2934,2748,1964,784,366,136,230,111,60,51,3435,1515,1920,87,29,58
Rural,State - MIZORAM,Muslim,5-9,1021,507,514,5,1,4,7,4,3,0,0,0,1009,502,507,7,2,5
Rural,State - MIZORAM,Muslim,10-14,761,407,354,77,58,19,38,18,20,5,3,2,646,331,315,4,2,2
Rural,State - MIZORAM,Muslim,15-19,613,346,267,329,225,104,51,21,30,20,9,11,233,100,133,21,12,9
Rural,State - MIZORAM,Muslim,20-24,620,350,270,422,298,124,53,22,31,18,9,9,145,30,115,30,9,21
Rural,State - MIZORAM,Muslim,25-29,609,341,268,440,307,133,58,20,38,16,7,9,111,14,97,13,3,10
Rural,State - MIZORAM,Muslim,30-34,483,264,219,346,242,104,56,18,38,25,13,12,81,4,77,8,0,8
Rural,State - MIZORAM,Muslim,35-39,421,253,168,336,241,95,25,9,16,9,8,1,60,3,57,1,0,1
Rural,State - MIZORAM,Muslim,40-49,542,346,196,439,326,113,46,15,31,15,9,6,57,5,52,1,0,1
Rural,State - MIZORAM,Muslim,50-59,277,165,112,227,160,67,14,3,11,2,2,0,36,2,34,0,0,0
Rural,State - MIZORAM,Muslim,60-69,132,85,47,95,77,18,5,1,4,1,0,1,32,7,25,1,1,0
Rural,State - MIZORAM,Muslim,70-79,57,36,21,22,19,3,10,5,5,0,0,0,25,12,13,1,0,1
Rural,State - MIZORAM,Muslim,80+,19,9,10,5,5,0,2,0,2,0,0,0,12,4,8,0,0,0
Rural,State - MIZORAM,Muslim,Age not stated,9,7,2,5,5,0,1,0,1,0,0,0,3,2,1,0,0,0
Rural,State - MIZORAM,Muslim,15-59,3565,2065,1500,2539,1799,740,303,108,195,105,57,48,723,158,565,74,24,50
Rural,State - MIZORAM,Muslim,60+,208,130,78,122,101,21,17,6,11,1,0,1,69,23,46,2,1,1
Rural,State - MIZORAM,Christian,Total,419398,213209,206189,178452,108261,70191,26295,8041,18254,5853,2346,3507,214651,96907,117744,11625,5252,6373
Rural,State - MIZORAM,Christian,5-9,49672,25262,24410,167,90,77,717,353,364,55,27,28,48788,24819,23969,856,424,432
Rural,State - MIZORAM,Christian,10-14,46508,23614,22894,875,454,421,2204,1049,1155,177,90,87,43429,22111,21318,1517,774,743
Rural,State - MIZORAM,Christian,15-19,39653,20468,19185,11463,6735,4728,3708,1643,2065,1066,510,556,24482,12090,12392,3786,1977,1809
Rural,State - MIZORAM,Christian,20-24,39564,19619,19945,23390,14114,9276,4126,1292,2834,1529,679,850,12048,4213,7835,2752,1263,1489
Rural,State - MIZORAM,Christian,25-29,37020,18437,18583,26199,16090,10109,3575,898,2677,1144,431,713,7246,1449,5797,1248,449,799
Rural,State - MIZORAM,Christian,30-34,31649,15931,15718,24025,14701,9324,2723,545,2178,681,236,445,4901,685,4216,611,156,455
Rural,State - MIZORAM,Christian,35-39,25810,13255,12555,20751,12524,8227,1886,382,1504,408,133,275,3173,349,2824,302,53,249
Rural,State - MIZORAM,Christian,40-49,39150,20044,19106,32113,19023,13090,2622,513,2109,405,120,285,4415,508,3907,256,59,197
Rural,State - MIZORAM,Christian,50-59,29831,15510,14321,24214,14604,9610,2054,397,1657,204,56,148,3563,509,3054,132,38,94
Rural,State - MIZORAM,Christian,60-69,17018,8804,8214,11338,7208,4130,1625,468,1157,130,43,87,4055,1128,2927,112,39,73
Rural,State - MIZORAM,Christian,70-79,8130,4215,3915,3227,2247,980,862,409,453,43,18,25,4041,1559,2482,32,10,22
Rural,State - MIZORAM,Christian,80+,3338,1585,1753,584,407,177,179,87,92,9,2,7,2575,1091,1484,17,7,10
Rural,State - MIZORAM,Christian,Age not stated,237,135,102,106,64,42,14,5,9,2,1,1,117,66,51,4,3,1
Rural,State - MIZORAM,Christian,15-59,242677,123264,119413,162155,97791,64364,20694,5670,15024,5437,2165,3272,59828,19803,40025,9087,3995,5092
Rural,State - MIZORAM,Christian,60+,28486,14604,13882,15149,9862,5287,2666,964,1702,182,63,119,10671,3778,6893,161,56,105
Rural,State - MIZORAM,Sikh,Total,88,62,26,52,48,4,5,3,2,3,2,1,31,11,20,0,0,0
Rural,State - MIZORAM,Sikh,5-9,7,1,6,0,0,0,0,0,0,0,0,0,7,1,6,0,0,0
Rural,State - MIZORAM,Sikh,10-14,6,3,3,0,0,0,1,0,1,0,0,0,5,3,2,0,0,0
Rural,State - MIZORAM,Sikh,15-19,3,1,2,0,0,0,0,0,0,0,0,0,3,1,2,0,0,0
Rural,State - MIZORAM,Sikh,20-24,7,6,1,4,4,0,2,2,0,1,1,0,1,0,1,0,0,0
Rural,State - MIZORAM,Sikh,25-29,9,7,2,8,7,1,0,0,0,0,0,0,1,0,1,0,0,0
Rural,State - MIZORAM,Sikh,30-34,14,12,2,13,12,1,0,0,0,0,0,0,1,0,1,0,0,0
Rural,State - MIZORAM,Sikh,35-39,9,8,1,9,8,1,0,0,0,0,0,0,0,0,0,0,0,0
Rural,State - MIZORAM,Sikh,40-49,18,15,3,15,14,1,1,1,0,1,1,0,2,0,2,0,0,0
Rural,State - MIZORAM,Sikh,50-59,3,3,0,3,3,0,0,0,0,0,0,0,0,0,0,0,0,0
Rural,State - MIZORAM,Sikh,60-69,0,0,0,0,0,0,0,0,0,0,0,0,0,0,0,0,0,0
Rural,State - MIZORAM,Sikh,70-79,0,0,0,0,0,0,0,0,0,0,0,0,0,0,0,0,0,0
Rural,State - MIZORAM,Sikh,80+,0,0,0,0,0,0,0,0,0,0,0,0,0,0,0,0,0,0
Rural,State - MIZORAM,Sikh,Age not stated,1,0,1,0,0,0,1,0,1,1,0,1,0,0,0,0,0,0
Rural,State - MIZORAM,Sikh,15-59,63,52,11,52,48,4,3,3,0,2,2,0,8,1,7,0,0,0
Rural,State - MIZORAM,Sikh,60+,0,0,0,0,0,0,0,0,0,0,0,0,0,0,0,0,0,0
Rural,State - MIZORAM,Buddhist,Total,91112,46881,44231,32319,21064,11255,7538,1878,5660,2272,925,1347,51255,23939,27316,1664,606,1058
Rural,State - MIZORAM,Buddhist,5-9,13303,6852,6451,79,33,46,53,28,25,2,1,1,13171,6791,6380,54,38,16
Rural,State - MIZORAM,Buddhist,10-14,12014,6361,5653,788,379,409,510,197,313,115,52,63,10716,5785,4931,184,90,94
Rural,State - MIZORAM,Buddhist,15-19,9407,4867,4540,3158,1669,1489,1308,508,800,487,251,236,4941,2690,2251,420,194,226
Rural,State - MIZORAM,Buddhist,20-24,10005,4837,5168,5723,3516,2207,1486,366,1120,469,203,266,2796,955,1841,431,196,235
Rural,State - MIZORAM,Buddhist,25-29,7809,3967,3842,5219,3560,1659,1211,233,978,393,133,260,1379,174,1205,197,46,151
Rural,State - MIZORAM,Buddhist,30-34,5792,3002,2790,4127,2831,1296,707,112,595,195,64,131,958,59,899,122,14,108
Rural,State - MIZORAM,Buddhist,35-39,4710,2421,2289,3400,2310,1090,600,78,522,178,50,128,710,33,677,82,4,78
Rural,State - MIZORAM,Buddhist,40-49,7083,3642,3441,5204,3461,1743,866,129,737,252,81,171,1013,52,961,98,10,88
Rural,State - MIZORAM,Buddhist,50-59,4337,2334,2003,3015,2105,910,543,128,415,136,66,70,779,101,678,50,7,43
Rural,State - MIZORAM,Buddhist,60-69,2282,1219,1063,1239,916,323,190,66,124,36,18,18,853,237,616,21,6,15
Rural,State - MIZORAM,Buddhist,70-79,890,472,418,301,240,61,55,28,27,9,6,3,534,204,330,4,1,3
Rural,State - MIZORAM,Buddhist,80+,320,151,169,62,41,21,9,5,4,0,0,0,249,105,144,1,0,1
Rural,State - MIZORAM,Buddhist,Age not stated,20,8,12,4,3,1,0,0,0,0,0,0,16,5,11,0,0,0
Rural,State - MIZORAM,Buddhist,15-59,49143,25070,24073,29846,19452,10394,6721,1554,5167,2110,848,1262,12576,4064,8512,1400,471,929
Rural,State - MIZORAM,Buddhist,60+,3492,1842,1650,1602,1197,405,254,99,155,45,24,21,1636,546,1090,26,7,19
Rural,State - MIZORAM,Jain,Total,260,140,120,83,51,32,18,5,13,7,2,5,159,84,75,4,2,2
Rural,State - MIZORAM,Jain,5-9,43,22,21,0,0,0,1,1,0,0,0,0,42,21,21,0,0,0
Rural,State - MIZORAM,Jain,10-14,52,32,20,2,2,0,3,1,2,1,0,1,47,29,18,1,0,1
Rural,State - MIZORAM,Jain,15-19,29,18,11,9,5,4,3,2,1,2,1,1,17,11,6,2,2,0
Rural,State - MIZORAM,Jain,20-24,30,15,15,20,11,9,5,1,4,3,1,2,5,3,2,0,0,0
Rural,State - MIZORAM,Jain,25-29,19,11,8,15,11,4,1,0,1,0,0,0,3,0,3,0,0,0
Rural,State - MIZORAM,Jain,30-34,11,3,8,8,3,5,1,0,1,0,0,0,2,0,2,0,0,0
Rural,State - MIZORAM,Jain,35-39,10,2,8,6,1,5,2,0,2,1,0,1,2,1,1,0,0,0
Rural,State - MIZORAM,Jain,40-49,10,7,3,10,7,3,0,0,0,0,0,0,0,0,0,0,0,0
Rural,State - MIZORAM,Jain,50-59,8,4,4,6,4,2,0,0,0,0,0,0,2,0,2,1,0,1
Rural,State - MIZORAM,Jain,60-69,11,7,4,6,6,0,2,0,2,0,0,0,3,1,2,0,0,0
Rural,State - MIZORAM,Jain,70-79,3,2,1,1,1,0,0,0,0,0,0,0,2,1,1,0,0,0
Rural,State - MIZORAM,Jain,80+,0,0,0,0,0,0,0,0,0,0,0,0,0,0,0,0,0,0
Rural,State - MIZORAM,Jain,Age not stated,0,0,0,0,0,0,0,0,0,0,0,0,0,0,0,0,0,0
Rural,State - MIZORAM,Jain,15-59,117,60,57,74,42,32,12,3,9,6,2,4,31,15,16,3,2,1
Rural,State - MIZORAM,Jain,60+,14,9,5,7,7,0,2,0,2,0,0,0,5,2,3,0,0,0
Rural,State - MIZORAM,Other religious communities,Total,434,222,212,210,130,80,15,5,10,4,1,3,209,87,122,8,3,5
Rural,State - MIZORAM,Other religious communities,5-9,40,15,25,0,0,0,0,0,0,0,0,0,40,15,25,0,0,0
Rural,State - MIZORAM,Other religious communities,10-14,47,23,24,0,0,0,0,0,0,0,0,0,47,23,24,0,0,0
Rural,State - MIZORAM,Other religious communities,15-19,33,12,21,9,3,6,2,1,1,0,0,0,22,8,14,2,0,2
Rural,State - MIZORAM,Other religious communities,20-24,42,22,20,30,18,12,5,1,4,3,1,2,7,3,4,1,1,0
Rural,State - MIZORAM,Other religious communities,25-29,39,24,15,29,22,7,3,1,2,0,0,0,7,1,6,3,1,2
Rural,State - MIZORAM,Other religious communities,30-34,39,17,22,27,14,13,3,1,2,1,0,1,9,2,7,0,0,0
Rural,State - MIZORAM,Other religious communities,35-39,31,20,11,30,20,10,0,0,0,0,0,0,1,0,1,0,0,0
Rural,State - MIZORAM,Other religious communities,40-49,40,21,19,35,21,14,0,0,0,0,0,0,5,0,5,0,0,0
Rural,State - MIZORAM,Other religious communities,50-59,33,12,21,26,12,14,1,0,1,0,0,0,6,0,6,0,0,0
Rural,State - MIZORAM,Other religious communities,60-69,23,14,9,14,11,3,1,1,0,0,0,0,8,2,6,1,0,1
Rural,State - MIZORAM,Other religious communities,70-79,19,14,5,9,8,1,0,0,0,0,0,0,10,6,4,1,1,0
Rural,State - MIZORAM,Other religious communities,80+,3,2,1,0,0,0,0,0,0,0,0,0,3,2,1,0,0,0
Rural,State - MIZORAM,Other religious communities,Age not stated,1,1,0,1,1,0,0,0,0,0,0,0,0,0,0,0,0,0
Rural,State - MIZORAM,Other religious communities,15-59,257,128,129,186,110,76,14,4,10,4,1,3,57,14,43,6,2,4
Rural,State - MIZORAM,Other religious communities,60+,45,30,15,23,19,4,1,1,0,0,0,0,21,10,11,2,1,1
Urban,State - MIZORAM,All religious communities,Total,571771,286204,285567,197206,128417,68789,37117,17232,19885,13618,7541,6077,337448,140555,196893,39476,16394,23082
Urban,State - MIZORAM,All religious communities,5-9,52892,26815,26077,195,99,96,260,127,133,48,24,24,52437,26589,25848,1002,487,515
Urban,State - MIZORAM,All religious communities,10-14,56893,28690,28203,582,327,255,1158,589,569,181,103,78,55153,27774,27379,1968,997,971
Urban,State - MIZORAM,All religious communities,15-19,60086,29907,30179,6516,4167,2349,4010,2189,1821,1624,925,699,49560,23551,26009,8937,4309,4628
Urban,State - MIZORAM,All religious communities,20-24,60739,30198,30541,19370,13104,6266,6527,3555,2972,3225,1928,1297,34842,13539,21303,11925,5347,6578
Urban,State - MIZORAM,All religious communities,25-29,55962,27948,28014,28872,19374,9498,6131,3040,3091,2857,1605,1252,20959,5534,15425,6978,2711,4267
Urban,State - MIZORAM,All religious communities,30-34,49634,24540,25094,29734,19560,10174,4928,2233,2695,1975,1089,886,14972,2747,12225,3763,1195,2568
Urban,State - MIZORAM,All religious communities,35-39,40755,20356,20399,26834,17281,9553,3615,1448,2167,1364,670,694,10306,1627,8679,2225,591,1634
Urban,State - MIZORAM,All religious communities,40-49,63492,32090,31402,44702,28374,16328,4943,1788,3155,1379,704,675,13847,1928,11919,1591,416,1175
Urban,State - MIZORAM,All religious communities,50-59,40572,20387,20185,27538,17608,9930,2954,1101,1853,622,328,294,10080,1678,8402,628,172,456
Urban,State - MIZORAM,All religious communities,60-69,21036,10256,10780,9680,6339,3341,1707,718,989,250,112,138,9649,3199,6450,332,114,218
Urban,State - MIZORAM,All religious communities,70-79,10633,5209,5424,2584,1747,837,693,331,362,66,38,28,7356,3131,4225,59,25,34
Urban,State - MIZORAM,All religious communities,80+,4463,2119,2344,512,376,136,158,90,68,19,11,8,3793,1653,2140,51,22,29
Urban,State - MIZORAM,All religious communities,Age not stated,353,225,128,87,61,26,33,23,10,8,4,4,233,141,92,17,8,9
Urban,State - MIZORAM,All religious communities,15-59,371240,185426,185814,183566,119468,64098,33108,15354,17754,13046,7249,5797,154566,50604,103962,36047,14741,21306
Urban,State - MIZORAM,All religious communities,60+,36132,17584,18548,12776,8462,4314,2558,1139,1419,335,161,174,20798,7983,12815,442,161,281
Urban,State - MIZORAM,Hindu,Total,22942,15214,7728,11657,10634,1023,817,431,386,249,154,95,10468,4149,6319,968,424,544
Urban,State - MIZORAM,Hindu,5-9,1682,940,742,11,6,5,5,3,2,0,0,0,1666,931,735,31,19,12
Urban,State - MIZORAM,Hindu,10-14,1693,887,806,26,18,8,35,15,20,0,0,0,1632,854,778,41,23,18
Urban,State - MIZORAM,Hindu,15-19,1712,951,761,222,175,47,81,49,32,27,19,8,1409,727,682,225,130,95
Urban,State - MIZORAM,Hindu,20-24,2403,1529,874,1099,992,107,146,90,56,59,37,22,1158,447,711,304,155,149
Urban,State - MIZORAM,Hindu,25-29,2956,2079,877,2030,1853,177,155,85,70,41,24,17,771,141,630,166,59,107
Urban,State - MIZORAM,Hindu,30-34,2723,1986,737,2020,1877,143,130,74,56,53,39,14,573,35,538,84,12,72
Urban,State - MIZORAM,Hindu,35-39,2371,1730,641,1831,1672,159,76,27,49,25,9,16,464,31,433,53,10,43
Urban,State - MIZORAM,Hindu,40-49,3794,2926,868,3073,2849,224,105,50,55,24,13,11,616,27,589,38,9,29
Urban,State - MIZORAM,Hindu,50-59,1458,1068,390,1133,1008,125,53,22,31,14,10,4,272,38,234,18,6,12
Urban,State - MIZORAM,Hindu,60-69,329,199,130,150,130,20,21,12,9,3,1,2,158,57,101,5,1,4
Urban,State - MIZORAM,Hindu,70-79,149,82,67,39,34,5,5,2,3,1,1,0,105,46,59,0,0,0
Urban,State - MIZORAM,Hindu,80+,60,30,30,14,13,1,3,1,2,1,1,0,43,16,27,1,0,1
Urban,State - MIZORAM,Hindu,Age not stated,21,13,8,9,7,2,2,1,1,1,0,1,10,5,5,2,0,2
Urban,State - MIZORAM,Hindu,15-59,17417,12269,5148,11408,10426,982,746,397,349,243,151,92,5263,1446,3817,888,381,507
Urban,State - MIZORAM,Hindu,60+,538,311,227,203,177,26,29,15,14,5,3,2,306,119,187,6,1,5
Urban,State - MIZORAM,Muslim,Total,8283,5935,2348,4804,4315,489,587,440,147,178,138,40,2892,1180,1712,200,67,133
Urban,State - MIZORAM,Muslim,5-9,597,289,308,59,26,33,11,5,6,1,0,1,527,258,269,9,3,6
Urban,State - MIZORAM,Muslim,10-14,506,310,196,85,66,19,41,30,11,8,6,2,380,214,166,12,6,6
Urban,State - MIZORAM,Muslim,15-19,900,640,260,488,447,41,76,61,15,33,27,6,336,132,204,48,19,29
Urban,State - MIZORAM,Muslim,20-24,1364,1061,303,953,888,65,124,97,27,42,27,15,287,76,211,43,14,29
Urban,State - MIZORAM,Muslim,25-29,1225,979,246,934,866,68,91,74,17,29,26,3,200,39,161,40,13,27
Urban,State - MIZORAM,Muslim,30-34,882,685,197,664,604,60,87,64,23,25,20,5,131,17,114,28,6,22
Urban,State - MIZORAM,Muslim,35-39,729,569,160,585,524,61,49,35,14,15,12,3,95,10,85,14,3,11
Urban,State - MIZORAM,Muslim,40-49,786,626,160,656,581,75,49,36,13,14,13,1,81,9,72,3,1,2
Urban,State - MIZORAM,Muslim,50-59,363,259,104,276,231,45,32,18,14,7,4,3,55,10,45,1,1,0
Urban,State - MIZORAM,Muslim,60-69,150,87,63,78,61,17,11,5,6,2,1,1,61,21,40,2,1,1
Urban,State - MIZORAM,Muslim,70-79,49,28,21,16,12,4,2,2,0,1,1,0,31,14,17,0,0,0
Urban,State - MIZORAM,Muslim,80+,19,13,6,8,7,1,1,1,0,1,1,0,10,5,5,0,0,0
Urban,State - MIZORAM,Muslim,Age not stated,19,17,2,2,2,0,13,12,1,0,0,0,4,3,1,0,0,0
Urban,State - MIZORAM,Muslim,15-59,6249,4819,1430,4556,4141,415,508,385,123,165,129,36,1185,293,892,177,57,120
Urban,State - MIZORAM,Muslim,60+,218,128,90,102,80,22,14,8,6,4,3,1,102,40,62,2,1,1
Urban,State - MIZORAM,Christian,Total,536933,263255,273678,179329,112644,66685,35566,16298,19268,13157,7222,5935,322038,134313,187725,38100,15791,22309
Urban,State - MIZORAM,Christian,5-9,50309,25424,24885,122,65,57,244,119,125,47,24,23,49943,25240,24703,959,463,496
Urban,State - MIZORAM,Christian,10-14,54252,27285,26967,452,238,214,1079,543,536,172,96,76,52721,26504,26217,1903,963,940
Urban,State - MIZORAM,Christian,15-19,56990,28087,28903,5675,3492,2183,3825,2064,1761,1557,872,685,47490,22531,24959,8600,4121,4479
Urban,State - MIZORAM,Christian,20-24,56494,27392,29102,17103,11119,5984,6217,3346,2871,3116,1858,1258,33174,12927,20247,11509,5138,6371
Urban,State - MIZORAM,Christian,25-29,51398,24709,26689,25641,16500,9141,5867,2875,2992,2782,1552,1230,19890,5334,14556,6747,2629,4118
Urban,State - MIZORAM,Christian,30-34,45751,21736,24015,26840,16959,9881,4699,2092,2607,1894,1028,866,14212,2685,11527,3640,1170,2470
Urban,State - MIZORAM,Christian,35-39,37425,17929,19496,24257,14978,9279,3482,1383,2099,1322,647,675,9686,1568,8118,2142,572,1570
Urban,State - MIZORAM,Christian,40-49,58574,28357,30217,40723,24778,15945,4774,1699,3075,1337,676,661,13077,1880,11197,1545,405,1140
Urban,State - MIZORAM,Christian,50-59,38587,18967,19620,26016,16292,9724,2854,1055,1799,598,311,287,9717,1620,8097,608,164,444
Urban,State - MIZORAM,Christian,60-69,20499,9940,10559,9421,6125,3296,1669,699,970,244,109,135,9409,3116,6293,323,111,212
Urban,State - MIZORAM,Christian,70-79,10395,5084,5311,2518,1693,825,685,326,359,64,36,28,7192,3065,4127,59,25,34
Urban,State - MIZORAM,Christian,80+,4368,2070,2298,488,355,133,153,87,66,17,9,8,3727,1628,2099,50,22,28
Urban,State - MIZORAM,Christian,Age not stated,276,175,101,73,50,23,18,10,8,7,4,3,185,115,70,15,8,7
Urban,State - MIZORAM,Christian,15-59,345219,167177,178042,166255,104118,62137,31718,14514,17204,12606,6944,5662,147246,48545,98701,34791,14199,20592
Urban,State - MIZORAM,Christian,60+,35262,17094,18168,12427,8173,4254,2507,1112,1395,325,154,171,20328,7809,12519,432,158,274
Urban,State - MIZORAM,Sikh,Total,198,154,44,134,130,4,0,0,0,0,0,0,64,24,40,9,5,4
Urban,State - MIZORAM,Sikh,5-9,12,5,7,0,0,0,0,0,0,0,0,0,12,5,7,0,0,0
Urban,State - MIZORAM,Sikh,10-14,7,5,2,0,0,0,0,0,0,0,0,0,7,5,2,0,0,0
Urban,State - MIZORAM,Sikh,15-19,7,4,3,0,0,0,0,0,0,0,0,0,7,4,3,3,2,1
Urban,State - MIZORAM,Sikh,20-24,18,9,9,6,6,0,0,0,0,0,0,0,12,3,9,5,2,3
Urban,State - MIZORAM,Sikh,25-29,26,24,2,24,24,0,0,0,0,0,0,0,2,0,2,0,0,0
Urban,State - MIZORAM,Sikh,30-34,38,32,6,32,31,1,0,0,0,0,0,0,6,1,5,1,1,0
Urban,State - MIZORAM,Sikh,35-39,19,19,0,19,19,0,0,0,0,0,0,0,0,0,0,0,0,0
Urban,State - MIZORAM,Sikh,40-49,45,39,6,41,39,2,0,0,0,0,0,0,4,0,4,0,0,0
Urban,State - MIZORAM,Sikh,50-59,10,9,1,10,9,1,0,0,0,0,0,0,0,0,0,0,0,0
Urban,State - MIZORAM,Sikh,60-69,2,1,1,1,1,0,0,0,0,0,0,0,1,0,1,0,0,0
Urban,State - MIZORAM,Sikh,70-79,1,1,0,0,0,0,0,0,0,0,0,0,1,1,0,0,0,0
Urban,State - MIZORAM,Sikh,80+,1,1,0,1,1,0,0,0,0,0,0,0,0,0,0,0,0,0
Urban,State - MIZORAM,Sikh,Age not stated,0,0,0,0,0,0,0,0,0,0,0,0,0,0,0,0,0,0
Urban,State - MIZORAM,Sikh,15-59,163,136,27,132,128,4,0,0,0,0,0,0,31,8,23,9,5,4
Urban,State - MIZORAM,Sikh,60+,4,3,1,2,2,0,0,0,0,0,0,0,2,1,1,0,0,0
Urban,State - MIZORAM,Buddhist,Total,2299,1089,1210,982,500,482,72,26,46,13,12,1,1245,563,682,133,70,63
Urban,State - MIZORAM,Buddhist,5-9,174,99,75,1,1,0,0,0,0,0,0,0,173,98,75,3,2,1
Urban,State - MIZORAM,Buddhist,10-14,332,153,179,17,4,13,2,1,1,1,1,0,313,148,165,9,4,5
Urban,State - MIZORAM,Buddhist,15-19,351,161,190,111,45,66,17,7,10,4,4,0,223,109,114,42,23,19
Urban,State - MIZORAM,Buddhist,20-24,333,145,188,170,72,98,20,10,10,3,2,1,143,63,80,42,29,13
Urban,State - MIZORAM,Buddhist,25-29,256,108,148,195,98,97,7,1,6,0,0,0,54,9,45,16,4,12
Urban,State - MIZORAM,Buddhist,30-34,171,68,103,135,63,72,5,0,5,0,0,0,31,5,26,7,3,4
Urban,State - MIZORAM,Buddhist,35-39,160,82,78,112,66,46,7,3,4,2,2,0,41,13,28,11,4,7
Urban,State - MIZORAM,Buddhist,40-49,206,105,101,151,94,57,10,2,8,1,1,0,45,9,36,2,0,2
Urban,State - MIZORAM,Buddhist,50-59,91,50,41,71,44,27,4,2,2,2,2,0,16,4,12,0,0,0
Urban,State - MIZORAM,Buddhist,60-69,20,12,8,13,10,3,0,0,0,0,0,0,7,2,5,1,1,0
Urban,State - MIZORAM,Buddhist,70-79,18,6,12,5,3,2,0,0,0,0,0,0,13,3,10,0,0,0
Urban,State - MIZORAM,Buddhist,80+,5,0,5,0,0,0,0,0,0,0,0,0,5,0,5,0,0,0
Urban,State - MIZORAM,Buddhist,Age not stated,1,0,1,1,0,1,0,0,0,0,0,0,0,0,0,0,0,0
Urban,State - MIZORAM,Buddhist,15-59,1568,719,849,945,482,463,70,25,45,12,11,1,553,212,341,120,63,57
Urban,State - MIZORAM,Buddhist,60+,43,18,25,18,13,5,0,0,0,0,0,0,25,5,20,1,1,0
Urban,State - MIZORAM,Jain,Total,116,68,48,36,24,12,1,0,1,1,0,1,79,44,35,9,7,2
Urban,State - MIZORAM,Jain,5-9,16,8,8,2,1,1,0,0,0,0,0,0,14,7,7,0,0,0
Urban,State - MIZORAM,Jain,10-14,16,11,5,0,0,0,0,0,0,0,0,0,16,11,5,0,0,0
Urban,State - MIZORAM,Jain,15-19,18,6,12,4,1,3,0,0,0,0,0,0,14,5,9,2,2,0
Urban,State - MIZORAM,Jain,20-24,10,6,4,5,4,1,0,0,0,0,0,0,5,2,3,3,1,2
Urban,State - MIZORAM,Jain,25-29,16,9,7,9,5,4,1,0,1,1,0,1,6,4,2,4,4,0
Urban,State - MIZORAM,Jain,30-34,5,3,2,4,2,2,0,0,0,0,0,0,1,1,0,0,0,0
Urban,State - MIZORAM,Jain,35-39,5,5,0,4,4,0,0,0,0,0,0,0,1,1,0,0,0,0
Urban,State - MIZORAM,Jain,40-49,9,5,4,5,4,1,0,0,0,0,0,0,4,1,3,0,0,0
Urban,State - MIZORAM,Jain,50-59,3,3,0,3,3,0,0,0,0,0,0,0,0,0,0,0,0,0
Urban,State - MIZORAM,Jain,60-69,0,0,0,0,0,0,0,0,0,0,0,0,0,0,0,0,0,0
Urban,State - MIZORAM,Jain,70-79,1,0,1,0,0,0,0,0,0,0,0,0,1,0,1,0,0,0
Urban,State - MIZORAM,Jain,80+,1,0,1,0,0,0,0,0,0,0,0,0,1,0,1,0,0,0
Urban,State - MIZORAM,Jain,Age not stated,0,0,0,0,0,0,0,0,0,0,0,0,0,0,0,0,0,0
Urban,State - MIZORAM,Jain,15-59,66,37,29,34,23,11,1,0,1,1,0,1,31,14,17,9,7,2
Urban,State - MIZORAM,Jain,60+,2,0,2,0,0,0,0,0,0,0,0,0,2,0,2,0,0,0
Urban,State - MIZORAM,Other religious communities,Total,374,180,194,132,77,55,29,16,13,5,3,2,213,87,126,24,11,13
Urban,State - MIZORAM,Other religious communities,5-9,27,11,16,0,0,0,0,0,0,0,0,0,27,11,16,0,0,0
Urban,State - MIZORAM,Other religious communities,10-14,29,17,12,2,1,1,0,0,0,0,0,0,27,16,11,3,1,2
Urban,State - MIZORAM,Other religious communities,15-19,45,20,25,8,1,7,4,4,0,2,2,0,33,15,18,6,4,2
Urban,State - MIZORAM,Other religious communities,20-24,53,27,26,18,10,8,9,6,3,1,0,1,26,11,15,5,2,3
Urban,State - MIZORAM,Other religious communities,25-29,35,15,20,18,11,7,4,2,2,1,1,0,13,2,11,2,0,2
Urban,State - MIZORAM,Other religious communities,30-34,31,14,17,19,12,7,1,0,1,0,0,0,11,2,9,2,2,0
Urban,State - MIZORAM,Other religious communities,35-39,13,9,4,8,8,0,0,0,0,0,0,0,5,1,4,2,1,1
Urban,State - MIZORAM,Other religious communities,40-49,35,12,23,24,10,14,2,0,2,1,0,1,9,2,7,3,1,2
Urban,State - MIZORAM,Other religious communities,50-59,35,18,17,18,13,5,3,1,2,0,0,0,14,4,10,0,0,0
Urban,State - MIZORAM,Other religious communities,60-69,26,13,13,14,9,5,4,1,3,0,0,0,8,3,5,1,0,1
Urban,State - MIZORAM,Other religious communities,70-79,10,4,6,2,2,0,1,1,0,0,0,0,7,1,6,0,0,0
Urban,State - MIZORAM,Other religious communities,80+,4,2,2,1,0,1,1,1,0,0,0,0,2,1,1,0,0,0
Urban,State - MIZORAM,Other religious communities,Age not stated,0,0,0,0,0,0,0,0,0,0,0,0,0,0,0,0,0,0
Urban,State - MIZORAM,Other religious communities,15-59,247,115,132,113,65,48,23,13,10,5,3,2,111,37,74,20,10,10
Urban,State - MIZORAM,Other religious communities,60+,40,19,21,17,11,6,6,3,3,0,0,0,17,5,12,1,0,1
Total,State - TRIPURA,All religious communities,Total,3673917,1874376,1799541,1077019,887881,189138,392502,157445,235057,271972,121294,150678,2204396,829050,1375346,497234,136368,360866
Total,State - TRIPURA,All religious communities,5-9,337735,172541,165194,995,577,418,1698,870,828,625,323,302,335042,171094,163948,4227,2155,2072
Total,State - TRIPURA,All religious communities,10-14,357690,183001,174689,4003,2758,1245,6864,3428,3436,3623,1899,1724,346823,176815,170008,16175,8211,7964
Total,State - TRIPURA,All religious communities,15-19,357829,181136,176693,33555,25818,7737,36539,19704,16835,27113,15461,11652,287735,135614,152121,99968,46242,53726
Total,State - TRIPURA,All religious communities,20-24,373177,183779,189398,103034,85031,18003,66422,32982,33440,51714,27961,23753,203721,65766,137955,121065,42232,78833
Total,State - TRIPURA,All religious communities,25-29,344149,175059,169090,148744,124906,23838,63296,26855,36441,48406,22630,25776,132109,23298,108811,80672,17427,63245
Total,State - TRIPURA,All religious communities,30-34,286989,149231,137758,146252,122304,23948,48679,17618,31061,36203,14723,21480,92058,9309,82749,53151,6834,46317
Total,State - TRIPURA,All religious communities,35-39,279342,143051,136291,151859,124342,27517,44772,13621,31151,32184,11230,20954,82711,5088,77623,43247,3389,39858
Total,State - TRIPURA,All religious communities,40-49,444220,230810,213410,252960,205692,47268,62864,18137,44727,41563,14171,27392,128396,6981,121415,48718,3545,45173
Total,State - TRIPURA,All religious communities,50-59,279060,148476,130584,152709,126155,26554,33773,11466,22307,18941,7405,11536,92578,10855,81723,18416,2612,15804
Total,State - TRIPURA,All religious communities,60-69,167609,84655,82954,57816,48797,9019,18600,7895,10705,8364,3744,4620,91193,27963,63230,8369,2621,5748
Total,State - TRIPURA,All religious communities,70-79,82410,39794,42616,19005,16313,2692,6721,3609,3112,2451,1335,1116,56684,19872,36812,2244,798,1446
Total,State - TRIPURA,All religious communities,80+,39525,17471,22054,5722,4896,826,2143,1199,944,721,381,340,31660,11376,20284,857,271,586
Total,State - TRIPURA,All religious communities,Age not stated,1616,867,749,365,292,73,131,61,70,64,31,33,1120,514,606,125,31,94
Total,State - TRIPURA,All religious communities,15-59,2364766,1211542,1153224,989113,814248,174865,356345,140383,215962,256124,113581,142543,1019308,256911,762397,465237,122281,342956
Total,State - TRIPURA,All religious communities,60+,289544,141920,147624,82543,70006,12537,27464,12703,14761,11536,5460,6076,179537,59211,120326,11470,3690,7780
Total,State - TRIPURA,Hindu,Total,3063903,1563730,1500173,916668,756627,160041,322475,130336,192139,221673,99708,121965,1824760,676767,1147993,427248,115745,311503
Total,State - TRIPURA,Hindu,5-9,268665,137260,131405,813,484,329,1382,710,672,522,274,248,266470,136066,130404,3208,1628,1580
Total,State - TRIPURA,Hindu,10-14,284372,145606,138766,3246,2186,1060,5313,2606,2707,2763,1421,1342,275813,140814,134999,12184,6130,6054
Total,State - TRIPURA,Hindu,15-19,288679,146428,142251,26404,20055,6349,28212,15265,12947,20718,11887,8831,234063,111108,122955,82158,38310,43848
Total,State - TRIPURA,Hindu,20-24,307455,151685,155770,83784,69173,14611,52973,26736,26237,41106,22601,18505,170698,55776,114922,103482,36408,67074
Total,State - TRIPURA,Hindu,25-29,288864,147329,141535,124195,104718,19477,51747,22467,29280,39477,18858,20619,112922,20144,92778,70529,15339,55190
Total,State - TRIPURA,Hindu,30-34,244359,127196,117163,123980,104059,19921,40400,14937,25463,29924,12420,17504,79979,8200,71779,47191,6107,41084
Total,State - TRIPURA,Hindu,35-39,239431,122600,116831,129953,106644,23309,37390,11528,25862,26781,9448,17333,72088,4428,67660,38453,2989,35464
Total,State - TRIPURA,Hindu,40-49,384789,200135,184654,219277,178552,40725,52984,15467,37517,34836,12001,22835,112528,6116,106412,43297,3096,40201
Total,State - TRIPURA,Hindu,50-59,245168,130110,115058,134021,110549,23472,28577,9748,18829,15803,6202,9601,82570,9813,72757,16444,2359,14085
Total,State - TRIPURA,Hindu,60-69,147368,74287,73081,49484,41784,7700,15827,6718,9109,7046,3139,3907,82057,25785,56272,7452,2404,5048
Total,State - TRIPURA,Hindu,70-79,72821,34930,37891,16297,13982,2315,5745,3088,2657,2050,1114,936,50779,17860,32919,1984,707,1277
Total,State - TRIPURA,Hindu,80+,34805,15209,19596,4902,4196,706,1812,1013,799,592,316,276,28091,10000,18091,751,240,511
Total,State - TRIPURA,Hindu,Age not stated,1333,697,636,312,245,67,113,53,60,55,27,28,908,399,509,115,28,87
Total,State - TRIPURA,Hindu,15-59,1998745,1025483,973262,841614,693750,147864,292283,116148,176135,208645,93417,115228,864848,215585,649263,401554,104608,296946
Total,State - TRIPURA,Hindu,60+,254994,124426,130568,70683,59962,10721,23384,10819,12565,9688,4569,5119,160927,53645,107282,10187,3351,6836
Total,State - TRIPURA,Muslim,Total,316042,160930,155112,79260,70135,9125,27491,12962,14529,19909,10369,9540,209291,77833,131458,40791,10779,30012
Total,State - TRIPURA,Muslim,5-9,36305,18480,17825,77,40,37,133,73,60,41,20,21,36095,18367,17728,551,303,248
Total,State - TRIPURA,Muslim,10-14,38571,19614,18957,399,331,68,575,354,221,339,219,120,37597,18929,18668,2262,1213,1049
Total,State - TRIPURA,Muslim,15-19,36865,18500,18365,4168,3794,374,3548,2307,1241,2767,1873,894,29149,12399,16750,10249,4431,5818
Total,State - TRIPURA,Muslim,20-24,34539,16975,17564,10059,9068,991,5417,3168,2249,4321,2706,1615,19063,4739,14324,10227,3039,7188
Total,State - TRIPURA,Muslim,25-29,27599,13853,13746,11749,10424,1325,4450,2085,2365,3498,1789,1709,11400,1344,10056,5924,979,4945
Total,State - TRIPURA,Muslim,30-34,20780,10792,9988,10377,9173,1204,3057,1196,1861,2353,1031,1322,7346,423,6923,3496,292,3204
Total,State - TRIPURA,Muslim,35-39,19980,10134,9846,10323,8960,1363,2844,916,1928,2064,785,1279,6813,258,6555,2957,154,2803
Total,State - TRIPURA,Muslim,40-49,30609,15681,14928,16304,14158,2146,3908,1229,2679,2609,986,1623,10397,294,10103,3306,136,3170
Total,State - TRIPURA,Muslim,50-59,17788,9767,8021,9490,8518,972,2008,792,1216,1209,555,654,6290,457,5833,1139,80,1059
Total,State - TRIPURA,Muslim,60-69,10589,5471,5118,4394,3940,454,1021,513,508,487,269,218,5174,1018,4156,479,93,386
Total,State - TRIPURA,Muslim,70-79,5088,2601,2487,1483,1333,150,389,234,155,165,104,61,3216,1034,2182,126,40,86
Total,State - TRIPURA,Muslim,80+,2500,1197,1303,422,381,41,133,90,43,52,29,23,1945,726,1219,69,16,53
Total,State - TRIPURA,Muslim,Age not stated,94,54,40,15,15,0,8,5,3,4,3,1,71,34,37,6,3,3
Total,State - TRIPURA,Muslim,15-59,188160,95702,92458,72470,64095,8375,25232,11693,13539,18821,9725,9096,90458,19914,70544,37298,9111,28187
Total,State - TRIPURA,Muslim,60+,18177,9269,8908,6299,5654,645,1543,837,706,704,402,302,10335,2778,7557,674,149,525
Total,State - TRIPURA,Christian,Total,159882,81480,78402,45687,32934,12753,21742,7113,14629,15568,5724,9844,92453,41433,51020,16252,6100,10152
Total,State - TRIPURA,Christian,5-9,17408,8930,8478,62,27,35,93,45,48,37,20,17,17253,8858,8395,268,135,133
Total,State - TRIPURA,Christian,10-14,18970,9691,9279,191,124,67,354,174,180,183,95,88,18425,9393,9032,912,473,439
Total,State - TRIPURA,Christian,15-19,18104,9006,9098,1408,827,581,2246,980,1266,1663,774,889,14450,7199,7251,4195,2017,2178
Total,State - TRIPURA,Christian,20-24,17504,8432,9072,4925,3370,1555,4252,1616,2636,3264,1379,1885,8327,3446,4881,4233,1746,2487
Total,State - TRIPURA,Christian,25-29,15568,7821,7747,7318,5312,2006,3797,1275,2522,2902,1100,1802,4453,1234,3219,2394,744,1650
Total,State - TRIPURA,Christian,30-34,12436,6455,5981,6971,5142,1829,2826,821,2005,2108,705,1403,2639,492,2147,1358,315,1043
Total,State - TRIPURA,Christian,35-39,11006,5698,5308,6601,4810,1791,2338,600,1738,1696,508,1188,2067,288,1779,982,176,806
Total,State - TRIPURA,Christian,40-49,15776,8318,7458,9974,7209,2765,2948,699,2249,2064,581,1483,2854,410,2444,1152,246,906
Total,State - TRIPURA,Christian,50-59,8374,4570,3804,5096,3768,1328,1564,435,1129,1004,327,677,1714,367,1347,437,135,302
Total,State - TRIPURA,Christian,60-69,4771,2365,2406,2169,1576,593,889,291,598,454,153,301,1713,498,1215,224,73,151
Total,State - TRIPURA,Christian,70-79,2280,1112,1168,733,581,152,315,132,183,142,64,78,1232,399,833,76,31,45
Total,State - TRIPURA,Christian,80+,1118,507,611,229,179,50,114,44,70,48,18,30,775,284,491,20,9,11
Total,State - TRIPURA,Christian,Age not stated,44,28,16,10,9,1,6,1,5,3,0,3,28,18,10,1,0,1
Total,State - TRIPURA,Christian,15-59,98768,50300,48468,42293,30438,11855,19971,6426,13545,14701,5374,9327,36504,13436,23068,14751,5379,9372
Total,State - TRIPURA,Christian,60+,8169,3984,4185,3131,2336,795,1318,467,851,644,235,409,3720,1181,2539,320,113,207
Total,State - TRIPURA,Sikh,Total,1070,782,288,626,588,38,71,41,30,54,29,25,373,153,220,60,25,35
Total,State - TRIPURA,Sikh,5-9,68,37,31,0,0,0,0,0,0,0,0,0,68,37,31,0,0,0
Total,State - TRIPURA,Sikh,10-14,59,34,25,2,2,0,1,1,0,1,1,0,56,31,25,5,4,1
Total,State - TRIPURA,Sikh,15-19,45,26,19,7,6,1,5,3,2,4,2,2,33,17,16,9,7,2
Total,State - TRIPURA,Sikh,20-24,119,89,30,80,74,6,5,4,1,4,3,1,34,11,23,19,8,11
Total,State - TRIPURA,Sikh,25-29,119,84,35,79,74,5,15,8,7,14,8,6,25,2,23,7,0,7
Total,State - TRIPURA,Sikh,30-34,108,88,20,84,79,5,10,7,3,5,3,2,14,2,12,3,1,2
Total,State - TRIPURA,Sikh,35-39,138,114,24,112,107,5,10,6,4,6,3,3,16,1,15,8,1,7
Total,State - TRIPURA,Sikh,40-49,226,197,29,196,185,11,14,7,7,12,6,6,16,5,11,6,3,3
Total,State - TRIPURA,Sikh,50-59,70,50,20,51,48,3,6,1,5,5,1,4,13,1,12,1,0,1
Total,State - TRIPURA,Sikh,60-69,26,13,13,10,8,2,3,2,1,3,2,1,13,3,10,2,1,1
Total,State - TRIPURA,Sikh,70-79,13,4,9,1,1,0,1,1,0,0,0,0,11,2,9,0,0,0
Total,State - TRIPURA,Sikh,80+,8,7,1,4,4,0,1,1,0,0,0,0,3,2,1,0,0,0
Total,State - TRIPURA,Sikh,Age not stated,2,1,1,0,0,0,0,0,0,0,0,0,2,1,1,0,0,0
Total,State - TRIPURA,Sikh,15-59,825,648,177,609,573,36,65,36,29,50,26,24,151,39,112,53,20,33
Total,State - TRIPURA,Sikh,60+,47,24,23,15,13,2,5,4,1,3,2,1,27,7,20,2,1,1
Total,State - TRIPURA,Buddhist,Total,125385,63545,61840,32932,26125,6807,20046,6718,13328,14352,5266,9086,72407,30702,41705,11824,3345,8479
Total,State - TRIPURA,Buddhist,5-9,14456,7393,7063,36,23,13,84,41,43,24,9,15,14336,7329,7007,189,83,106
Total,State - TRIPURA,Buddhist,10-14,14920,7635,7285,151,104,47,603,279,324,326,155,171,14166,7252,6914,778,374,404
Total,State - TRIPURA,Buddhist,15-19,13390,6814,6576,1503,1092,411,2454,1113,1341,1905,898,1007,9433,4609,4824,3134,1377,1757
Total,State - TRIPURA,Buddhist,20-24,12828,6221,6607,4006,3201,805,3655,1397,2258,2945,1228,1717,5167,1623,3544,2847,919,1928
Total,State - TRIPURA,Buddhist,25-29,11292,5585,5707,5112,4137,975,3163,965,2198,2438,833,1605,3017,483,2534,1613,288,1325
Total,State - TRIPURA,Buddhist,30-34,8799,4426,4373,4580,3633,947,2310,629,1681,1756,541,1215,1909,164,1745,1004,99,905
Total,State - TRIPURA,Buddhist,35-39,8321,4278,4043,4610,3629,981,2115,550,1565,1593,470,1123,1596,99,1497,779,57,722
Total,State - TRIPURA,Buddhist,40-49,12110,6124,5986,6824,5287,1537,2916,708,2208,1987,575,1412,2370,129,2241,853,48,805
Total,State - TRIPURA,Buddhist,50-59,7214,3754,3460,3820,3083,737,1573,480,1093,897,315,582,1821,191,1630,365,34,331
Total,State - TRIPURA,Buddhist,60-69,4559,2370,2189,1669,1411,258,829,356,473,360,173,187,2061,603,1458,193,43,150
Total,State - TRIPURA,Buddhist,70-79,2041,1067,974,455,387,68,261,148,113,91,50,41,1325,532,793,51,17,34
Total,State - TRIPURA,Buddhist,80+,1011,521,490,153,127,26,80,50,30,28,18,10,778,344,434,16,6,10
Total,State - TRIPURA,Buddhist,Age not stated,57,40,17,13,11,2,3,2,1,2,1,1,41,27,14,2,0,2
Total,State - TRIPURA,Buddhist,15-59,73954,37202,36752,30455,24062,6393,18186,5842,12344,13521,4860,8661,25313,7298,18015,10595,2822,7773
Total,State - TRIPURA,Buddhist,60+,7611,3958,3653,2277,1925,352,1170,554,616,479,241,238,4164,1479,2685,260,66,194
Total,State - TRIPURA,Jain,Total,860,453,407,269,223,46,63,26,37,47,21,26,528,204,324,113,38,75
Total,State - TRIPURA,Jain,5-9,87,49,38,0,0,0,0,0,0,0,0,0,87,49,38,1,1,0
Total,State - TRIPURA,Jain,10-14,75,36,39,2,1,1,0,0,0,0,0,0,73,35,38,5,1,4
Total,State - TRIPURA,Jain,15-19,83,37,46,5,4,1,9,5,4,7,4,3,69,28,41,27,12,15
Total,State - TRIPURA,Jain,20-24,80,38,42,20,18,2,14,7,7,11,7,4,46,13,33,24,10,14
Total,State - TRIPURA,Jain,25-29,75,38,37,33,30,3,9,0,9,6,0,6,33,8,25,20,6,14
Total,State - TRIPURA,Jain,30-34,53,24,29,27,19,8,7,2,5,6,1,5,19,3,16,6,2,4
Total,State - TRIPURA,Jain,35-39,78,38,40,41,30,11,13,7,6,10,6,4,24,1,23,11,0,11
Total,State - TRIPURA,Jain,40-49,110,70,40,71,62,9,6,2,4,5,2,3,33,6,27,11,4,7
Total,State - TRIPURA,Jain,50-59,71,35,36,40,31,9,1,0,1,1,0,1,30,4,26,5,0,5
Total,State - TRIPURA,Jain,60-69,54,29,25,21,19,2,3,2,1,0,0,0,30,8,22,1,0,1
Total,State - TRIPURA,Jain,70-79,18,14,4,8,8,0,1,1,0,1,1,0,9,5,4,2,2,0
Total,State - TRIPURA,Jain,80+,9,2,7,1,1,0,0,0,0,0,0,0,8,1,7,0,0,0
Total,State - TRIPURA,Jain,Age not stated,0,0,0,0,0,0,0,0,0,0,0,0,0,0,0,0,0,0
Total,State - TRIPURA,Jain,15-59,550,280,270,237,194,43,59,23,36,46,20,26,254,63,191,104,34,70
Total,State - TRIPURA,Jain,60+,81,45,36,30,28,2,4,3,1,1,1,0,47,14,33,3,2,1
Total,State - TRIPURA,Other religious communities,Total,1514,791,723,475,382,93,191,61,130,82,42,40,848,348,500,199,75,124
Total,State - TRIPURA,Other religious communities,5-9,142,65,77,1,1,0,0,0,0,0,0,0,141,64,77,2,0,2
Total,State - TRIPURA,Other religious communities,10-14,121,77,44,2,2,0,1,1,0,0,0,0,118,74,44,4,2,2
Total,State - TRIPURA,Other religious communities,15-19,142,71,71,13,11,2,12,4,8,7,3,4,117,56,61,36,17,19
Total,State - TRIPURA,Other religious communities,20-24,186,95,91,41,34,7,30,14,16,12,9,3,115,47,68,67,30,37
Total,State - TRIPURA,Other religious communities,25-29,189,105,84,79,62,17,47,22,25,23,15,8,63,21,42,43,17,26
Total,State - TRIPURA,Other religious communities,30-34,118,69,49,66,56,10,26,7,19,15,5,10,26,6,20,15,5,10
Total,State - TRIPURA,Other religious communities,35-39,110,62,48,66,56,10,23,5,18,9,3,6,21,1,20,7,1,6
Total,State - TRIPURA,Other religious communities,40-49,177,89,88,115,85,30,27,2,25,9,2,7,35,2,33,16,2,14
Total,State - TRIPURA,Other religious communities,50-59,100,49,51,57,47,10,12,2,10,4,2,2,31,0,31,7,0,7
Total,State - TRIPURA,Other religious communities,60-69,66,34,32,24,22,2,11,4,7,3,3,0,31,8,23,2,1,1
Total,State - TRIPURA,Other religious communities,70-79,30,13,17,8,4,4,1,0,1,0,0,0,21,9,12,0,0,0
Total,State - TRIPURA,Other religious communities,80+,10,4,6,3,2,1,1,0,1,0,0,0,6,2,4,0,0,0
Total,State - TRIPURA,Other religious communities,Age not stated,0,0,0,0,0,0,0,0,0,0,0,0,0,0,0,0,0,0
Total,State - TRIPURA,Other religious communities,15-59,1022,540,482,437,351,86,177,56,121,79,39,40,408,133,275,191,72,119
Total,State - TRIPURA,Other religious communities,60+,106,51,55,35,28,7,13,4,9,3,3,0,58,19,39,2,1,1
Rural,State - TRIPURA,All religious communities,Total,2712464,1387173,1325291,776583,637023,139560,339493,130744,208749,233730,101360,132370,1596388,619406,976982,318369,88977,229392
Rural,State - TRIPURA,All religious communities,5-9,266430,136049,130381,770,439,331,1407,716,691,546,284,262,264253,134894,129359,3320,1686,1634
Rural,State - TRIPURA,All religious communities,10-14,282994,144904,138090,3232,2191,1041,6247,3074,3173,3318,1715,1603,273515,139639,133876,12561,6351,6210
Rural,State - TRIPURA,All religious communities,15-19,274888,139377,135511,27370,20564,6806,33171,17386,15785,24462,13639,10823,214347,101427,112920,70853,32854,37999
Rural,State - TRIPURA,All religious communities,20-24,280876,138466,142410,81009,65850,15159,58675,28018,30657,45276,23803,21473,141192,44598,96594,79306,27096,52210
Rural,State - TRIPURA,All religious communities,25-29,252860,129389,123471,111474,92872,18602,54680,22093,32587,41360,18664,22696,86706,14424,72282,49273,10089,39184
Rural,State - TRIPURA,All religious communities,30-34,204868,107731,97137,106063,88090,17973,41406,14248,27158,30479,11971,18508,57399,5393,52006,30704,3627,27077
Rural,State - TRIPURA,All religious communities,35-39,196129,101658,94471,107634,87838,19796,37687,10819,26868,26796,9007,17789,50808,3001,47807,24660,1840,22820
Rural,State - TRIPURA,All religious communities,40-49,303352,158256,145096,172018,139729,32289,53265,14458,38807,35059,11458,23601,78069,4069,74000,28414,1917,26497
Rural,State - TRIPURA,All religious communities,50-59,185249,98048,87201,100302,83160,17142,28840,9181,19659,16231,6112,10119,56107,5707,50400,11653,1406,10247
Rural,State - TRIPURA,All religious communities,60-69,117721,59007,58714,46077,38647,7430,16238,6577,9661,7358,3188,4170,55406,13783,41623,5363,1359,4004
Rural,State - TRIPURA,All religious communities,70-79,58929,28956,29973,15620,13361,2259,5913,3103,2810,2174,1166,1008,37396,12492,24904,1581,537,1044
Rural,State - TRIPURA,All religious communities,80+,29113,13380,15733,4787,4101,686,1868,1028,840,621,327,294,22458,8251,14207,623,206,417
Rural,State - TRIPURA,All religious communities,Age not stated,1035,568,467,227,181,46,96,43,53,50,26,24,712,344,368,58,9,49
Rural,State - TRIPURA,All religious communities,15-59,1698222,872925,825297,705870,578103,127767,307724,116203,191521,219663,94654,125009,684628,178619,506009,294863,78829,216034
Rural,State - TRIPURA,All religious communities,60+,205763,101343,104420,66484,56109,10375,24019,10708,13311,10153,4681,5472,115260,34526,80734,7567,2102,5465
Rural,State - TRIPURA,Hindu,Total,2168395,1110363,1058032,635435,521828,113607,273460,105486,167974,186365,81134,105231,1259500,483049,776451,259469,71312,188157
Rural,State - TRIPURA,Hindu,5-9,204014,104111,99903,616,360,256,1130,577,553,457,241,216,202268,103174,99094,2405,1214,1191
Rural,State - TRIPURA,Hindu,10-14,216797,111097,105700,2569,1691,878,4775,2296,2479,2501,1261,1240,209453,107110,102343,9014,4497,4517
Rural,State - TRIPURA,Hindu,15-19,213390,108452,104938,21044,15521,5523,25261,13232,12029,18409,10298,8111,167085,79699,87386,55671,25999,29672
Rural,State - TRIPURA,Hindu,20-24,222447,109987,112460,63896,51848,12048,45906,22159,23747,35232,18760,16472,112645,35980,76665,64507,22190,42317
Rural,State - TRIPURA,Hindu,25-29,203966,104931,99035,89884,75192,14692,43779,17995,25784,32962,15126,17836,70303,11744,58559,40882,8359,32523
Rural,State - TRIPURA,Hindu,30-34,167176,88290,78886,86487,72106,14381,33587,11728,21859,24545,9789,14756,47102,4456,42646,25832,3014,22818
Rural,State - TRIPURA,Hindu,35-39,161174,83658,77516,88473,72331,16142,30829,8897,21932,21794,7357,14437,41872,2430,39442,20767,1492,19275
Rural,State - TRIPURA,Hindu,40-49,251395,131613,119782,142809,116250,26559,44025,12022,32003,28760,9456,19304,64561,3341,61220,23941,1540,22401
Rural,State - TRIPURA,Hindu,50-59,155315,81962,73353,83920,69520,14400,23949,7592,16357,13275,4981,8294,47446,4850,42596,9954,1189,8765
Rural,State - TRIPURA,Hindu,60-69,99387,49661,49726,38406,32207,6199,13605,5490,8115,6101,2622,3479,47376,11964,35412,4569,1179,3390
Rural,State - TRIPURA,Hindu,70-79,50276,24544,25732,13115,11204,1911,4974,2605,2369,1788,955,833,32187,10735,21452,1348,454,894
Rural,State - TRIPURA,Hindu,80+,24911,11357,13554,4035,3458,577,1559,855,704,499,265,234,19317,7044,12273,531,179,352
Rural,State - TRIPURA,Hindu,Age not stated,801,430,371,181,140,41,81,38,43,42,23,19,539,252,287,48,6,42
Rural,State - TRIPURA,Hindu,15-59,1374863,708893,665970,576513,472768,103745,247336,93625,153711,174977,75767,99210,551014,142500,408514,241554,63783,177771
Rural,State - TRIPURA,Hindu,60+,174574,85562,89012,55556,46869,8687,20138,8950,11188,8388,3842,4546,98880,29743,69137,6448,1812,4636
Rural,State - TRIPURA,Muslim,Total,269621,137112,132509,66084,58770,7314,24570,11585,12985,17757,9362,8395,178967,66757,112210,32832,8756,24076
Rural,State - TRIPURA,Muslim,5-9,31456,16000,15456,56,29,27,106,57,49,34,16,18,31294,15914,15380,466,254,212
Rural,State - TRIPURA,Muslim,10-14,33638,17098,16540,324,270,54,522,323,199,310,202,108,32792,16505,16287,1917,1030,887
Rural,State - TRIPURA,Muslim,15-19,31423,15820,15603,3482,3171,311,3235,2084,1151,2503,1687,816,24706,10565,14141,8342,3679,4663
Rural,State - TRIPURA,Muslim,20-24,29126,14287,14839,8354,7555,799,4901,2862,2039,3892,2458,1434,15871,3870,12001,8224,2421,5803
Rural,State - TRIPURA,Muslim,25-29,23074,11580,11494,9682,8640,1042,3972,1880,2092,3109,1626,1483,9420,1060,8360,4682,763,3919
Rural,State - TRIPURA,Muslim,30-34,17514,9036,8478,8601,7631,970,2743,1088,1655,2120,953,1167,6170,317,5853,2784,221,2563
Rural,State - TRIPURA,Muslim,35-39,16685,8506,8179,8570,7511,1059,2476,795,1681,1776,690,1086,5639,200,5439,2315,121,2194
Rural,State - TRIPURA,Muslim,40-49,25649,13042,12607,13485,11769,1716,3443,1058,2385,2305,866,1439,8721,215,8506,2630,92,2538
Rural,State - TRIPURA,Muslim,50-59,15045,8197,6848,7933,7157,776,1770,692,1078,1060,495,565,5342,348,4994,925,61,864
Rural,State - TRIPURA,Muslim,60-69,9234,4742,4492,3883,3483,400,919,449,470,448,246,202,4432,810,3622,381,66,315
Rural,State - TRIPURA,Muslim,70-79,4395,2262,2133,1322,1197,125,361,214,147,151,94,57,2712,851,1861,104,33,71
Rural,State - TRIPURA,Muslim,80+,2146,1033,1113,378,343,35,116,80,36,46,27,19,1652,610,1042,56,12,44
Rural,State - TRIPURA,Muslim,Age not stated,80,46,34,14,14,0,6,3,3,3,2,1,60,29,31,6,3,3
Rural,State - TRIPURA,Muslim,15-59,158516,80468,78048,60107,53434,6673,22540,10459,12081,16765,8775,7990,75869,16575,59294,29902,7358,22544
Rural,State - TRIPURA,Muslim,60+,15775,8037,7738,5583,5023,560,1396,743,653,645,367,278,8796,2271,6525,541,111,430
Rural,State - TRIPURA,Christian,Total,152170,77511,74659,43101,30966,12135,21492,6982,14510,15387,5635,9752,87577,39563,48014,14969,5729,9240
Rural,State - TRIPURA,Christian,5-9,16736,8634,8102,59,26,33,93,45,48,37,20,17,16584,8563,8021,263,134,129
Rural,State - TRIPURA,Christian,10-14,18025,9254,8771,186,122,64,343,170,173,177,92,85,17496,8962,8534,879,459,420
Rural,State - TRIPURA,Christian,15-19,17100,8542,8558,1372,805,567,2223,968,1255,1648,768,880,13505,6769,6736,3850,1883,1967
Rural,State - TRIPURA,Christian,20-24,16752,8037,8715,4760,3238,1522,4222,1599,2623,3235,1363,1872,7770,3200,4570,3924,1627,2297
Rural,State - TRIPURA,Christian,25-29,14824,7388,7436,6913,4984,1929,3757,1248,2509,2867,1076,1791,4154,1156,2998,2191,685,1506
Rural,State - TRIPURA,Christian,30-34,11745,6109,5636,6577,4844,1733,2787,801,1986,2074,688,1386,2381,464,1917,1200,297,903
Rural,State - TRIPURA,Christian,35-39,10323,5369,4954,6161,4507,1654,2299,585,1714,1668,499,1169,1863,277,1586,884,169,715
Rural,State - TRIPURA,Christian,40-49,14683,7691,6992,9198,6615,2583,2916,687,2229,2042,575,1467,2569,389,2180,1044,236,808
Rural,State - TRIPURA,Christian,50-59,7915,4270,3645,4780,3511,1269,1540,420,1120,996,322,674,1595,339,1256,417,129,288
Rural,State - TRIPURA,Christian,60-69,4651,2300,2351,2135,1555,580,880,285,595,450,150,300,1636,460,1176,220,70,150
Rural,State - TRIPURA,Christian,70-79,2232,1094,1138,727,576,151,313,130,183,142,64,78,1192,388,804,76,31,45
Rural,State - TRIPURA,Christian,80+,1080,492,588,223,174,49,114,44,70,48,18,30,743,274,469,20,9,11
Rural,State - TRIPURA,Christian,Age not stated,41,25,16,10,9,1,5,0,5,3,0,3,26,16,10,1,0,1
Rural,State - TRIPURA,Christian,15-59,93342,47406,45936,39761,28504,11257,19744,6308,13436,14530,5291,9239,33837,12594,21243,13510,5026,8484
Rural,State - TRIPURA,Christian,60+,7963,3886,4077,3085,2305,780,1307,459,848,640,232,408,3571,1122,2449,316,110,206
Rural,State - TRIPURA,Sikh,Total,733,543,190,430,406,24,64,36,28,48,25,23,239,101,138,40,15,25
Rural,State - TRIPURA,Sikh,5-9,42,24,18,0,0,0,0,0,0,0,0,0,42,24,18,0,0,0
Rural,State - TRIPURA,Sikh,10-14,49,27,22,2,2,0,1,1,0,1,1,0,46,24,22,5,4,1
Rural,State - TRIPURA,Sikh,15-19,28,15,13,4,4,0,4,2,2,4,2,2,20,9,11,5,3,2
Rural,State - TRIPURA,Sikh,20-24,91,71,20,62,59,3,5,4,1,4,3,1,24,8,16,13,5,8
Rural,State - TRIPURA,Sikh,25-29,88,66,22,60,57,3,14,8,6,13,8,5,14,1,13,5,0,5
Rural,State - TRIPURA,Sikh,30-34,65,54,11,49,46,3,10,7,3,5,3,2,6,1,5,3,1,2
Rural,State - TRIPURA,Sikh,35-39,93,76,17,77,72,5,7,3,4,3,0,3,9,1,8,6,1,5
Rural,State - TRIPURA,Sikh,40-49,154,131,23,131,123,8,14,7,7,12,6,6,9,1,8,3,1,2
Rural,State - TRIPURA,Sikh,50-59,42,32,10,32,31,1,6,1,5,5,1,4,4,0,4,0,0,0
Rural,State - TRIPURA,Sikh,60-69,15,8,7,8,7,1,1,1,0,1,1,0,6,0,6,0,0,0
Rural,State - TRIPURA,Sikh,70-79,8,3,5,1,1,0,1,1,0,0,0,0,6,1,5,0,0,0
Rural,State - TRIPURA,Sikh,80+,6,6,0,4,4,0,1,1,0,0,0,0,1,1,0,0,0,0
Rural,State - TRIPURA,Sikh,Age not stated,2,1,1,0,0,0,0,0,0,0,0,0,2,1,1,0,0,0
Rural,State - TRIPURA,Sikh,15-59,561,445,116,415,392,23,60,32,28,46,23,23,86,21,65,35,11,24
Rural,State - TRIPURA,Sikh,60+,29,17,12,13,12,1,3,3,0,1,1,0,13,2,11,0,0,0
Rural,State - TRIPURA,Buddhist,Total,116608,59126,57482,30406,24164,6242,19351,6448,12903,13849,5056,8793,66851,28514,38337,10521,2950,7571
Rural,State - TRIPURA,Buddhist,5-9,13585,6962,6623,34,22,12,74,36,38,18,7,11,13477,6904,6573,180,81,99
Rural,State - TRIPURA,Buddhist,10-14,13927,7132,6795,140,97,43,592,274,318,320,153,167,13195,6761,6434,723,351,372
Rural,State - TRIPURA,Buddhist,15-19,12448,6313,6135,1424,1033,391,2387,1074,1313,1853,865,988,8637,4206,4431,2854,1229,1625
Rural,State - TRIPURA,Buddhist,20-24,11992,5838,6154,3813,3049,764,3541,1346,2195,2854,1185,1669,4638,1443,3195,2509,791,1718
Rural,State - TRIPURA,Buddhist,25-29,10454,5167,5287,4748,3847,901,3048,914,2134,2343,792,1551,2658,406,2252,1409,237,1172
Rural,State - TRIPURA,Buddhist,30-34,8071,4078,3993,4198,3336,862,2218,603,1615,1691,521,1170,1655,139,1516,842,83,759
Rural,State - TRIPURA,Buddhist,35-39,7584,3916,3668,4203,3309,894,2018,523,1495,1524,448,1076,1363,84,1279,661,49,612
Rural,State - TRIPURA,Buddhist,40-49,11057,5575,5482,6167,4793,1374,2799,673,2126,1905,545,1360,2091,109,1982,751,40,711
Rural,State - TRIPURA,Buddhist,50-59,6690,3471,3219,3513,2844,669,1536,468,1068,876,309,567,1641,159,1482,341,26,315
Rural,State - TRIPURA,Buddhist,60-69,4264,2208,2056,1583,1342,241,804,339,465,346,163,183,1877,527,1350,184,40,144
Rural,State - TRIPURA,Buddhist,70-79,1913,1006,907,431,365,66,255,148,107,90,50,40,1227,493,734,50,17,33
Rural,State - TRIPURA,Buddhist,80+,923,476,447,140,117,23,76,48,28,27,17,10,707,311,396,15,6,9
Rural,State - TRIPURA,Buddhist,Age not stated,53,37,16,12,10,2,3,2,1,2,1,1,38,25,13,2,0,2
Rural,State - TRIPURA,Buddhist,15-59,68296,34358,33938,28066,22211,5855,17547,5601,11946,13046,4665,8381,22683,6546,16137,9367,2455,6912
Rural,State - TRIPURA,Buddhist,60+,7100,3690,3410,2154,1824,330,1135,535,600,463,230,233,3811,1331,2480,249,63,186
Rural,State - TRIPURA,Jain,Total,421,209,212,126,92,34,54,19,35,41,16,25,241,98,143,50,18,32
Rural,State - TRIPURA,Jain,5-9,45,23,22,0,0,0,0,0,0,0,0,0,45,23,22,1,1,0
Rural,State - TRIPURA,Jain,10-14,43,20,23,1,0,1,0,0,0,0,0,0,42,20,22,5,1,4
Rural,State - TRIPURA,Jain,15-19,44,16,28,3,2,1,7,3,4,6,3,3,34,11,23,15,6,9
Rural,State - TRIPURA,Jain,20-24,48,25,23,17,15,2,13,6,7,10,6,4,18,4,14,8,3,5
Rural,State - TRIPURA,Jain,25-29,33,14,19,13,10,3,8,0,8,6,0,6,12,4,8,7,2,5
Rural,State - TRIPURA,Jain,30-34,23,10,13,13,8,5,6,1,5,6,1,5,4,1,3,1,1,0
Rural,State - TRIPURA,Jain,35-39,35,16,19,18,10,8,12,6,6,9,5,4,5,0,5,4,0,4
Rural,State - TRIPURA,Jain,40-49,52,33,19,36,30,6,3,0,3,2,0,2,13,3,10,7,3,4
Rural,State - TRIPURA,Jain,50-59,22,9,13,15,8,7,1,0,1,1,0,1,6,1,5,1,0,1
Rural,State - TRIPURA,Jain,60-69,19,9,10,7,6,1,3,2,1,0,0,0,9,1,8,0,0,0
Rural,State - TRIPURA,Jain,70-79,10,6,4,3,3,0,1,1,0,1,1,0,6,2,4,1,1,0
Rural,State - TRIPURA,Jain,80+,4,1,3,0,0,0,0,0,0,0,0,0,4,1,3,0,0,0
Rural,State - TRIPURA,Jain,Age not stated,0,0,0,0,0,0,0,0,0,0,0,0,0,0,0,0,0,0
Rural,State - TRIPURA,Jain,15-59,257,123,134,115,83,32,50,16,34,40,15,25,92,24,68,43,15,28
Rural,State - TRIPURA,Jain,60+,33,16,17,10,9,1,4,3,1,1,1,0,19,4,15,1,1,0
Rural,State - TRIPURA,Other religious communities,Total,1224,630,594,365,296,69,178,54,124,72,36,36,681,280,401,138,54,84
Rural,State - TRIPURA,Other religious communities,5-9,128,57,71,1,1,0,0,0,0,0,0,0,127,56,71,2,0,2
Rural,State - TRIPURA,Other religious communities,10-14,107,67,40,2,2,0,1,1,0,0,0,0,104,64,40,3,1,2
Rural,State - TRIPURA,Other religious communities,15-19,123,61,62,13,11,2,10,2,8,5,1,4,100,48,52,29,15,14
Rural,State - TRIPURA,Other religious communities,20-24,134,66,68,29,24,5,27,11,16,10,7,3,78,31,47,43,20,23
Rural,State - TRIPURA,Other religious communities,25-29,157,88,69,62,49,13,46,22,24,22,15,7,49,17,32,32,13,19
Rural,State - TRIPURA,Other religious communities,30-34,90,53,37,48,42,6,25,7,18,14,5,9,17,4,13,9,3,6
Rural,State - TRIPURA,Other religious communities,35-39,84,46,38,47,41,6,21,5,16,7,3,4,16,0,16,4,0,4
Rural,State - TRIPURA,Other religious communities,40-49,138,69,69,86,65,21,26,2,24,9,2,7,26,2,24,9,2,7
Rural,State - TRIPURA,Other religious communities,50-59,83,38,45,46,37,9,10,1,9,3,1,2,27,0,27,6,0,6
Rural,State - TRIPURA,Other religious communities,60-69,53,26,27,20,18,2,10,3,7,2,2,0,23,5,18,1,0,1
Rural,State - TRIPURA,Other religious communities,70-79,24,11,13,8,4,4,1,0,1,0,0,0,15,7,8,0,0,0
Rural,State - TRIPURA,Other religious communities,80+,9,3,6,3,2,1,1,0,1,0,0,0,5,1,4,0,0,0
Rural,State - TRIPURA,Other religious communities,Age not stated,0,0,0,0,0,0,0,0,0,0,0,0,0,0,0,0,0,0
Rural,State - TRIPURA,Other religious communities,15-59,809,421,388,331,269,62,165,50,115,70,34,36,313,102,211,132,53,79
Rural,State - TRIPURA,Other religious communities,60+,86,40,46,31,24,7,12,3,9,2,2,0,43,13,30,1,0,1
Urban,State - TRIPURA,All religious communities,Total,961453,487203,474250,300436,250858,49578,53009,26701,26308,38242,19934,18308,608008,209644,398364,178865,47391,131474
Urban,State - TRIPURA,All religious communities,5-9,71305,36492,34813,225,138,87,291,154,137,79,39,40,70789,36200,34589,907,469,438
Urban,State - TRIPURA,All religious communities,10-14,74696,38097,36599,771,567,204,617,354,263,305,184,121,73308,37176,36132,3614,1860,1754
Urban,State - TRIPURA,All religious communities,15-19,82941,41759,41182,6185,5254,931,3368,2318,1050,2651,1822,829,73388,34187,39201,29115,13388,15727
Urban,State - TRIPURA,All religious communities,20-24,92301,45313,46988,22025,19181,2844,7747,4964,2783,6438,4158,2280,62529,21168,41361,41759,15136,26623
Urban,State - TRIPURA,All religious communities,25-29,91289,45670,45619,37270,32034,5236,8616,4762,3854,7046,3966,3080,45403,8874,36529,31399,7338,24061
Urban,State - TRIPURA,All religious communities,30-34,82121,41500,40621,40189,34214,5975,7273,3370,3903,5724,2752,2972,34659,3916,30743,22447,3207,19240
Urban,State - TRIPURA,All religious communities,35-39,83213,41393,41820,44225,36504,7721,7085,2802,4283,5388,2223,3165,31903,2087,29816,18587,1549,17038
Urban,State - TRIPURA,All religious communities,40-49,140868,72554,68314,80942,65963,14979,9599,3679,5920,6504,2713,3791,50327,2912,47415,20304,1628,18676
Urban,State - TRIPURA,All religious communities,50-59,93811,50428,43383,52407,42995,9412,4933,2285,2648,2710,1293,1417,36471,5148,31323,6763,1206,5557
Urban,State - TRIPURA,All religious communities,60-69,49888,25648,24240,11739,10150,1589,2362,1318,1044,1006,556,450,35787,14180,21607,3006,1262,1744
Urban,State - TRIPURA,All religious communities,70-79,23481,10838,12643,3385,2952,433,808,506,302,277,169,108,19288,7380,11908,663,261,402
Urban,State - TRIPURA,All religious communities,80+,10412,4091,6321,935,795,140,275,171,104,100,54,46,9202,3125,6077,234,65,169
Urban,State - TRIPURA,All religious communities,Age not stated,581,299,282,138,111,27,35,18,17,14,5,9,408,170,238,67,22,45
Urban,State - TRIPURA,All religious communities,15-59,666544,338617,327927,283243,236145,47098,48621,24180,24441,36461,18927,17534,334680,78292,256388,170374,43452,126922
Urban,State - TRIPURA,All religious communities,60+,83781,40577,43204,16059,13897,2162,3445,1995,1450,1383,779,604,64277,24685,39592,3903,1588,2315
Urban,State - TRIPURA,Hindu,Total,895508,453367,442141,281233,234799,46434,49015,24850,24165,35308,18574,16734,565260,193718,371542,167779,44433,123346
Urban,State - TRIPURA,Hindu,5-9,64651,33149,31502,197,124,73,252,133,119,65,33,32,64202,32892,31310,803,414,389
Urban,State - TRIPURA,Hindu,10-14,67575,34509,33066,677,495,182,538,310,228,262,160,102,66360,33704,32656,3170,1633,1537
Urban,State - TRIPURA,Hindu,15-19,75289,37976,37313,5360,4534,826,2951,2033,918,2309,1589,720,66978,31409,35569,26487,12311,14176
Urban,State - TRIPURA,Hindu,20-24,85008,41698,43310,19888,17325,2563,7067,4577,2490,5874,3841,2033,58053,19796,38257,38975,14218,24757
Urban,State - TRIPURA,Hindu,25-29,84898,42398,42500,34311,29526,4785,7968,4472,3496,6515,3732,2783,42619,8400,34219,29647,6980,22667
Urban,State - TRIPURA,Hindu,30-34,77183,38906,38277,37493,31953,5540,6813,3209,3604,5379,2631,2748,32877,3744,29133,21359,3093,18266
Urban,State - TRIPURA,Hindu,35-39,78257,38942,39315,41480,34313,7167,6561,2631,3930,4987,2091,2896,30216,1998,28218,17686,1497,16189
Urban,State - TRIPURA,Hindu,40-49,133394,68522,64872,76468,62302,14166,8959,3445,5514,6076,2545,3531,47967,2775,45192,19356,1556,17800
Urban,State - TRIPURA,Hindu,50-59,89853,48148,41705,50101,41029,9072,4628,2156,2472,2528,1221,1307,35124,4963,30161,6490,1170,5320
Urban,State - TRIPURA,Hindu,60-69,47981,24626,23355,11078,9577,1501,2222,1228,994,945,517,428,34681,13821,20860,2883,1225,1658
Urban,State - TRIPURA,Hindu,70-79,22545,10386,12159,3182,2778,404,771,483,288,262,159,103,18592,7125,11467,636,253,383
Urban,State - TRIPURA,Hindu,80+,9894,3852,6042,867,738,129,253,158,95,93,51,42,8774,2956,5818,220,61,159
Urban,State - TRIPURA,Hindu,Age not stated,532,267,265,131,105,26,32,15,17,13,4,9,369,147,222,67,22,45
Urban,State - TRIPURA,Hindu,15-59,623882,316590,307292,265101,220982,44119,44947,22523,22424,33668,17650,16018,313834,73085,240749,160000,40825,119175
Urban,State - TRIPURA,Hindu,60+,80420,38864,41556,15127,13093,2034,3246,1869,1377,1300,727,573,62047,23902,38145,3739,1539,2200
Urban,State - TRIPURA,Muslim,Total,46421,23818,22603,13176,11365,1811,2921,1377,1544,2152,1007,1145,30324,11076,19248,7959,2023,5936
Urban,State - TRIPURA,Muslim,5-9,4849,2480,2369,21,11,10,27,16,11,7,4,3,4801,2453,2348,85,49,36
Urban,State - TRIPURA,Muslim,10-14,4933,2516,2417,75,61,14,53,31,22,29,17,12,4805,2424,2381,345,183,162
Urban,State - TRIPURA,Muslim,15-19,5442,2680,2762,686,623,63,313,223,90,264,186,78,4443,1834,2609,1907,752,1155
Urban,State - TRIPURA,Muslim,20-24,5413,2688,2725,1705,1513,192,516,306,210,429,248,181,3192,869,2323,2003,618,1385
Urban,State - TRIPURA,Muslim,25-29,4525,2273,2252,2067,1784,283,478,205,273,389,163,226,1980,284,1696,1242,216,1026
Urban,State - TRIPURA,Muslim,30-34,3266,1756,1510,1776,1542,234,314,108,206,233,78,155,1176,106,1070,712,71,641
Urban,State - TRIPURA,Muslim,35-39,3295,1628,1667,1753,1449,304,368,121,247,288,95,193,1174,58,1116,642,33,609
Urban,State - TRIPURA,Muslim,40-49,4960,2639,2321,2819,2389,430,465,171,294,304,120,184,1676,79,1597,676,44,632
Urban,State - TRIPURA,Muslim,50-59,2743,1570,1173,1557,1361,196,238,100,138,149,60,89,948,109,839,214,19,195
Urban,State - TRIPURA,Muslim,60-69,1355,729,626,511,457,54,102,64,38,39,23,16,742,208,534,98,27,71
Urban,State - TRIPURA,Muslim,70-79,693,339,354,161,136,25,28,20,8,14,10,4,504,183,321,22,7,15
Urban,State - TRIPURA,Muslim,80+,354,164,190,44,38,6,17,10,7,6,2,4,293,116,177,13,4,9
Urban,State - TRIPURA,Muslim,Age not stated,14,8,6,1,1,0,2,2,0,1,1,0,11,5,6,0,0,0
Urban,State - TRIPURA,Muslim,15-59,29644,15234,14410,12363,10661,1702,2692,1234,1458,2056,950,1106,14589,3339,11250,7396,1753,5643
Urban,State - TRIPURA,Muslim,60+,2402,1232,1170,716,631,85,147,94,53,59,35,24,1539,507,1032,133,38,95
Urban,State - TRIPURA,Christian,Total,7712,3969,3743,2586,1968,618,250,131,119,181,89,92,4876,1870,3006,1283,371,912
Urban,State - TRIPURA,Christian,5-9,672,296,376,3,1,2,0,0,0,0,0,0,669,295,374,5,1,4
Urban,State - TRIPURA,Christian,10-14,945,437,508,5,2,3,11,4,7,6,3,3,929,431,498,33,14,19
Urban,State - TRIPURA,Christian,15-19,1004,464,540,36,22,14,23,12,11,15,6,9,945,430,515,345,134,211
Urban,State - TRIPURA,Christian,20-24,752,395,357,165,132,33,30,17,13,29,16,13,557,246,311,309,119,190
Urban,State - TRIPURA,Christian,25-29,744,433,311,405,328,77,40,27,13,35,24,11,299,78,221,203,59,144
Urban,State - TRIPURA,Christian,30-34,691,346,345,394,298,96,39,20,19,34,17,17,258,28,230,158,18,140
Urban,State - TRIPURA,Christian,35-39,683,329,354,440,303,137,39,15,24,28,9,19,204,11,193,98,7,91
Urban,State - TRIPURA,Christian,40-49,1093,627,466,776,594,182,32,12,20,22,6,16,285,21,264,108,10,98
Urban,State - TRIPURA,Christian,50-59,459,300,159,316,257,59,24,15,9,8,5,3,119,28,91,20,6,14
Urban,State - TRIPURA,Christian,60-69,120,65,55,34,21,13,9,6,3,4,3,1,77,38,39,4,3,1
Urban,State - TRIPURA,Christian,70-79,48,18,30,6,5,1,2,2,0,0,0,0,40,11,29,0,0,0
Urban,State - TRIPURA,Christian,80+,38,15,23,6,5,1,0,0,0,0,0,0,32,10,22,0,0,0
Urban,State - TRIPURA,Christian,Age not stated,3,3,0,0,0,0,1,1,0,0,0,0,2,2,0,0,0,0
Urban,State - TRIPURA,Christian,15-59,5426,2894,2532,2532,1934,598,227,118,109,171,83,88,2667,842,1825,1241,353,888
Urban,State - TRIPURA,Christian,60+,206,98,108,46,31,15,11,8,3,4,3,1,149,59,90,4,3,1
Urban,State - TRIPURA,Sikh,Total,337,239,98,196,182,14,7,5,2,6,4,2,134,52,82,20,10,10
Urban,State - TRIPURA,Sikh,5-9,26,13,13,0,0,0,0,0,0,0,0,0,26,13,13,0,0,0
Urban,State - TRIPURA,Sikh,10-14,10,7,3,0,0,0,0,0,0,0,0,0,10,7,3,0,0,0
Urban,State - TRIPURA,Sikh,15-19,17,11,6,3,2,1,1,1,0,0,0,0,13,8,5,4,4,0
Urban,State - TRIPURA,Sikh,20-24,28,18,10,18,15,3,0,0,0,0,0,0,10,3,7,6,3,3
Urban,State - TRIPURA,Sikh,25-29,31,18,13,19,17,2,1,0,1,1,0,1,11,1,10,2,0,2
Urban,State - TRIPURA,Sikh,30-34,43,34,9,35,33,2,0,0,0,0,0,0,8,1,7,0,0,0
Urban,State - TRIPURA,Sikh,35-39,45,38,7,35,35,0,3,3,0,3,3,0,7,0,7,2,0,2
Urban,State - TRIPURA,Sikh,40-49,72,66,6,65,62,3,0,0,0,0,0,0,7,4,3,3,2,1
Urban,State - TRIPURA,Sikh,50-59,28,18,10,19,17,2,0,0,0,0,0,0,9,1,8,1,0,1
Urban,State - TRIPURA,Sikh,60-69,11,5,6,2,1,1,2,1,1,2,1,1,7,3,4,2,1,1
Urban,State - TRIPURA,Sikh,70-79,5,1,4,0,0,0,0,0,0,0,0,0,5,1,4,0,0,0
Urban,State - TRIPURA,Sikh,80+,2,1,1,0,0,0,0,0,0,0,0,0,2,1,1,0,0,0
Urban,State - TRIPURA,Sikh,Age not stated,0,0,0,0,0,0,0,0,0,0,0,0,0,0,0,0,0,0
Urban,State - TRIPURA,Sikh,15-59,264,203,61,194,181,13,5,4,1,4,3,1,65,18,47,18,9,9
Urban,State - TRIPURA,Sikh,60+,18,7,11,2,1,1,2,1,1,2,1,1,14,5,9,2,1,1
Urban,State - TRIPURA,Buddhist,Total,8777,4419,4358,2526,1961,565,695,270,425,503,210,293,5556,2188,3368,1303,395,908
Urban,State - TRIPURA,Buddhist,5-9,871,431,440,2,1,1,10,5,5,6,2,4,859,425,434,9,2,7
Urban,State - TRIPURA,Buddhist,10-14,993,503,490,11,7,4,11,5,6,6,2,4,971,491,480,55,23,32
Urban,State - TRIPURA,Buddhist,15-19,942,501,441,79,59,20,67,39,28,52,33,19,796,403,393,280,148,132
Urban,State - TRIPURA,Buddhist,20-24,836,383,453,193,152,41,114,51,63,91,43,48,529,180,349,338,128,210
Urban,State - TRIPURA,Buddhist,25-29,838,418,420,364,290,74,115,51,64,95,41,54,359,77,282,204,51,153
Urban,State - TRIPURA,Buddhist,30-34,728,348,380,382,297,85,92,26,66,65,20,45,254,25,229,162,16,146
Urban,State - TRIPURA,Buddhist,35-39,737,362,375,407,320,87,97,27,70,69,22,47,233,15,218,118,8,110
Urban,State - TRIPURA,Buddhist,40-49,1053,549,504,657,494,163,117,35,82,82,30,52,279,20,259,102,8,94
Urban,State - TRIPURA,Buddhist,50-59,524,283,241,307,239,68,37,12,25,21,6,15,180,32,148,24,8,16
Urban,State - TRIPURA,Buddhist,60-69,295,162,133,86,69,17,25,17,8,14,10,4,184,76,108,9,3,6
Urban,State - TRIPURA,Buddhist,70-79,128,61,67,24,22,2,6,0,6,1,0,1,98,39,59,1,0,1
Urban,State - TRIPURA,Buddhist,80+,88,45,43,13,10,3,4,2,2,1,1,0,71,33,38,1,0,1
Urban,State - TRIPURA,Buddhist,Age not stated,4,3,1,1,1,0,0,0,0,0,0,0,3,2,1,0,0,0
Urban,State - TRIPURA,Buddhist,15-59,5658,2844,2814,2389,1851,538,639,241,398,475,195,280,2630,752,1878,1228,367,861
Urban,State - TRIPURA,Buddhist,60+,511,268,243,123,101,22,35,19,16,16,11,5,353,148,205,11,3,8
Urban,State - TRIPURA,Jain,Total,439,244,195,143,131,12,9,7,2,6,5,1,287,106,181,63,20,43
Urban,State - TRIPURA,Jain,5-9,42,26,16,0,0,0,0,0,0,0,0,0,42,26,16,0,0,0
Urban,State - TRIPURA,Jain,10-14,32,16,16,1,1,0,0,0,0,0,0,0,31,15,16,0,0,0
Urban,State - TRIPURA,Jain,15-19,39,21,18,2,2,0,2,2,0,1,1,0,35,17,18,12,6,6
Urban,State - TRIPURA,Jain,20-24,32,13,19,3,3,0,1,1,0,1,1,0,28,9,19,16,7,9
Urban,State - TRIPURA,Jain,25-29,42,24,18,20,20,0,1,0,1,0,0,0,21,4,17,13,4,9
Urban,State - TRIPURA,Jain,30-34,30,14,16,14,11,3,1,1,0,0,0,0,15,2,13,5,1,4
Urban,State - TRIPURA,Jain,35-39,43,22,21,23,20,3,1,1,0,1,1,0,19,1,18,7,0,7
Urban,State - TRIPURA,Jain,40-49,58,37,21,35,32,3,3,2,1,3,2,1,20,3,17,4,1,3
Urban,State - TRIPURA,Jain,50-59,49,26,23,25,23,2,0,0,0,0,0,0,24,3,21,4,0,4
Urban,State - TRIPURA,Jain,60-69,35,20,15,14,13,1,0,0,0,0,0,0,21,7,14,1,0,1
Urban,State - TRIPURA,Jain,70-79,8,8,0,5,5,0,0,0,0,0,0,0,3,3,0,1,1,0
Urban,State - TRIPURA,Jain,80+,5,1,4,1,1,0,0,0,0,0,0,0,4,0,4,0,0,0
Urban,State - TRIPURA,Jain,Age not stated,0,0,0,0,0,0,0,0,0,0,0,0,0,0,0,0,0,0
Urban,State - TRIPURA,Jain,15-59,293,157,136,122,111,11,9,7,2,6,5,1,162,39,123,61,19,42
Urban,State - TRIPURA,Jain,60+,48,29,19,20,19,1,0,0,0,0,0,0,28,10,18,2,1,1
Urban,State - TRIPURA,Other religious communities,Total,290,161,129,110,86,24,13,7,6,10,6,4,167,68,99,61,21,40
Urban,State - TRIPURA,Other religious communities,5-9,14,8,6,0,0,0,0,0,0,0,0,0,14,8,6,0,0,0
Urban,State - TRIPURA,Other religious communities,10-14,14,10,4,0,0,0,0,0,0,0,0,0,14,10,4,1,1,0
Urban,State - TRIPURA,Other religious communities,15-19,19,10,9,0,0,0,2,2,0,2,2,0,17,8,9,7,2,5
Urban,State - TRIPURA,Other religious communities,20-24,52,29,23,12,10,2,3,3,0,2,2,0,37,16,21,24,10,14
Urban,State - TRIPURA,Other religious communities,25-29,32,17,15,17,13,4,1,0,1,1,0,1,14,4,10,11,4,7
Urban,State - TRIPURA,Other religious communities,30-34,28,16,12,18,14,4,1,0,1,1,0,1,9,2,7,6,2,4
Urban,State - TRIPURA,Other religious communities,35-39,26,16,10,19,15,4,2,0,2,2,0,2,5,1,4,3,1,2
Urban,State - TRIPURA,Other religious communities,40-49,39,20,19,29,20,9,1,0,1,0,0,0,9,0,9,7,0,7
Urban,State - TRIPURA,Other religious communities,50-59,17,11,6,11,10,1,2,1,1,1,1,0,4,0,4,1,0,1
Urban,State - TRIPURA,Other religious communities,60-69,13,8,5,4,4,0,1,1,0,1,1,0,8,3,5,1,1,0
Urban,State - TRIPURA,Other religious communities,70-79,6,2,4,0,0,0,0,0,0,0,0,0,6,2,4,0,0,0
Urban,State - TRIPURA,Other religious communities,80+,1,1,0,0,0,0,0,0,0,0,0,0,1,1,0,0,0,0
Urban,State - TRIPURA,Other religious communities,Age not stated,0,0,0,0,0,0,0,0,0,0,0,0,0,0,0,0,0,0
Urban,State - TRIPURA,Other religious communities,15-59,213,119,94,106,82,24,12,6,6,9,5,4,95,31,64,59,19,40
Urban,State - TRIPURA,Other religious communities,60+,20,11,9,4,4,0,1,1,0,1,1,0,15,6,9,1,1,0
Total,State - MEGHALAYA,All religious communities,Total,2966889,1491832,1475057,921575,585520,336055,264044,118189,145855,95071,48962,46109,1781270,788123,993147,142753,56703,86050
Total,State - MEGHALAYA,All religious communities,5-9,389182,197585,191597,4745,2468,2277,6945,3443,3502,1934,951,983,377492,191674,185818,7984,3946,4038
Total,State - MEGHALAYA,All religious communities,10-14,382606,193473,189133,14094,8615,5479,18685,9749,8936,4802,2592,2210,349827,175109,174718,11568,5663,5905
Total,State - MEGHALAYA,All religious communities,15-19,326188,164716,161472,59893,37174,22719,36562,19623,16939,14643,8485,6158,229733,107919,121814,40434,19464,20970
Total,State - MEGHALAYA,All religious communities,20-24,285012,139140,145872,112668,70124,42544,42543,19850,22693,19003,10052,8951,129801,49166,80635,38383,16185,22198
Total,State - MEGHALAYA,All religious communities,25-29,251281,124676,126605,140592,90355,50237,38424,16909,21515,16211,8456,7755,72265,17412,54853,20478,6420,14058
Total,State - MEGHALAYA,All religious communities,30-34,189657,95786,93871,120661,77935,42726,26906,11254,15652,10286,5166,5120,42090,6597,35493,8754,1907,6847
Total,State - MEGHALAYA,All religious communities,35-39,174706,87320,87386,116053,73734,42319,24438,9584,14854,8664,4079,4585,34215,4002,30213,5590,973,4617
Total,State - MEGHALAYA,All religious communities,40-49,268565,136420,132145,185735,117424,68311,35802,13543,22259,11095,5157,5938,47028,5453,41575,5313,916,4397
Total,State - MEGHALAYA,All religious communities,50-59,148852,76602,72250,100919,64583,36336,18557,7297,11260,5027,2335,2692,29376,4722,24654,1979,429,1550
Total,State - MEGHALAYA,All religious communities,60-69,86482,42903,43579,45566,29393,16173,10070,4347,5723,2256,1071,1185,30846,9163,21683,1598,557,1041
Total,State - MEGHALAYA,All religious communities,70-79,36543,17009,19534,14072,9195,4877,3419,1682,1737,678,346,332,19052,6132,12920,405,127,278
Total,State - MEGHALAYA,All religious communities,80+,15877,7027,8850,4399,2974,1425,1114,588,526,232,127,105,10364,3465,6899,175,73,102
Total,State - MEGHALAYA,All religious communities,Age not stated,5784,3329,2455,2178,1546,632,579,320,259,240,145,95,3027,1463,1564,92,43,49
Total,State - MEGHALAYA,All religious communities,15-59,1644261,824660,819601,836521,531329,305192,223232,98060,125172,84929,43730,41199,584508,195271,389237,120931,46294,74637
Total,State - MEGHALAYA,All religious communities,60+,138902,66939,71963,64037,41562,22475,14603,6617,7986,3166,1544,1622,60262,18760,41502,2178,757,1421
Total,State - MEGHALAYA,Hindu,Total,342078,183622,158456,116831,93722,23109,24497,11523,12974,8348,4426,3922,200750,78377,122373,19005,7809,11196
Total,State - MEGHALAYA,Hindu,5-9,32463,16715,15748,317,169,148,395,187,208,103,43,60,31751,16359,15392,467,228,239
Total,State - MEGHALAYA,Hindu,10-14,35259,18267,16992,860,540,320,1134,599,535,260,130,130,33265,17128,16137,915,474,441
Total,State - MEGHALAYA,Hindu,15-19,34556,18396,16160,4621,3348,1273,2849,1547,1302,1049,590,459,27086,13501,13585,4757,2581,2176
Total,State - MEGHALAYA,Hindu,20-24,34414,18388,16026,12189,9711,2478,3868,2010,1858,1629,924,705,18357,6667,11690,5356,2552,2804
Total,State - MEGHALAYA,Hindu,25-29,33985,18117,15868,17283,13791,3492,3647,1762,1885,1495,838,657,13055,2564,10491,3278,1089,2189
Total,State - MEGHALAYA,Hindu,30-34,27434,14958,12476,15674,12836,2838,2591,1177,1414,997,523,474,9169,945,8224,1411,339,1072
Total,State - MEGHALAYA,Hindu,35-39,27419,14743,12676,16317,13086,3231,2563,1064,1499,840,401,439,8539,593,7946,1017,158,859
Total,State - MEGHALAYA,Hindu,40-49,44110,25191,18919,27907,22664,5243,3934,1585,2349,1175,574,601,12269,942,11327,1065,163,902
Total,State - MEGHALAYA,Hindu,50-59,24057,13792,10265,14656,11942,2714,2041,851,1190,513,247,266,7360,999,6361,346,76,270
Total,State - MEGHALAYA,Hindu,60-69,11971,6432,5539,4921,3926,995,1041,492,549,208,103,105,6009,2014,3995,298,113,185
Total,State - MEGHALAYA,Hindu,70-79,4849,2446,2403,1403,1117,286,307,172,135,60,38,22,3139,1157,1982,58,21,37
Total,State - MEGHALAYA,Hindu,80+,2057,968,1089,460,387,73,107,66,41,17,14,3,1490,515,975,29,11,18
Total,State - MEGHALAYA,Hindu,Age not stated,447,308,139,223,205,18,20,11,9,2,1,1,204,92,112,8,4,4
Total,State - MEGHALAYA,Hindu,15-59,225975,123585,102390,108647,87378,21269,21493,9996,11497,7698,4097,3601,95835,26211,69624,17230,6958,10272
Total,State - MEGHALAYA,Hindu,60+,18877,9846,9031,6784,5430,1354,1455,730,725,285,155,130,10638,3686,6952,385,145,240
Total,State - MEGHALAYA,Muslim,Total,130399,67827,62572,33152,28772,4380,8528,4650,3878,3370,1983,1387,88719,34405,54314,7063,2505,4558
Total,State - MEGHALAYA,Muslim,5-9,19280,9725,9555,121,58,63,151,81,70,48,25,23,19008,9586,9422,446,233,213
Total,State - MEGHALAYA,Muslim,10-14,16278,8536,7742,464,382,82,593,407,186,201,139,62,15221,7747,7474,760,388,372
Total,State - MEGHALAYA,Muslim,15-19,12461,6705,5756,1884,1669,215,1390,1015,375,630,493,137,9187,4021,5166,1725,927,798
Total,State - MEGHALAYA,Muslim,20-24,12172,6059,6113,4009,3590,419,1396,866,530,673,436,237,6767,1603,5164,1561,588,973
Total,State - MEGHALAYA,Muslim,25-29,11942,6124,5818,5546,4893,653,1279,676,603,519,286,233,5117,555,4562,949,240,709
Total,State - MEGHALAYA,Muslim,30-34,8183,4404,3779,4441,3882,559,800,372,428,308,153,155,2942,150,2792,452,44,408
Total,State - MEGHALAYA,Muslim,35-39,7445,3872,3573,4069,3487,582,723,285,438,265,120,145,2653,100,2553,397,23,374
Total,State - MEGHALAYA,Muslim,40-49,11989,6442,5547,6758,5826,932,1163,485,678,405,177,228,4068,131,3937,469,17,452
Total,State - MEGHALAYA,Muslim,50-59,6488,3596,2892,3696,3192,504,602,256,346,205,98,107,2190,148,2042,162,5,157
Total,State - MEGHALAYA,Muslim,60-69,3393,1767,1626,1497,1267,230,288,133,155,81,40,41,1608,367,1241,101,29,72
Total,State - MEGHALAYA,Muslim,70-79,1387,672,715,485,371,114,99,51,48,29,12,17,803,250,553,24,6,18
Total,State - MEGHALAYA,Muslim,80+,535,243,292,138,117,21,37,20,17,4,3,1,360,106,254,15,4,11
Total,State - MEGHALAYA,Muslim,Age not stated,179,98,81,44,38,6,7,3,4,2,1,1,128,57,71,2,1,1
Total,State - MEGHALAYA,Muslim,15-59,70680,37202,33478,30403,26539,3864,7353,3955,3398,3005,1763,1242,32924,6708,26216,5715,1844,3871
Total,State - MEGHALAYA,Muslim,60+,5315,2682,2633,2120,1755,365,424,204,220,114,55,59,2771,723,2048,140,39,101
Total,State - MEGHALAYA,Christian,Total,2213027,1100492,1112535,681075,409679,271396,204149,89314,114835,71134,36153,34981,1327803,601499,726304,104073,41606,62467
Total,State - MEGHALAYA,Christian,5-9,296882,150645,146237,3923,2044,1879,5617,2798,2819,1458,731,727,287342,145803,141539,6228,3048,3180
Total,State - MEGHALAYA,Christian,10-14,293126,147656,145470,11144,6654,4490,14887,7629,7258,3715,1980,1735,267095,133373,133722,8727,4243,4484
Total,State - MEGHALAYA,Christian,15-19,249817,124823,124994,45981,27518,18463,28188,14834,13354,10964,6229,4735,175648,82471,93177,29898,14093,15805
Total,State - MEGHALAYA,Christian,20-24,213460,102512,110948,84644,49691,34953,32951,14860,18091,14435,7441,6994,95865,37961,57904,28435,11918,16517
Total,State - MEGHALAYA,Christian,25-29,183520,89377,94143,104268,63373,40895,29736,12622,17114,12283,6279,6004,49516,13382,36134,14708,4684,10024
Total,State - MEGHALAYA,Christian,30-34,137728,68173,69555,89465,54527,34938,20967,8530,12437,7685,3836,3849,27296,5116,22180,6199,1401,4798
Total,State - MEGHALAYA,Christian,35-39,124424,60961,63463,84753,50803,33950,18696,7127,11569,6402,2984,3418,20975,3031,17944,3757,713,3044
Total,State - MEGHALAYA,Christian,40-49,189124,93246,95878,133830,79170,54660,27227,10069,17158,8010,3703,4307,28067,4007,24060,3332,645,2687
Total,State - MEGHALAYA,Christian,50-59,105155,52845,52310,73025,44097,28928,14114,5471,8643,3615,1677,1938,18016,3277,14739,1283,306,977
Total,State - MEGHALAYA,Christian,60-69,63057,31048,32009,34384,21565,12819,7757,3326,4431,1668,800,868,20916,6157,14759,1043,376,667
Total,State - MEGHALAYA,Christian,70-79,26504,12385,14119,10593,6835,3758,2631,1300,1331,491,258,233,13280,4250,9030,266,87,179
Total,State - MEGHALAYA,Christian,80+,11625,5231,6394,3341,2209,1132,872,467,405,183,100,83,7412,2555,4857,119,56,63
Total,State - MEGHALAYA,Christian,Age not stated,4600,2631,1969,1724,1193,531,506,281,225,225,135,90,2370,1157,1213,78,36,42
Total,State - MEGHALAYA,Christian,15-59,1203228,591937,611291,615966,369179,246787,171879,73513,98366,63394,32149,31245,415383,149245,266138,87612,33760,53852
Total,State - MEGHALAYA,Christian,60+,101186,48664,52522,48318,30609,17709,11260,5093,6167,2342,1158,1184,41608,12962,28646,1428,519,909
Total,State - MEGHALAYA,Sikh,Total,3045,1640,1405,1054,813,241,94,53,41,31,21,10,1897,774,1123,201,98,103
Total,State - MEGHALAYA,Sikh,5-9,258,150,108,1,1,0,2,2,0,0,0,0,255,147,108,4,2,2
Total,State - MEGHALAYA,Sikh,10-14,317,165,152,1,0,1,2,1,1,0,0,0,314,164,150,7,4,3
Total,State - MEGHALAYA,Sikh,15-19,340,167,173,27,15,12,14,9,5,5,3,2,299,143,156,52,30,22
Total,State - MEGHALAYA,Sikh,20-24,306,154,152,68,57,11,20,14,6,10,7,3,218,83,135,64,37,27
Total,State - MEGHALAYA,Sikh,25-29,320,163,157,142,120,22,22,14,8,9,7,2,156,29,127,30,12,18
Total,State - MEGHALAYA,Sikh,30-34,238,123,115,135,109,26,8,4,4,1,1,0,95,10,85,15,6,9
Total,State - MEGHALAYA,Sikh,35-39,270,158,112,182,145,37,6,2,4,2,1,1,82,11,71,11,2,9
Total,State - MEGHALAYA,Sikh,40-49,380,224,156,286,213,73,11,4,7,3,1,2,83,7,76,13,3,10
Total,State - MEGHALAYA,Sikh,50-59,214,123,91,154,113,41,6,1,5,0,0,0,54,9,45,1,0,1
Total,State - MEGHALAYA,Sikh,60-69,94,41,53,39,23,16,3,2,1,1,1,0,52,16,36,4,2,2
Total,State - MEGHALAYA,Sikh,70-79,40,27,13,14,12,2,0,0,0,0,0,0,26,15,11,0,0,0
Total,State - MEGHALAYA,Sikh,80+,15,8,7,2,2,0,0,0,0,0,0,0,13,6,7,0,0,0
Total,State - MEGHALAYA,Sikh,Age not stated,3,3,0,3,3,0,0,0,0,0,0,0,0,0,0,0,0,0
Total,State - MEGHALAYA,Sikh,15-59,2068,1112,956,994,772,222,87,48,39,30,20,10,987,292,695,186,90,96
Total,State - MEGHALAYA,Sikh,60+,149,76,73,55,37,18,3,2,1,1,1,0,91,37,54,4,2,2
Total,State - MEGHALAYA,Buddhist,Total,9864,5144,4720,2446,1683,763,579,302,277,204,108,96,6839,3159,3680,471,222,249
Total,State - MEGHALAYA,Buddhist,5-9,1494,750,744,32,14,18,36,21,15,6,5,1,1426,715,711,20,12,8
Total,State - MEGHALAYA,Buddhist,10-14,1477,765,712,52,35,17,71,39,32,12,5,7,1354,691,663,34,18,16
Total,State - MEGHALAYA,Buddhist,15-19,996,527,469,133,80,53,98,56,42,30,15,15,765,391,374,122,68,54
Total,State - MEGHALAYA,Buddhist,20-24,881,470,411,274,179,95,113,63,50,52,29,23,494,228,266,148,74,74
Total,State - MEGHALAYA,Buddhist,25-29,734,407,327,405,291,114,74,37,37,35,19,16,255,79,176,77,29,48
Total,State - MEGHALAYA,Buddhist,30-34,570,316,254,341,249,92,53,24,29,28,13,15,176,43,133,29,9,20
Total,State - MEGHALAYA,Buddhist,35-39,481,267,214,284,208,76,39,21,18,11,7,4,158,38,120,19,8,11
Total,State - MEGHALAYA,Buddhist,40-49,728,376,352,486,330,156,48,19,29,22,11,11,194,27,167,14,3,11
Total,State - MEGHALAYA,Buddhist,50-59,444,220,224,280,193,87,22,9,13,3,1,2,142,18,124,4,1,3
Total,State - MEGHALAYA,Buddhist,60-69,242,114,128,97,57,40,15,6,9,3,1,2,130,51,79,2,0,2
Total,State - MEGHALAYA,Buddhist,70-79,152,80,72,34,24,10,7,6,1,1,1,0,111,50,61,1,0,1
Total,State - MEGHALAYA,Buddhist,80+,67,35,32,21,17,4,2,1,1,1,1,0,44,17,27,1,0,1
Total,State - MEGHALAYA,Buddhist,Age not stated,29,18,11,7,6,1,1,0,1,0,0,0,21,12,9,0,0,0
Total,State - MEGHALAYA,Buddhist,15-59,4834,2583,2251,2203,1530,673,447,229,218,181,95,86,2184,824,1360,413,192,221
Total,State - MEGHALAYA,Buddhist,60+,461,229,232,152,98,54,24,13,11,5,3,2,285,118,167,4,0,4
Total,State - MEGHALAYA,Jain,Total,627,342,285,223,183,40,25,16,9,15,8,7,379,143,236,37,10,27
Total,State - MEGHALAYA,Jain,5-9,63,30,33,1,1,0,0,0,0,0,0,0,62,29,33,2,1,1
Total,State - MEGHALAYA,Jain,10-14,74,37,37,4,3,1,2,2,0,1,1,0,68,32,36,0,0,0
Total,State - MEGHALAYA,Jain,15-19,53,27,26,5,2,3,1,1,0,1,1,0,47,24,23,13,4,9
Total,State - MEGHALAYA,Jain,20-24,47,21,26,14,9,5,3,3,0,2,2,0,30,9,21,9,2,7
Total,State - MEGHALAYA,Jain,25-29,57,30,27,29,22,7,6,5,1,4,3,1,22,3,19,9,2,7
Total,State - MEGHALAYA,Jain,30-34,41,22,19,25,19,6,1,1,0,1,1,0,15,2,13,2,1,1
Total,State - MEGHALAYA,Jain,35-39,46,30,16,32,28,4,3,0,3,2,0,2,11,2,9,0,0,0
Total,State - MEGHALAYA,Jain,40-49,80,40,40,48,40,8,3,0,3,3,0,3,29,0,29,1,0,1
Total,State - MEGHALAYA,Jain,50-59,62,41,21,43,39,4,3,2,1,1,0,1,16,0,16,0,0,0
Total,State - MEGHALAYA,Jain,60-69,23,15,8,13,11,2,3,2,1,0,0,0,7,2,5,1,0,1
Total,State - MEGHALAYA,Jain,70-79,17,9,8,6,6,0,0,0,0,0,0,0,11,3,8,0,0,0
Total,State - MEGHALAYA,Jain,80+,3,3,0,3,3,0,0,0,0,0,0,0,0,0,0,0,0,0
Total,State - MEGHALAYA,Jain,Age not stated,2,2,0,0,0,0,0,0,0,0,0,0,2,2,0,0,0,0
Total,State - MEGHALAYA,Jain,15-59,386,211,175,196,159,37,20,12,8,14,7,7,170,40,130,34,9,25
Total,State - MEGHALAYA,Jain,60+,43,27,16,22,20,2,3,2,1,0,0,0,18,5,13,1,0,1
Total,State - MEGHALAYA,Other religious communities,Total,258271,127983,130288,84296,49250,35046,25382,11962,13420,11643,6093,5550,148593,66771,81822,11322,4184,7138
Total,State - MEGHALAYA,Other religious communities,5-9,37319,18840,18479,306,157,149,711,337,374,306,140,166,36302,18346,17956,778,403,375
Total,State - MEGHALAYA,Other religious communities,10-14,34774,17376,17398,1490,956,534,1900,1015,885,573,311,262,31384,15405,15979,1063,501,562
Total,State - MEGHALAYA,Other religious communities,15-19,26970,13553,13417,7026,4412,2614,3869,2088,1781,1898,1120,778,16075,7053,9022,3682,1648,2034
Total,State - MEGHALAYA,Other religious communities,20-24,22941,11150,11791,11144,6695,4449,4080,1984,2096,2155,1190,965,7717,2471,5246,2699,971,1728
Total,State - MEGHALAYA,Other religious communities,25-29,20065,10131,9934,12546,7648,4898,3572,1753,1819,1822,1001,821,3947,730,3217,1341,334,1007
Total,State - MEGHALAYA,Other religious communities,30-34,15039,7557,7482,10306,6139,4167,2432,1117,1315,1243,625,618,2301,301,2000,616,99,517
Total,State - MEGHALAYA,Other religious communities,35-39,14226,7110,7116,10146,5836,4310,2360,1062,1298,1122,558,564,1720,212,1508,365,63,302
Total,State - MEGHALAYA,Other religious communities,40-49,21534,10623,10911,16002,8962,7040,3319,1346,1973,1442,676,766,2213,315,1898,401,79,322
Total,State - MEGHALAYA,Other religious communities,50-59,12057,5806,6251,8804,4863,3941,1727,694,1033,674,304,370,1526,249,1277,165,36,129
Total,State - MEGHALAYA,Other religious communities,60-69,7469,3378,4091,4488,2470,2018,936,377,559,284,122,162,2045,531,1514,143,33,110
Total,State - MEGHALAYA,Other religious communities,70-79,3480,1346,2134,1494,812,682,359,144,215,93,35,58,1627,390,1237,54,13,41
Total,State - MEGHALAYA,Other religious communities,80+,1524,516,1008,416,227,189,90,30,60,26,8,18,1018,259,759,11,2,9
Total,State - MEGHALAYA,Other religious communities,Age not stated,317,164,153,128,73,55,27,15,12,5,3,2,162,76,86,4,2,2
Total,State - MEGHALAYA,Other religious communities,15-59,132832,65930,66902,75974,44555,31419,21359,10044,11315,10356,5474,4882,35499,11331,24168,9269,3230,6039
Total,State - MEGHALAYA,Other religious communities,60+,12473,5240,7233,6398,3509,2889,1385,551,834,403,165,238,4690,1180,3510,208,48,160
Rural,State - MEGHALAYA,All religious communities,Total,2371439,1194260,1177179,730959,455430,275529,242499,106382,136117,85569,43645,41924,1397981,632448,765533,99070,39219,59851
Rural,State - MEGHALAYA,All religious communities,5-9,331758,168347,163411,4489,2326,2163,6485,3199,3286,1733,848,885,320784,162822,157962,7270,3601,3669
Rural,State - MEGHALAYA,All religious communities,10-14,315360,159784,155576,13036,8004,5032,17622,9201,8421,4365,2371,1994,284702,142579,142123,10120,4931,5189
Rural,State - MEGHALAYA,All religious communities,15-19,254132,129138,124994,53034,32435,20599,33981,18137,15844,13311,7716,5595,167117,78566,88551,30250,14564,15686
Rural,State - MEGHALAYA,All religious communities,20-24,217643,105372,112271,93759,56328,37431,38735,17632,21103,16619,8699,7920,85149,31412,53737,23069,9415,13654
Rural,State - MEGHALAYA,All religious communities,25-29,191850,94964,96886,109459,68780,40679,34829,14894,19935,14134,7274,6860,47562,11290,36272,11768,3415,8353
Rural,State - MEGHALAYA,All religious communities,30-34,142762,72034,70728,91230,57601,33629,24359,9842,14517,9146,4535,4611,27173,4591,22582,5434,1110,4324
Rural,State - MEGHALAYA,All religious communities,35-39,133054,66890,66164,88880,55497,33383,22286,8465,13821,7858,3655,4203,21888,2928,18960,3644,601,3043
Rural,State - MEGHALAYA,All religious communities,40-49,205616,104528,101088,142450,88552,53898,32929,12051,20878,10380,4749,5631,30237,3925,26312,4047,642,3405
Rural,State - MEGHALAYA,All religious communities,50-59,113500,58879,54621,77676,49230,28446,17168,6610,10558,4773,2192,2581,18656,3039,15617,1603,327,1276
Rural,State - MEGHALAYA,All religious communities,60-69,68685,34544,34141,39261,25102,14159,9367,3971,5396,2155,1011,1144,20057,5471,14586,1286,410,876
Rural,State - MEGHALAYA,All religious communities,70-79,28654,13725,14929,12377,8067,4310,3181,1553,1628,646,333,313,13096,4105,8991,346,103,243
Rural,State - MEGHALAYA,All religious communities,80+,12181,5623,6558,3779,2539,1240,1025,538,487,215,121,94,7377,2546,4831,146,58,88
Rural,State - MEGHALAYA,All religious communities,Age not stated,4781,2601,2180,1529,969,560,532,289,243,234,141,93,2720,1343,1377,87,42,45
Rural,State - MEGHALAYA,All religious communities,15-59,1258557,631805,626752,656488,408423,248065,204287,87631,116656,76221,38820,37401,397782,135751,262031,79815,30074,49741
Rural,State - MEGHALAYA,All religious communities,60+,109520,53892,55628,55417,35708,19709,13573,6062,7511,3016,1465,1551,40530,12122,28408,1778,571,1207
Rural,State - MEGHALAYA,Hindu,Total,190258,100081,90177,60411,45959,14452,20733,9161,11572,7044,3634,3410,109114,44961,64153,10436,4364,6072
Rural,State - MEGHALAYA,Hindu,5-9,20704,10568,10136,261,138,123,304,147,157,80,34,46,20139,10283,9856,380,181,199
Rural,State - MEGHALAYA,Hindu,10-14,21858,11178,10680,627,370,257,984,516,468,213,110,103,20247,10292,9955,723,366,357
Rural,State - MEGHALAYA,Hindu,15-19,19741,10355,9386,2768,1831,937,2466,1292,1174,898,496,402,14507,7232,7275,2902,1600,1302
Rural,State - MEGHALAYA,Hindu,20-24,17944,9311,8633,6221,4622,1599,3207,1582,1625,1298,726,572,8516,3107,5409,2468,1220,1248
Rural,State - MEGHALAYA,Hindu,25-29,17437,9053,8384,8404,6373,2031,3042,1383,1659,1202,653,549,5991,1297,4694,1472,506,966
Rural,State - MEGHALAYA,Hindu,30-34,13450,7107,6343,7322,5680,1642,2152,918,1234,841,439,402,3976,509,3467,696,177,519
Rural,State - MEGHALAYA,Hindu,35-39,14033,7511,6522,8314,6350,1964,2154,817,1337,722,329,393,3565,344,3221,529,86,443
Rural,State - MEGHALAYA,Hindu,40-49,23201,13058,10143,14544,11337,3207,3371,1226,2145,1056,486,570,5286,495,4791,715,90,625
Rural,State - MEGHALAYA,Hindu,50-59,12470,6969,5501,7466,5845,1621,1762,673,1089,471,219,252,3242,451,2791,238,34,204
Rural,State - MEGHALAYA,Hindu,60-69,6730,3440,3290,3114,2340,774,908,397,511,189,91,98,2708,703,2005,227,72,155
Rural,State - MEGHALAYA,Hindu,70-79,2716,1411,1305,987,760,227,273,144,129,58,37,21,1456,507,949,52,19,33
Rural,State - MEGHALAYA,Hindu,80+,1121,544,577,296,238,58,94,57,37,15,13,2,731,249,482,27,9,18
Rural,State - MEGHALAYA,Hindu,Age not stated,248,151,97,87,75,12,16,9,7,1,1,0,145,67,78,7,4,3
Rural,State - MEGHALAYA,Hindu,15-59,118276,63364,54912,55039,42038,13001,18154,7891,10263,6488,3348,3140,45083,13435,31648,9020,3713,5307
Rural,State - MEGHALAYA,Hindu,60+,10567,5395,5172,4397,3338,1059,1275,598,677,262,141,121,4895,1459,3436,306,100,206
Rural,State - MEGHALAYA,Muslim,Total,115041,58804,56237,27314,23540,3774,7994,4265,3729,3120,1808,1312,79733,30999,48734,6342,2193,4149
Rural,State - MEGHALAYA,Muslim,5-9,17908,9035,8873,117,55,62,128,71,57,33,19,14,17663,8909,8754,436,230,206
Rural,State - MEGHALAYA,Muslim,10-14,14856,7788,7068,416,345,71,576,398,178,191,133,58,13864,7045,6819,740,375,365
Rural,State - MEGHALAYA,Muslim,15-19,10794,5701,5093,1524,1338,186,1309,956,353,587,464,123,7961,3407,4554,1549,836,713
Rural,State - MEGHALAYA,Muslim,20-24,10273,4912,5361,3224,2857,367,1289,781,508,600,378,222,5760,1274,4486,1311,464,847
Rural,State - MEGHALAYA,Muslim,25-29,10111,4992,5119,4505,3947,558,1185,601,584,473,253,220,4421,444,3977,813,181,632
Rural,State - MEGHALAYA,Muslim,30-34,6846,3621,3225,3636,3175,461,742,330,412,286,137,149,2468,116,2352,404,32,372
Rural,State - MEGHALAYA,Muslim,35-39,6137,3105,3032,3269,2778,491,664,249,415,247,108,139,2204,78,2126,353,19,334
Rural,State - MEGHALAYA,Muslim,40-49,10253,5322,4931,5576,4776,800,1103,442,661,389,166,223,3574,104,3470,449,15,434
Rural,State - MEGHALAYA,Muslim,50-59,5642,3057,2585,3138,2706,432,585,244,341,202,96,106,1919,107,1812,153,4,149
Rural,State - MEGHALAYA,Muslim,60-69,2959,1504,1455,1314,1101,213,277,124,153,79,39,40,1368,279,1089,95,27,68
Rural,State - MEGHALAYA,Muslim,70-79,1222,575,647,439,333,106,93,46,47,27,11,16,690,196,494,24,6,18
Rural,State - MEGHALAYA,Muslim,80+,475,210,265,122,101,21,36,20,16,4,3,1,317,89,228,13,3,10
Rural,State - MEGHALAYA,Muslim,Age not stated,162,85,77,34,28,6,7,3,4,2,1,1,121,54,67,2,1,1
Rural,State - MEGHALAYA,Muslim,15-59,60056,30710,29346,24872,21577,3295,6877,3603,3274,2784,1602,1182,28307,5530,22777,5032,1551,3481
Rural,State - MEGHALAYA,Muslim,60+,4656,2289,2367,1875,1535,340,406,190,216,110,53,57,2375,564,1811,132,36,96
Rural,State - MEGHALAYA,Christian,Total,1817419,911129,906290,563716,339137,224579,187933,80818,107115,63708,32088,31620,1065770,491174,574596,72504,29016,43488
Rural,State - MEGHALAYA,Christian,5-9,255544,129750,125794,3735,1940,1795,5284,2611,2673,1300,645,655,246525,125199,121326,5635,2764,2871
Rural,State - MEGHALAYA,Christian,10-14,244472,123712,120760,10427,6279,4148,14032,7197,6835,3354,1795,1559,220013,110236,109777,7551,3660,3891
Rural,State - MEGHALAYA,Christian,15-19,198258,100208,98050,41695,24868,16827,26220,13745,12475,9922,5635,4287,130343,61595,68748,22517,10623,11894
Rural,State - MEGHALAYA,Christian,20-24,168128,80745,87383,73446,42382,31064,30118,13279,16839,12604,6437,6167,64564,25084,39480,17286,7051,10235
Rural,State - MEGHALAYA,Christian,25-29,145643,71442,74201,84859,51322,33537,26996,11147,15849,10649,5369,5280,33788,8973,24815,8482,2510,5972
Rural,State - MEGHALAYA,Christian,30-34,108745,54325,54420,70921,43135,27786,19030,7485,11545,6783,3340,3443,18794,3705,15089,3846,823,3023
Rural,State - MEGHALAYA,Christian,35-39,99741,49621,50120,68004,40946,27058,17107,6349,10758,5767,2659,3108,14630,2326,12304,2449,452,1997
Rural,State - MEGHALAYA,Christian,40-49,152146,76166,75980,107561,64087,43474,25106,9035,16071,7465,3410,4055,19479,3044,16435,2499,462,2037
Rural,State - MEGHALAYA,Christian,50-59,84272,43334,40938,58932,36058,22874,13089,5005,8084,3418,1568,1850,12251,2271,9980,1035,250,785
Rural,State - MEGHALAYA,Christian,60-69,52034,26351,25683,30469,19220,11249,7231,3067,4164,1592,756,836,14334,4064,10270,818,275,543
Rural,State - MEGHALAYA,Christian,70-79,21472,10429,11043,9493,6173,3320,2444,1210,1234,465,248,217,9535,3046,6489,215,67,148
Rural,State - MEGHALAYA,Christian,80+,9181,4350,4831,2931,1956,975,801,428,373,169,95,74,5449,1966,3483,96,44,52
Rural,State - MEGHALAYA,Christian,Age not stated,3877,2107,1770,1243,771,472,475,260,215,220,131,89,2159,1076,1083,75,35,40
Rural,State - MEGHALAYA,Christian,15-59,956933,475841,481092,505418,302798,202620,157666,66045,91621,56608,28418,28190,293849,106998,186851,58114,22171,35943
Rural,State - MEGHALAYA,Christian,60+,82687,41130,41557,42893,27349,15544,10476,4705,5771,2226,1099,1127,29318,9076,20242,1129,386,743
Rural,State - MEGHALAYA,Sikh,Total,613,376,237,252,205,47,31,18,13,12,8,4,330,153,177,32,15,17
Rural,State - MEGHALAYA,Sikh,5-9,69,38,31,1,1,0,0,0,0,0,0,0,68,37,31,3,1,2
Rural,State - MEGHALAYA,Sikh,10-14,56,36,20,1,0,1,1,1,0,0,0,0,54,35,19,5,3,2
Rural,State - MEGHALAYA,Sikh,15-19,50,20,30,7,1,6,3,2,1,1,0,1,40,17,23,11,5,6
Rural,State - MEGHALAYA,Sikh,20-24,44,24,20,17,11,6,5,4,1,4,3,1,22,9,13,5,3,2
Rural,State - MEGHALAYA,Sikh,25-29,58,37,21,32,26,6,9,5,4,3,2,1,17,6,11,1,1,0
Rural,State - MEGHALAYA,Sikh,30-34,45,31,14,31,28,3,3,2,1,1,1,0,11,1,10,1,1,0
Rural,State - MEGHALAYA,Sikh,35-39,71,46,25,51,43,8,4,2,2,2,1,1,16,1,15,3,0,3
Rural,State - MEGHALAYA,Sikh,40-49,82,61,21,71,57,14,3,2,1,1,1,0,8,2,6,0,0,0
Rural,State - MEGHALAYA,Sikh,50-59,45,32,13,29,28,1,3,0,3,0,0,0,13,4,9,0,0,0
Rural,State - MEGHALAYA,Sikh,60-69,15,8,7,7,6,1,0,0,0,0,0,0,8,2,6,3,1,2
Rural,State - MEGHALAYA,Sikh,70-79,7,5,2,3,2,1,0,0,0,0,0,0,4,3,1,0,0,0
Rural,State - MEGHALAYA,Sikh,80+,2,2,0,1,1,0,0,0,0,0,0,0,1,1,0,0,0,0
Rural,State - MEGHALAYA,Sikh,Age not stated,1,1,0,1,1,0,0,0,0,0,0,0,0,0,0,0,0,0
Rural,State - MEGHALAYA,Sikh,15-59,395,251,144,238,194,44,30,17,13,12,8,4,127,40,87,21,10,11
Rural,State - MEGHALAYA,Sikh,60+,24,15,9,11,9,2,0,0,0,0,0,0,13,6,7,3,1,2
Rural,State - MEGHALAYA,Buddhist,Total,6547,3397,3150,1352,865,487,497,249,248,172,90,82,4698,2283,2415,269,131,138
Rural,State - MEGHALAYA,Buddhist,5-9,1231,609,622,32,14,18,34,20,14,6,5,1,1165,575,590,17,10,7
Rural,State - MEGHALAYA,Buddhist,10-14,1152,606,546,46,33,13,71,39,32,12,5,7,1035,534,501,30,16,14
Rural,State - MEGHALAYA,Buddhist,15-19,660,353,307,96,54,42,86,49,37,24,11,13,478,250,228,89,47,42
Rural,State - MEGHALAYA,Buddhist,20-24,486,262,224,174,104,70,92,52,40,41,24,17,220,106,114,77,40,37
Rural,State - MEGHALAYA,Buddhist,25-29,395,221,174,229,157,72,61,28,33,29,16,13,105,36,69,29,10,19
Rural,State - MEGHALAYA,Buddhist,30-34,258,136,122,145,95,50,43,18,25,22,10,12,70,23,47,12,5,7
Rural,State - MEGHALAYA,Buddhist,35-39,224,129,95,146,102,44,29,11,18,10,6,4,49,16,33,3,2,1
Rural,State - MEGHALAYA,Buddhist,40-49,342,181,161,247,160,87,42,15,27,21,10,11,53,6,47,5,0,5
Rural,State - MEGHALAYA,Buddhist,50-59,204,107,97,141,93,48,19,8,11,3,1,2,44,6,38,3,1,2
Rural,State - MEGHALAYA,Buddhist,60-69,137,60,77,67,35,32,13,4,9,2,0,2,57,21,36,2,0,2
Rural,State - MEGHALAYA,Buddhist,70-79,63,27,36,16,7,9,4,4,0,1,1,0,43,16,27,1,0,1
Rural,State - MEGHALAYA,Buddhist,80+,39,18,21,12,10,2,2,1,1,1,1,0,25,7,18,1,0,1
Rural,State - MEGHALAYA,Buddhist,Age not stated,23,13,10,1,1,0,1,0,1,0,0,0,21,12,9,0,0,0
Rural,State - MEGHALAYA,Buddhist,15-59,2569,1389,1180,1178,765,413,372,181,191,150,78,72,1019,443,576,218,105,113
Rural,State - MEGHALAYA,Buddhist,60+,239,105,134,95,52,43,19,9,10,4,2,2,125,44,81,4,0,4
Rural,State - MEGHALAYA,Jain,Total,273,157,116,106,75,31,13,11,2,6,5,1,154,71,83,14,5,9
Rural,State - MEGHALAYA,Jain,5-9,42,22,20,1,1,0,0,0,0,0,0,0,41,21,20,1,1,0
Rural,State - MEGHALAYA,Jain,10-14,48,24,24,4,3,1,1,1,0,1,1,0,43,20,23,0,0,0
Rural,State - MEGHALAYA,Jain,15-19,19,9,10,3,1,2,1,1,0,1,1,0,15,7,8,7,2,5
Rural,State - MEGHALAYA,Jain,20-24,16,9,7,12,7,5,2,2,0,1,1,0,2,0,2,0,0,0
Rural,State - MEGHALAYA,Jain,25-29,23,14,9,14,9,5,3,3,0,1,1,0,6,2,4,3,1,2
Rural,State - MEGHALAYA,Jain,30-34,16,10,6,13,8,5,1,1,0,1,1,0,2,1,1,2,1,1
Rural,State - MEGHALAYA,Jain,35-39,15,12,3,14,11,3,0,0,0,0,0,0,1,1,0,0,0,0
Rural,State - MEGHALAYA,Jain,40-49,20,11,9,17,11,6,1,0,1,1,0,1,2,0,2,0,0,0
Rural,State - MEGHALAYA,Jain,50-59,20,15,5,15,13,2,2,2,0,0,0,0,3,0,3,0,0,0
Rural,State - MEGHALAYA,Jain,60-69,9,5,4,6,4,2,2,1,1,0,0,0,1,0,1,1,0,1
Rural,State - MEGHALAYA,Jain,70-79,7,5,2,4,4,0,0,0,0,0,0,0,3,1,2,0,0,0
Rural,State - MEGHALAYA,Jain,80+,3,3,0,3,3,0,0,0,0,0,0,0,0,0,0,0,0,0
Rural,State - MEGHALAYA,Jain,Age not stated,1,1,0,0,0,0,0,0,0,0,0,0,1,1,0,0,0,0
Rural,State - MEGHALAYA,Jain,15-59,129,80,49,88,60,28,10,9,1,5,4,1,31,11,20,12,4,8
Rural,State - MEGHALAYA,Jain,60+,19,13,6,13,11,2,2,1,1,0,0,0,4,1,3,1,0,1
Rural,State - MEGHALAYA,Other religious communities,Total,232659,116026,116633,75570,44410,31160,24562,11525,13037,11212,5862,5350,132527,60091,72436,8964,3258,5706
Rural,State - MEGHALAYA,Other religious communities,5-9,34931,17649,17282,298,153,145,704,333,371,302,138,164,33929,17163,16766,762,397,365
Rural,State - MEGHALAYA,Other religious communities,10-14,31710,15821,15889,1436,929,507,1867,998,869,558,305,253,28407,13894,14513,1014,480,534
Rural,State - MEGHALAYA,Other religious communities,15-19,23723,12030,11693,6737,4221,2516,3754,2024,1730,1821,1079,742,13232,5785,7447,3005,1347,1658
Rural,State - MEGHALAYA,Other religious communities,20-24,20063,9778,10285,10367,6177,4190,3919,1887,2032,2032,1112,920,5777,1714,4063,1829,601,1228
Rural,State - MEGHALAYA,Other religious communities,25-29,17606,8919,8687,11085,6758,4327,3451,1691,1760,1737,959,778,3070,470,2600,900,181,719
Rural,State - MEGHALAYA,Other religious communities,30-34,13064,6616,6448,8932,5340,3592,2340,1064,1276,1192,596,596,1792,212,1580,449,64,385
Rural,State - MEGHALAYA,Other religious communities,35-39,12502,6316,6186,8848,5149,3699,2282,1016,1266,1091,545,546,1372,151,1221,287,38,249
Rural,State - MEGHALAYA,Other religious communities,40-49,19034,9495,9539,14069,7939,6130,3215,1302,1913,1413,662,751,1750,254,1496,364,71,293
Rural,State - MEGHALAYA,Other religious communities,50-59,10519,5209,5310,7723,4360,3363,1668,666,1002,663,300,363,1128,183,945,156,33,123
Rural,State - MEGHALAYA,Other religious communities,60-69,6593,3076,3517,4163,2324,1839,910,369,541,282,121,161,1520,383,1137,134,31,103
Rural,State - MEGHALAYA,Other religious communities,70-79,3067,1233,1834,1394,770,624,351,140,211,91,34,57,1322,323,999,52,11,41
Rural,State - MEGHALAYA,Other religious communities,80+,1312,473,839,397,218,179,86,28,58,25,8,17,829,227,602,9,2,7
Rural,State - MEGHALAYA,Other religious communities,Age not stated,282,151,131,121,72,49,15,7,8,5,3,2,146,72,74,3,2,1
Rural,State - MEGHALAYA,Other religious communities,15-59,116511,58363,58148,67761,39944,27817,20629,9650,10979,9949,5253,4696,28121,8769,19352,6990,2335,4655
Rural,State - MEGHALAYA,Other religious communities,60+,10972,4782,6190,5954,3312,2642,1347,537,810,398,163,235,3671,933,2738,195,44,151
Urban,State - MEGHALAYA,All religious communities,Total,595450,297572,297878,190616,130090,60526,21545,11807,9738,9502,5317,4185,383289,155675,227614,43683,17484,26199
Urban,State - MEGHALAYA,All religious communities,5-9,57424,29238,28186,256,142,114,460,244,216,201,103,98,56708,28852,27856,714,345,369
Urban,State - MEGHALAYA,All religious communities,10-14,67246,33689,33557,1058,611,447,1063,548,515,437,221,216,65125,32530,32595,1448,732,716
Urban,State - MEGHALAYA,All religious communities,15-19,72056,35578,36478,6859,4739,2120,2581,1486,1095,1332,769,563,62616,29353,33263,10184,4900,5284
Urban,State - MEGHALAYA,All religious communities,20-24,67369,33768,33601,18909,13796,5113,3808,2218,1590,2384,1353,1031,44652,17754,26898,15314,6770,8544
Urban,State - MEGHALAYA,All religious communities,25-29,59431,29712,29719,31133,21575,9558,3595,2015,1580,2077,1182,895,24703,6122,18581,8710,3005,5705
Urban,State - MEGHALAYA,All religious communities,30-34,46895,23752,23143,29431,20334,9097,2547,1412,1135,1140,631,509,14917,2006,12911,3320,797,2523
Urban,State - MEGHALAYA,All religious communities,35-39,41652,20430,21222,27173,18237,8936,2152,1119,1033,806,424,382,12327,1074,11253,1946,372,1574
Urban,State - MEGHALAYA,All religious communities,40-49,62949,31892,31057,43285,28872,14413,2873,1492,1381,715,408,307,16791,1528,15263,1266,274,992
Urban,State - MEGHALAYA,All religious communities,50-59,35352,17723,17629,23243,15353,7890,1389,687,702,254,143,111,10720,1683,9037,376,102,274
Urban,State - MEGHALAYA,All religious communities,60-69,17797,8359,9438,6305,4291,2014,703,376,327,101,60,41,10789,3692,7097,312,147,165
Urban,State - MEGHALAYA,All religious communities,70-79,7889,3284,4605,1695,1128,567,238,129,109,32,13,19,5956,2027,3929,59,24,35
Urban,State - MEGHALAYA,All religious communities,80+,3696,1404,2292,620,435,185,89,50,39,17,6,11,2987,919,2068,29,15,14
Urban,State - MEGHALAYA,All religious communities,Age not stated,1003,728,275,649,577,72,47,31,16,6,4,2,307,120,187,5,1,4
Urban,State - MEGHALAYA,All religious communities,15-59,385704,192855,192849,180033,122906,57127,18945,10429,8516,8708,4910,3798,186726,59520,127206,41116,16220,24896
Urban,State - MEGHALAYA,All religious communities,60+,29382,13047,16335,8620,5854,2766,1030,555,475,150,79,71,19732,6638,13094,400,186,214
Urban,State - MEGHALAYA,Hindu,Total,151820,83541,68279,56420,47763,8657,3764,2362,1402,1304,792,512,91636,33416,58220,8569,3445,5124
Urban,State - MEGHALAYA,Hindu,5-9,11759,6147,5612,56,31,25,91,40,51,23,9,14,11612,6076,5536,87,47,40
Urban,State - MEGHALAYA,Hindu,10-14,13401,7089,6312,233,170,63,150,83,67,47,20,27,13018,6836,6182,192,108,84
Urban,State - MEGHALAYA,Hindu,15-19,14815,8041,6774,1853,1517,336,383,255,128,151,94,57,12579,6269,6310,1855,981,874
Urban,State - MEGHALAYA,Hindu,20-24,16470,9077,7393,5968,5089,879,661,428,233,331,198,133,9841,3560,6281,2888,1332,1556
Urban,State - MEGHALAYA,Hindu,25-29,16548,9064,7484,8879,7418,1461,605,379,226,293,185,108,7064,1267,5797,1806,583,1223
Urban,State - MEGHALAYA,Hindu,30-34,13984,7851,6133,8352,7156,1196,439,259,180,156,84,72,5193,436,4757,715,162,553
Urban,State - MEGHALAYA,Hindu,35-39,13386,7232,6154,8003,6736,1267,409,247,162,118,72,46,4974,249,4725,488,72,416
Urban,State - MEGHALAYA,Hindu,40-49,20909,12133,8776,13363,11327,2036,563,359,204,119,88,31,6983,447,6536,350,73,277
Urban,State - MEGHALAYA,Hindu,50-59,11587,6823,4764,7190,6097,1093,279,178,101,42,28,14,4118,548,3570,108,42,66
Urban,State - MEGHALAYA,Hindu,60-69,5241,2992,2249,1807,1586,221,133,95,38,19,12,7,3301,1311,1990,71,41,30
Urban,State - MEGHALAYA,Hindu,70-79,2133,1035,1098,416,357,59,34,28,6,2,1,1,1683,650,1033,6,2,4
Urban,State - MEGHALAYA,Hindu,80+,936,424,512,164,149,15,13,9,4,2,1,1,759,266,493,2,2,0
Urban,State - MEGHALAYA,Hindu,Age not stated,199,157,42,136,130,6,4,2,2,1,0,1,59,25,34,1,0,1
Urban,State - MEGHALAYA,Hindu,15-59,107699,60221,47478,53608,45340,8268,3339,2105,1234,1210,749,461,50752,12776,37976,8210,3245,4965
Urban,State - MEGHALAYA,Hindu,60+,8310,4451,3859,2387,2092,295,180,132,48,23,14,9,5743,2227,3516,79,45,34
Urban,State - MEGHALAYA,Muslim,Total,15358,9023,6335,5838,5232,606,534,385,149,250,175,75,8986,3406,5580,721,312,409
Urban,State - MEGHALAYA,Muslim,5-9,1372,690,682,4,3,1,23,10,13,15,6,9,1345,677,668,10,3,7
Urban,State - MEGHALAYA,Muslim,10-14,1422,748,674,48,37,11,17,9,8,10,6,4,1357,702,655,20,13,7
Urban,State - MEGHALAYA,Muslim,15-19,1667,1004,663,360,331,29,81,59,22,43,29,14,1226,614,612,176,91,85
Urban,State - MEGHALAYA,Muslim,20-24,1899,1147,752,785,733,52,107,85,22,73,58,15,1007,329,678,250,124,126
Urban,State - MEGHALAYA,Muslim,25-29,1831,1132,699,1041,946,95,94,75,19,46,33,13,696,111,585,136,59,77
Urban,State - MEGHALAYA,Muslim,30-34,1337,783,554,805,707,98,58,42,16,22,16,6,474,34,440,48,12,36
Urban,State - MEGHALAYA,Muslim,35-39,1308,767,541,800,709,91,59,36,23,18,12,6,449,22,427,44,4,40
Urban,State - MEGHALAYA,Muslim,40-49,1736,1120,616,1182,1050,132,60,43,17,16,11,5,494,27,467,20,2,18
Urban,State - MEGHALAYA,Muslim,50-59,846,539,307,558,486,72,17,12,5,3,2,1,271,41,230,9,1,8
Urban,State - MEGHALAYA,Muslim,60-69,434,263,171,183,166,17,11,9,2,2,1,1,240,88,152,6,2,4
Urban,State - MEGHALAYA,Muslim,70-79,165,97,68,46,38,8,6,5,1,2,1,1,113,54,59,0,0,0
Urban,State - MEGHALAYA,Muslim,80+,60,33,27,16,16,0,1,0,1,0,0,0,43,17,26,2,1,1
Urban,State - MEGHALAYA,Muslim,Age not stated,17,13,4,10,10,0,0,0,0,0,0,0,7,3,4,0,0,0
Urban,State - MEGHALAYA,Muslim,15-59,10624,6492,4132,5531,4962,569,476,352,124,221,161,60,4617,1178,3439,683,293,390
Urban,State - MEGHALAYA,Muslim,60+,659,393,266,245,220,25,18,14,4,4,2,2,396,159,237,8,3,5
Urban,State - MEGHALAYA,Christian,Total,395608,189363,206245,117359,70542,46817,16216,8496,7720,7426,4065,3361,262033,110325,151708,31569,12590,18979
Urban,State - MEGHALAYA,Christian,5-9,41338,20895,20443,188,104,84,333,187,146,158,86,72,40817,20604,20213,593,284,309
Urban,State - MEGHALAYA,Christian,10-14,48654,23944,24710,717,375,342,855,432,423,361,185,176,47082,23137,23945,1176,583,593
Urban,State - MEGHALAYA,Christian,15-19,51559,24615,26944,4286,2650,1636,1968,1089,879,1042,594,448,45305,20876,24429,7381,3470,3911
Urban,State - MEGHALAYA,Christian,20-24,45332,21767,23565,11198,7309,3889,2833,1581,1252,1831,1004,827,31301,12877,18424,11149,4867,6282
Urban,State - MEGHALAYA,Christian,25-29,37877,17935,19942,19409,12051,7358,2740,1475,1265,1634,910,724,15728,4409,11319,6226,2174,4052
Urban,State - MEGHALAYA,Christian,30-34,28983,13848,15135,18544,11392,7152,1937,1045,892,902,496,406,8502,1411,7091,2353,578,1775
Urban,State - MEGHALAYA,Christian,35-39,24683,11340,13343,16749,9857,6892,1589,778,811,635,325,310,6345,705,5640,1308,261,1047
Urban,State - MEGHALAYA,Christian,40-49,36978,17080,19898,26269,15083,11186,2121,1034,1087,545,293,252,8588,963,7625,833,183,650
Urban,State - MEGHALAYA,Christian,50-59,20883,9511,11372,14093,8039,6054,1025,466,559,197,109,88,5765,1006,4759,248,56,192
Urban,State - MEGHALAYA,Christian,60-69,11023,4697,6326,3915,2345,1570,526,259,267,76,44,32,6582,2093,4489,225,101,124
Urban,State - MEGHALAYA,Christian,70-79,5032,1956,3076,1100,662,438,187,90,97,26,10,16,3745,1204,2541,51,20,31
Urban,State - MEGHALAYA,Christian,80+,2444,881,1563,410,253,157,71,39,32,14,5,9,1963,589,1374,23,12,11
Urban,State - MEGHALAYA,Christian,Age not stated,723,524,199,481,422,59,31,21,10,5,4,1,211,81,130,3,1,2
Urban,State - MEGHALAYA,Christian,15-59,246295,116096,130199,110548,66381,44167,14213,7468,6745,6786,3731,3055,121534,42247,79287,29498,11589,17909
Urban,State - MEGHALAYA,Christian,60+,18499,7534,10965,5425,3260,2165,784,388,396,116,59,57,12290,3886,8404,299,133,166
Urban,State - MEGHALAYA,Sikh,Total,2432,1264,1168,802,608,194,63,35,28,19,13,6,1567,621,946,169,83,86
Urban,State - MEGHALAYA,Sikh,5-9,189,112,77,0,0,0,2,2,0,0,0,0,187,110,77,1,1,0
Urban,State - MEGHALAYA,Sikh,10-14,261,129,132,0,0,0,1,0,1,0,0,0,260,129,131,2,1,1
Urban,State - MEGHALAYA,Sikh,15-19,290,147,143,20,14,6,11,7,4,4,3,1,259,126,133,41,25,16
Urban,State - MEGHALAYA,Sikh,20-24,262,130,132,51,46,5,15,10,5,6,4,2,196,74,122,59,34,25
Urban,State - MEGHALAYA,Sikh,25-29,262,126,136,110,94,16,13,9,4,6,5,1,139,23,116,29,11,18
Urban,State - MEGHALAYA,Sikh,30-34,193,92,101,104,81,23,5,2,3,0,0,0,84,9,75,14,5,9
Urban,State - MEGHALAYA,Sikh,35-39,199,112,87,131,102,29,2,0,2,0,0,0,66,10,56,8,2,6
Urban,State - MEGHALAYA,Sikh,40-49,298,163,135,215,156,59,8,2,6,2,0,2,75,5,70,13,3,10
Urban,State - MEGHALAYA,Sikh,50-59,169,91,78,125,85,40,3,1,2,0,0,0,41,5,36,1,0,1
Urban,State - MEGHALAYA,Sikh,60-69,79,33,46,32,17,15,3,2,1,1,1,0,44,14,30,1,1,0
Urban,State - MEGHALAYA,Sikh,70-79,33,22,11,11,10,1,0,0,0,0,0,0,22,12,10,0,0,0
Urban,State - MEGHALAYA,Sikh,80+,13,6,7,1,1,0,0,0,0,0,0,0,12,5,7,0,0,0
Urban,State - MEGHALAYA,Sikh,Age not stated,2,2,0,2,2,0,0,0,0,0,0,0,0,0,0,0,0,0
Urban,State - MEGHALAYA,Sikh,15-59,1673,861,812,756,578,178,57,31,26,18,12,6,860,252,608,165,80,85
Urban,State - MEGHALAYA,Sikh,60+,125,61,64,44,28,16,3,2,1,1,1,0,78,31,47,1,1,0
Urban,State - MEGHALAYA,Buddhist,Total,3317,1747,1570,1094,818,276,82,53,29,32,18,14,2141,876,1265,202,91,111
Urban,State - MEGHALAYA,Buddhist,5-9,263,141,122,0,0,0,2,1,1,0,0,0,261,140,121,3,2,1
Urban,State - MEGHALAYA,Buddhist,10-14,325,159,166,6,2,4,0,0,0,0,0,0,319,157,162,4,2,2
Urban,State - MEGHALAYA,Buddhist,15-19,336,174,162,37,26,11,12,7,5,6,4,2,287,141,146,33,21,12
Urban,State - MEGHALAYA,Buddhist,20-24,395,208,187,100,75,25,21,11,10,11,5,6,274,122,152,71,34,37
Urban,State - MEGHALAYA,Buddhist,25-29,339,186,153,176,134,42,13,9,4,6,3,3,150,43,107,48,19,29
Urban,State - MEGHALAYA,Buddhist,30-34,312,180,132,196,154,42,10,6,4,6,3,3,106,20,86,17,4,13
Urban,State - MEGHALAYA,Buddhist,35-39,257,138,119,138,106,32,10,10,0,1,1,0,109,22,87,16,6,10
Urban,State - MEGHALAYA,Buddhist,40-49,386,195,191,239,170,69,6,4,2,1,1,0,141,21,120,9,3,6
Urban,State - MEGHALAYA,Buddhist,50-59,240,113,127,139,100,39,3,1,2,0,0,0,98,12,86,1,0,1
Urban,State - MEGHALAYA,Buddhist,60-69,105,54,51,30,22,8,2,2,0,1,1,0,73,30,43,0,0,0
Urban,State - MEGHALAYA,Buddhist,70-79,89,53,36,18,17,1,3,2,1,0,0,0,68,34,34,0,0,0
Urban,State - MEGHALAYA,Buddhist,80+,28,17,11,9,7,2,0,0,0,0,0,0,19,10,9,0,0,0
Urban,State - MEGHALAYA,Buddhist,Age not stated,6,5,1,6,5,1,0,0,0,0,0,0,0,0,0,0,0,0
Urban,State - MEGHALAYA,Buddhist,15-59,2265,1194,1071,1025,765,260,75,48,27,31,17,14,1165,381,784,195,87,108
Urban,State - MEGHALAYA,Buddhist,60+,222,124,98,57,46,11,5,4,1,1,1,0,160,74,86,0,0,0
Urban,State - MEGHALAYA,Jain,Total,354,185,169,117,108,9,12,5,7,9,3,6,225,72,153,23,5,18
Urban,State - MEGHALAYA,Jain,5-9,21,8,13,0,0,0,0,0,0,0,0,0,21,8,13,1,0,1
Urban,State - MEGHALAYA,Jain,10-14,26,13,13,0,0,0,1,1,0,0,0,0,25,12,13,0,0,0
Urban,State - MEGHALAYA,Jain,15-19,34,18,16,2,1,1,0,0,0,0,0,0,32,17,15,6,2,4
Urban,State - MEGHALAYA,Jain,20-24,31,12,19,2,2,0,1,1,0,1,1,0,28,9,19,9,2,7
Urban,State - MEGHALAYA,Jain,25-29,34,16,18,15,13,2,3,2,1,3,2,1,16,1,15,6,1,5
Urban,State - MEGHALAYA,Jain,30-34,25,12,13,12,11,1,0,0,0,0,0,0,13,1,12,0,0,0
Urban,State - MEGHALAYA,Jain,35-39,31,18,13,18,17,1,3,0,3,2,0,2,10,1,9,0,0,0
Urban,State - MEGHALAYA,Jain,40-49,60,29,31,31,29,2,2,0,2,2,0,2,27,0,27,1,0,1
Urban,State - MEGHALAYA,Jain,50-59,42,26,16,28,26,2,1,0,1,1,0,1,13,0,13,0,0,0
Urban,State - MEGHALAYA,Jain,60-69,14,10,4,7,7,0,1,1,0,0,0,0,6,2,4,0,0,0
Urban,State - MEGHALAYA,Jain,70-79,10,4,6,2,2,0,0,0,0,0,0,0,8,2,6,0,0,0
Urban,State - MEGHALAYA,Jain,80+,0,0,0,0,0,0,0,0,0,0,0,0,0,0,0,0,0,0
Urban,State - MEGHALAYA,Jain,Age not stated,1,1,0,0,0,0,0,0,0,0,0,0,1,1,0,0,0,0
Urban,State - MEGHALAYA,Jain,15-59,257,131,126,108,99,9,10,3,7,9,3,6,139,29,110,22,5,17
Urban,State - MEGHALAYA,Jain,60+,24,14,10,9,9,0,1,1,0,0,0,0,14,4,10,0,0,0
Urban,State - MEGHALAYA,Other religious communities,Total,25612,11957,13655,8726,4840,3886,820,437,383,431,231,200,16066,6680,9386,2358,926,1432
Urban,State - MEGHALAYA,Other religious communities,5-9,2388,1191,1197,8,4,4,7,4,3,4,2,2,2373,1183,1190,16,6,10
Urban,State - MEGHALAYA,Other religious communities,10-14,3064,1555,1509,54,27,27,33,17,16,15,6,9,2977,1511,1466,49,21,28
Urban,State - MEGHALAYA,Other religious communities,15-19,3247,1523,1724,289,191,98,115,64,51,77,41,36,2843,1268,1575,677,301,376
Urban,State - MEGHALAYA,Other religious communities,20-24,2878,1372,1506,777,518,259,161,97,64,123,78,45,1940,757,1183,870,370,500
Urban,State - MEGHALAYA,Other religious communities,25-29,2459,1212,1247,1461,890,571,121,62,59,85,42,43,877,260,617,441,153,288
Urban,State - MEGHALAYA,Other religious communities,30-34,1975,941,1034,1374,799,575,92,53,39,51,29,22,509,89,420,167,35,132
Urban,State - MEGHALAYA,Other religious communities,35-39,1724,794,930,1298,687,611,78,46,32,31,13,18,348,61,287,78,25,53
Urban,State - MEGHALAYA,Other religious communities,40-49,2500,1128,1372,1933,1023,910,104,44,60,29,14,15,463,61,402,37,8,29
Urban,State - MEGHALAYA,Other religious communities,50-59,1538,597,941,1081,503,578,59,28,31,11,4,7,398,66,332,9,3,6
Urban,State - MEGHALAYA,Other religious communities,60-69,876,302,574,325,146,179,26,8,18,2,1,1,525,148,377,9,2,7
Urban,State - MEGHALAYA,Other religious communities,70-79,413,113,300,100,42,58,8,4,4,2,1,1,305,67,238,2,2,0
Urban,State - MEGHALAYA,Other religious communities,80+,212,43,169,19,9,10,4,2,2,1,0,1,189,32,157,2,0,2
Urban,State - MEGHALAYA,Other religious communities,Age not stated,35,13,22,7,1,6,12,8,4,0,0,0,16,4,12,1,0,1
Urban,State - MEGHALAYA,Other religious communities,15-59,16321,7567,8754,8213,4611,3602,730,394,336,407,221,186,7378,2562,4816,2279,895,1384
Urban,State - MEGHALAYA,Other religious communities,60+,1501,458,1043,444,197,247,38,14,24,5,2,3,1019,247,772,13,4,9
Total,State - ASSAM,All religious communities,Total,31205576,15939443,15266133,8687123,7034642,1652481,3282567,1506918,1775649,1504344,867450,636894,19235886,7397883,11838003,2547295,941932,1605363
Total,State - ASSAM,All religious communities,5-9,3544339,1806346,1737993,19068,10970,8098,40254,20473,19781,10919,5835,5084,3485017,1774903,1710114,39698,20419,19279
Total,State - ASSAM,All religious communities,10-14,3491727,1789381,1702346,80444,58975,21469,145046,82553,62493,51622,32742,18880,3266237,1647853,1618384,129282,68583,60699
Total,State - ASSAM,All religious communities,15-19,3068581,1595489,1473092,418256,331787,86469,418496,247841,170655,236071,154638,81433,2231829,1015861,1215968,643140,324122,319018
Total,State - ASSAM,All religious communities,20-24,2909405,1415580,1493825,831806,657005,174801,544338,280604,263734,316765,193392,123373,1533261,477971,1055290,641681,270513,371168
Total,State - ASSAM,All religious communities,25-29,2815147,1393042,1422105,1176246,944686,231560,516874,239073,277801,279209,159793,119416,1122027,209283,912744,419063,131630,287433
Total,State - ASSAM,All religious communities,30-34,2330060,1174247,1155813,1142819,920173,222646,386793,160549,226244,188779,102466,86313,800448,93525,706923,240382,55058,185324
Total,State - ASSAM,All religious communities,35-39,2260473,1153679,1106794,1204667,968900,235767,345573,130796,214777,153929,78852,75077,710233,53983,656250,176286,27998,148288
Total,State - ASSAM,All religious communities,40-49,3426455,1811544,1614911,1949770,1579650,370120,462194,167673,294521,166566,85185,81381,1014491,64221,950270,161671,21969,139702
Total,State - ASSAM,All religious communities,50-59,2049188,1100502,948686,1138018,946614,191404,240629,89845,150784,64390,33861,30529,670541,64043,606498,56477,9413,47064
Total,State - ASSAM,All religious communities,60-69,1279340,648536,630804,506028,426358,79670,127012,56962,70050,25808,14521,11287,646300,165216,481084,28093,8261,19832
Total,State - ASSAM,All religious communities,70-79,569629,293044,276585,168882,146378,22504,40666,22615,18051,6778,4116,2662,360081,124051,236030,7567,2486,5081
Total,State - ASSAM,All religious communities,80+,229575,113237,116338,46814,39769,7045,12792,7043,5749,2742,1626,1116,169969,66425,103544,3181,1152,2029
Total,State - ASSAM,All religious communities,Age not stated,18824,9894,8930,4305,3377,928,1900,891,1009,766,423,343,12619,5626,6993,774,328,446
Total,State - ASSAM,All religious communities,15-59,18859309,9644083,9215226,7861582,6348815,1512767,2914897,1316381,1598516,1405709,808187,597522,8082830,1978887,6103943,2338700,840703,1497997
Total,State - ASSAM,All religious communities,60+,2078544,1054817,1023727,721724,612505,109219,180470,86620,93850,35328,20263,15065,1176350,355692,820658,38841,11899,26942
Total,State - ASSAM,Hindu,Total,19180759,9796805,9383954,5703021,4456328,1246693,2250839,991521,1259318,997745,552897,444848,11226899,4348956,6877943,1721068,668664,1052404
Total,State - ASSAM,Hindu,5-9,1849073,943312,905761,11491,6381,5110,24139,11996,12143,6150,3149,3001,1813443,924935,888508,20747,10583,10164
Total,State - ASSAM,Hindu,10-14,1981333,1014009,967324,39621,25107,14514,81293,41424,39869,25521,14024,11497,1860419,947478,912941,69535,36201,33334
Total,State - ASSAM,Hindu,15-19,1882917,961674,921243,217048,154798,62250,256578,138748,117830,141681,84202,57479,1409291,668128,741163,430770,220611,210159
Total,State - ASSAM,Hindu,20-24,1810977,885810,925167,492996,365425,127571,362673,179862,182811,212105,123602,88503,955308,340523,614785,449964,200746,249218
Total,State - ASSAM,Hindu,25-29,1797522,887749,909773,741667,568286,173381,361005,164146,196859,195059,108894,86165,694850,155317,539533,294874,101374,193500
Total,State - ASSAM,Hindu,30-34,1528869,767372,761497,750590,582250,168340,276103,113741,162362,133171,71599,61572,502176,71381,430795,167904,43534,124370
Total,State - ASSAM,Hindu,35-39,1514686,770905,743781,815962,635594,180368,249213,93868,155345,107991,55086,52905,449511,41443,408068,121190,22218,98972
Total,State - ASSAM,Hindu,40-49,2336941,1241432,1095509,1358030,1070766,287264,333940,121001,212939,113235,58219,55016,644971,49665,595306,105789,17302,88487
Total,State - ASSAM,Hindu,50-59,1414715,763264,651451,798110,649777,148333,174973,64546,110427,41201,21817,19384,441632,48941,392691,34954,7132,27822
Total,State - ASSAM,Hindu,60-69,886278,450285,435993,338422,280046,58376,92639,41191,51448,15656,8841,6815,455217,129048,326169,18159,6220,11939
Total,State - ASSAM,Hindu,70-79,389803,201869,187934,108077,92373,15704,28560,15826,12734,3816,2255,1561,253166,93670,159496,4668,1738,2930
Total,State - ASSAM,Hindu,80+,147634,73315,74319,28009,23245,4764,8432,4589,3843,1605,911,694,111193,45481,65712,2025,783,1242
Total,State - ASSAM,Hindu,Age not stated,11597,6104,5493,2998,2280,718,1291,583,708,554,298,256,7308,3241,4067,489,222,267
Total,State - ASSAM,Hindu,15-59,12286627,6278206,6008421,5174403,4026896,1147507,2014485,875912,1138573,944443,523419,421024,5097739,1375398,3722341,1605445,612917,992528
Total,State - ASSAM,Hindu,60+,1423715,725469,698246,474508,395664,78844,129631,61606,68025,21077,12007,9070,819576,268199,551377,24852,8741,16111
Total,State - ASSAM,Muslim,Total,10679345,5463393,5215952,2577795,2298033,279762,858599,446750,411849,438871,280600,158271,7242951,2718610,4524341,741491,237830,503661
Total,State - ASSAM,Muslim,5-9,1539596,783278,756318,6070,3793,2277,13226,7048,6178,4113,2367,1746,1520300,772437,747863,17324,8969,8355
Total,State - ASSAM,Muslim,10-14,1351793,694409,657384,36590,31412,5178,55776,37147,18629,23851,17500,6351,1259427,625850,633577,55014,30031,24983
Total,State - ASSAM,Muslim,15-19,1041450,561795,479655,181732,165302,16430,138772,97653,41119,83236,64430,18806,720946,298840,422106,187494,90985,96509
Total,State - ASSAM,Muslim,20-24,970793,469658,501135,299008,267028,31980,152502,87951,64551,89857,61976,27881,519283,114679,404604,169293,59459,109834
Total,State - ASSAM,Muslim,25-29,895789,446022,449767,377123,337862,39261,128946,64238,64708,71791,44654,27137,389720,43922,345798,111105,25317,85788
Total,State - ASSAM,Muslim,30-34,704516,358814,345702,338343,300839,37504,91034,39903,51131,47639,27048,20591,275139,18072,257067,66235,9701,56534
Total,State - ASSAM,Muslim,35-39,652300,335522,316778,332503,294143,38360,78882,31253,47629,39406,20796,18610,240915,10126,230789,50588,4805,45783
Total,State - ASSAM,Muslim,40-49,945281,495262,450019,500415,444598,55817,104114,39061,65053,45920,23612,22308,340752,11603,329149,51515,3859,47656
Total,State - ASSAM,Muslim,50-59,550380,292577,257803,289063,259570,29493,52976,21122,31854,20166,10652,9514,208341,11885,196456,19881,1871,18010
Total,State - ASSAM,Muslim,60-69,343525,172797,170728,145353,129310,16043,28088,13225,14863,9022,5107,3915,170084,30262,139822,9051,1743,7308
Total,State - ASSAM,Muslim,70-79,159192,80228,78964,53831,48390,5441,10109,5781,4328,2688,1707,981,95252,26057,69195,2684,668,2016
Total,State - ASSAM,Muslim,80+,73640,35624,38016,16772,14927,1845,3715,2125,1590,1013,647,366,53153,18572,34581,1060,335,725
Total,State - ASSAM,Muslim,Age not stated,5428,2810,2618,992,859,133,459,243,216,169,104,65,3977,1708,2269,247,87,160
Total,State - ASSAM,Muslim,15-59,5760509,2959650,2800859,2318187,2069342,248845,747226,381181,366045,398015,253168,144847,2695096,509127,2185969,656111,195997,460114
Total,State - ASSAM,Muslim,60+,576357,288649,287708,215956,192627,23329,41912,21131,20781,12723,7461,5262,318489,74891,243598,12795,2746,10049
Total,State - ASSAM,Christian,Total,1165867,587196,578671,356582,240999,115583,153846,60540,93306,59938,29867,30071,655439,285657,369782,69472,29193,40279
Total,State - ASSAM,Christian,5-9,137534,70246,67288,1314,692,622,2499,1242,1257,554,269,285,133721,68312,65409,1387,737,650
Total,State - ASSAM,Christian,10-14,139836,71228,68608,3798,2196,1602,7081,3531,3550,1983,1069,914,128957,65501,63456,4174,2077,2097
Total,State - ASSAM,Christian,15-19,126608,62922,63686,17702,10430,7272,20862,10247,10615,10007,5356,4651,88044,42245,45799,20874,10472,10402
Total,State - ASSAM,Christian,20-24,110598,51520,59078,35362,21226,14136,26014,11256,14758,12975,6777,6198,49222,19038,30184,18298,8378,9920
Total,State - ASSAM,Christian,25-29,105192,50895,54297,50473,33110,17363,23956,9382,14574,10840,5447,5393,30763,8403,22360,10475,4003,6472
Total,State - ASSAM,Christian,30-34,82779,40901,41878,46949,31554,15395,17451,6059,11392,6996,3333,3663,18379,3288,15091,4871,1415,3456
Total,State - ASSAM,Christian,35-39,80571,40803,39768,49535,33911,15624,15437,4957,10480,5753,2603,3150,15599,1935,13664,3496,764,2732
Total,State - ASSAM,Christian,40-49,124376,64671,59705,80301,55473,24828,21470,6754,14716,6664,3023,3641,22605,2444,20161,3533,643,2890
Total,State - ASSAM,Christian,50-59,71960,38326,33634,44231,31835,12396,11235,3716,7519,2747,1256,1491,16494,2775,13719,1347,347,1000
Total,State - ASSAM,Christian,60-69,41646,21641,20005,19122,14414,4708,5458,2215,3243,1027,518,509,17066,5012,12054,725,248,477
Total,State - ASSAM,Christian,70-79,16944,9075,7869,5918,4705,1213,1719,858,861,255,145,110,9307,3512,5795,184,65,119
Total,State - ASSAM,Christian,80+,6691,3519,3172,1702,1321,381,569,291,278,115,63,52,4420,1907,2513,83,31,52
Total,State - ASSAM,Christian,Age not stated,723,371,352,175,132,43,95,32,63,22,8,14,453,207,246,25,13,12
Total,State - ASSAM,Christian,15-59,702084,350038,352046,324553,217539,107014,136425,52371,84054,55982,27795,28187,241106,80128,160978,62894,26022,36872
Total,State - ASSAM,Christian,60+,65281,34235,31046,26742,20440,6302,7746,3364,4382,1397,726,671,30793,10431,20362,992,344,648
Total,State - ASSAM,Sikh,Total,20672,11815,8857,8272,7246,1026,1014,488,526,414,241,173,11386,4081,7305,1808,699,1109
Total,State - ASSAM,Sikh,5-9,1379,753,626,14,9,5,10,6,4,0,0,0,1355,738,617,18,9,9
Total,State - ASSAM,Sikh,10-14,1592,861,731,40,27,13,34,16,18,9,6,3,1518,818,700,50,28,22
Total,State - ASSAM,Sikh,15-19,1671,854,817,134,113,21,88,51,37,48,31,17,1449,690,759,422,208,214
Total,State - ASSAM,Sikh,20-24,2051,1166,885,702,614,88,165,87,78,108,65,43,1184,465,719,534,246,288
Total,State - ASSAM,Sikh,25-29,2332,1456,876,1354,1204,150,155,81,74,78,47,31,823,171,652,303,105,198
Total,State - ASSAM,Sikh,30-34,2058,1312,746,1317,1174,143,124,64,60,51,31,20,617,74,543,151,34,117
Total,State - ASSAM,Sikh,35-39,1885,1078,807,1120,969,151,121,52,69,49,20,29,644,57,587,152,25,127
Total,State - ASSAM,Sikh,40-49,3056,1794,1262,1929,1675,254,175,64,111,48,25,23,952,55,897,112,19,93
Total,State - ASSAM,Sikh,50-59,1655,956,699,1000,864,136,75,32,43,13,9,4,580,60,520,32,8,24
Total,State - ASSAM,Sikh,60-69,1068,562,506,455,403,52,48,22,26,9,6,3,565,137,428,28,14,14
Total,State - ASSAM,Sikh,70-79,487,281,206,154,146,8,13,10,3,1,1,0,320,125,195,4,3,1
Total,State - ASSAM,Sikh,80+,207,109,98,48,44,4,6,3,3,0,0,0,153,62,91,2,0,2
Total,State - ASSAM,Sikh,Age not stated,13,8,5,5,4,1,0,0,0,0,0,0,8,4,4,0,0,0
Total,State - ASSAM,Sikh,15-59,14708,8616,6092,7556,6613,943,903,431,472,395,228,167,6249,1572,4677,1706,645,1061
Total,State - ASSAM,Sikh,60+,1762,952,810,657,593,64,67,35,32,10,7,3,1038,324,714,34,17,17
Total,State - ASSAM,Buddhist,Total,54993,28089,26904,16470,12698,3772,7203,2979,4224,2855,1478,1377,31320,12412,18908,4569,1817,2752
Total,State - ASSAM,Buddhist,5-9,5040,2626,2414,38,20,18,70,29,41,15,3,12,4932,2577,2355,89,46,43
Total,State - ASSAM,Buddhist,10-14,5737,2925,2812,131,83,48,269,135,134,59,27,32,5337,2707,2630,178,92,86
Total,State - ASSAM,Buddhist,15-19,5601,2891,2710,566,421,145,889,449,440,419,230,189,4146,2021,2125,1136,586,550
Total,State - ASSAM,Buddhist,20-24,5530,2729,2801,1463,1097,366,1244,608,636,703,400,303,2823,1024,1799,1229,570,659
Total,State - ASSAM,Buddhist,25-29,5250,2574,2676,2185,1632,553,1122,496,626,551,294,257,1943,446,1497,802,284,518
Total,State - ASSAM,Buddhist,30-34,4235,2144,2091,2136,1655,481,773,269,504,351,165,186,1326,220,1106,432,119,313
Total,State - ASSAM,Buddhist,35-39,4213,2091,2122,2272,1726,546,707,247,460,278,134,144,1234,118,1116,313,59,254
Total,State - ASSAM,Buddhist,40-49,6578,3430,3148,3860,2997,863,1003,324,679,311,141,170,1715,109,1606,251,32,219
Total,State - ASSAM,Buddhist,50-59,4059,2159,1900,2335,1870,465,586,167,419,120,58,62,1138,122,1016,89,16,73
Total,State - ASSAM,Buddhist,60-69,2620,1329,1291,1060,853,207,369,157,212,39,23,16,1191,319,872,40,10,30
Total,State - ASSAM,Buddhist,70-79,1270,661,609,337,271,66,137,79,58,5,0,5,796,311,485,7,3,4
Total,State - ASSAM,Buddhist,80+,520,255,265,84,71,13,32,17,15,2,1,1,404,167,237,3,0,3
Total,State - ASSAM,Buddhist,Age not stated,23,14,9,3,2,1,2,2,0,2,2,0,18,10,8,0,0,0
Total,State - ASSAM,Buddhist,15-59,35466,18018,17448,14817,11398,3419,6324,2560,3764,2733,1422,1311,14325,4060,10265,4252,1666,2586
Total,State - ASSAM,Buddhist,60+,4410,2245,2165,1481,1195,286,538,253,285,46,24,22,2391,797,1594,50,13,37
Total,State - ASSAM,Jain,Total,25949,13543,12406,8344,7723,621,880,467,413,317,158,159,16725,5353,11372,1868,697,1171
Total,State - ASSAM,Jain,5-9,1928,1025,903,18,7,11,24,11,13,6,3,3,1886,1007,879,23,12,11
Total,State - ASSAM,Jain,10-14,1975,1034,941,23,14,9,39,16,23,14,6,8,1913,1004,909,54,23,31
Total,State - ASSAM,Jain,15-19,1927,999,928,93,71,22,75,38,37,38,18,20,1759,890,869,354,186,168
Total,State - ASSAM,Jain,20-24,2302,1152,1150,440,365,75,146,76,70,88,50,38,1716,711,1005,652,304,348
Total,State - ASSAM,Jain,25-29,2414,1189,1225,990,904,86,128,68,60,55,27,28,1296,217,1079,355,108,247
Total,State - ASSAM,Jain,30-34,2343,1230,1113,1195,1103,92,92,53,39,33,19,14,1056,74,982,160,26,134
Total,State - ASSAM,Jain,35-39,2120,1121,999,1084,1009,75,101,60,41,30,16,14,935,52,883,107,15,92
Total,State - ASSAM,Jain,40-49,3664,1943,1721,1943,1811,132,134,74,60,38,15,23,1587,58,1529,107,11,96
Total,State - ASSAM,Jain,50-59,2680,1461,1219,1442,1375,67,75,31,44,10,2,8,1163,55,1108,33,3,30
Total,State - ASSAM,Jain,60-69,1671,859,812,746,715,31,40,25,15,4,1,3,885,119,766,15,5,10
Total,State - ASSAM,Jain,70-79,765,404,361,277,264,13,19,12,7,1,1,0,469,128,341,5,1,4
Total,State - ASSAM,Jain,80+,309,155,154,84,78,6,3,2,1,0,0,0,222,75,147,2,2,0
Total,State - ASSAM,Jain,Age not stated,40,20,20,9,7,2,4,1,3,0,0,0,27,12,15,1,1,0
Total,State - ASSAM,Jain,15-59,17450,9095,8355,7187,6638,549,751,400,351,292,147,145,9512,2057,7455,1768,653,1115
Total,State - ASSAM,Jain,60+,2745,1418,1327,1107,1057,50,62,39,23,5,2,3,1576,322,1254,22,8,14
Total,State - ASSAM,Other religious communities,Total,27118,13699,13419,7526,5344,2182,4411,1692,2719,1547,814,733,15181,6663,8518,2112,916,1196
Total,State - ASSAM,Other religious communities,5-9,2817,1423,1394,25,12,13,41,19,22,8,3,5,2751,1392,1359,40,25,15
Total,State - ASSAM,Other religious communities,10-14,2999,1554,1445,68,40,28,169,83,86,45,27,18,2762,1431,1331,83,41,42
Total,State - ASSAM,Other religious communities,15-19,2769,1395,1374,227,138,89,366,186,180,163,89,74,2176,1071,1105,630,322,308
Total,State - ASSAM,Other religious communities,20-24,2407,1186,1221,573,369,204,611,261,350,330,180,150,1223,556,667,560,273,287
Total,State - ASSAM,Other religious communities,25-29,2480,1158,1322,969,642,327,689,248,441,341,159,182,822,268,554,377,140,237
Total,State - ASSAM,Other religious communities,30-34,2217,1103,1114,1068,742,326,602,225,377,240,127,113,547,136,411,187,61,126
Total,State - ASSAM,Other religious communities,35-39,2048,1044,1004,1095,782,313,540,191,349,181,102,79,413,71,342,115,25,90
Total,State - ASSAM,Other religious communities,40-49,3086,1590,1496,1724,1280,444,744,223,521,160,79,81,618,87,531,62,17,45
Total,State - ASSAM,Other religious communities,50-59,1817,967,850,1019,761,258,376,134,242,52,29,23,422,72,350,33,4,29
Total,State - ASSAM,Other religious communities,60-69,1225,607,618,503,376,127,205,84,121,21,15,6,517,147,370,17,4,13
Total,State - ASSAM,Other religious communities,70-79,522,288,234,176,143,33,53,29,24,4,3,1,293,116,177,4,4,0
Total,State - ASSAM,Other religious communities,80+,254,128,126,73,55,18,14,8,6,2,1,1,167,65,102,4,0,4
Total,State - ASSAM,Other religious communities,Age not stated,20,9,11,6,4,2,1,1,0,0,0,0,13,4,9,0,0,0
Total,State - ASSAM,Other religious communities,15-59,16824,8443,8381,6675,4714,1961,3928,1468,2460,1467,765,702,6221,2261,3960,1964,842,1122
Total,State - ASSAM,Other religious communities,60+,2001,1023,978,752,574,178,272,121,151,27,19,8,977,328,649,25,8,17
Rural,State - ASSAM,All religious communities,Total,26807034,13678989,13128045,7311015,5880174,1430841,3057268,1377678,1679590,1393879,800239,593640,16438751,6421137,10017614,2053667,760525,1293142
Rural,State - ASSAM,All religious communities,5-9,3191197,1624618,1566579,16935,9749,7186,36151,18387,17764,9567,5134,4433,3138111,1596482,1541629,34522,17710,16812
Rural,State - ASSAM,All religious communities,10-14,3099766,1587764,1512002,72564,53505,19059,136609,77937,58672,48140,30752,17388,2890593,1456322,1434271,114143,60432,53711
Rural,State - ASSAM,All religious communities,15-19,2664091,1388492,1275599,378570,299099,79471,396055,233969,162086,221667,145587,76080,1889466,855424,1034042,539631,271586,268045
Rural,State - ASSAM,All religious communities,20-24,2477603,1203111,1274492,727194,569308,157886,508677,258666,250011,292922,178522,114400,1241732,375137,866595,504800,209875,294925
Rural,State - ASSAM,All religious communities,25-29,2386510,1183063,1203447,1002050,800056,201994,480840,217748,263092,257335,146463,110872,903620,165259,738361,326244,101399,224845
Rural,State - ASSAM,All religious communities,30-34,1949510,984620,964890,958020,765403,192617,358320,144579,213741,173831,93536,80295,633170,74638,558532,186870,42996,143874
Rural,State - ASSAM,All religious communities,35-39,1879751,962030,917721,1004649,802139,202510,319671,116830,202841,141912,71830,70082,555431,43061,512370,136585,21818,114767
Rural,State - ASSAM,All religious communities,40-49,2818012,1487003,1331009,1597957,1286079,311878,427914,149380,278534,154614,78075,76539,792141,51544,740597,130100,17556,112544
Rural,State - ASSAM,All religious communities,50-59,1677752,891535,786217,919886,759862,160024,223611,80553,143058,60271,31281,28990,534255,51120,483135,47842,7631,40211
Rural,State - ASSAM,All religious communities,60-69,1071484,539177,532307,438560,367499,71061,118212,51644,66568,24088,13355,10733,514712,120034,394678,23211,6243,16968
Rural,State - ASSAM,All religious communities,70-79,480642,247705,232937,149823,129626,20197,37802,20791,17011,6346,3842,2504,293017,97288,195729,6483,2053,4430
Rural,State - ASSAM,All religious communities,80+,195387,97407,97980,41575,35331,6244,11811,6465,5346,2529,1499,1030,142001,55611,86390,2638,972,1666
Rural,State - ASSAM,All religious communities,Age not stated,15019,7852,7167,3232,2518,714,1595,729,866,657,363,294,10192,4605,5587,598,254,344
Rural,State - ASSAM,All religious communities,15-59,15853229,8099854,7753375,6588326,5281946,1306380,2715088,1201725,1513363,1302552,745294,557258,6549815,1616183,4933632,1872072,672861,1199211
Rural,State - ASSAM,All religious communities,60+,1747513,884289,863224,629958,532456,97502,167825,78900,88925,32963,18696,14267,949730,272933,676797,32332,9268,23064
Rural,State - ASSAM,Hindu,Total,15699871,8006062,7693809,4584337,3522760,1061577,2073887,891166,1182721,910230,500686,409544,9041647,3592136,5449511,1319748,521405,798343
Rural,State - ASSAM,Hindu,5-9,1591591,810508,781083,9930,5489,4441,20968,10403,10565,5093,2613,2480,1560693,794616,766077,16924,8590,8334
Rural,State - ASSAM,Hindu,10-14,1686595,862281,824314,34265,21574,12691,75136,38163,36973,22965,12621,10344,1577194,802544,774650,58552,30386,28166
Rural,State - ASSAM,Hindu,15-19,1571735,802729,769006,189705,132814,56891,240090,128886,111204,130746,77607,53139,1141940,541029,600911,349112,179036,170076
Rural,State - ASSAM,Hindu,20-24,1474462,719107,755355,413492,299509,113983,335121,163131,171990,193147,112043,81104,725849,256467,469382,338568,150774,187794
Rural,State - ASSAM,Hindu,25-29,1457562,721309,736253,603474,454712,148762,332603,147472,185131,177418,98300,79118,521485,119125,402360,218584,76270,142314
Rural,State - ASSAM,Hindu,30-34,1221529,614582,606947,601255,457799,143456,253431,101084,152347,121058,64454,56604,366843,55699,311144,123121,33347,89774
Rural,State - ASSAM,Hindu,35-39,1203817,614820,588997,652262,499744,152518,228378,82686,145692,98239,49466,48773,323177,32390,290787,87956,17014,70942
Rural,State - ASSAM,Hindu,40-49,1833235,972989,860246,1065122,827421,237701,306458,106401,200057,103790,52667,51123,461655,39167,422488,79294,13599,65695
Rural,State - ASSAM,Hindu,50-59,1103077,587578,515499,613482,492145,121337,161283,57112,104171,38045,19842,18203,328312,38321,289991,27857,5701,22156
Rural,State - ASSAM,Hindu,60-69,711918,358498,353420,283032,231680,51352,85516,36890,48626,14357,7963,6394,343370,89928,253442,14098,4514,9584
Rural,State - ASSAM,Hindu,70-79,314263,163565,150698,92455,78653,13802,26218,14361,11857,3479,2052,1427,195590,70551,125039,3756,1371,2385
Rural,State - ASSAM,Hindu,80+,119055,60105,58950,23765,19657,4108,7647,4125,3522,1434,812,622,87643,36323,51320,1580,643,937
Rural,State - ASSAM,Hindu,Age not stated,8572,4489,4083,2098,1563,535,1038,452,586,459,246,213,5436,2474,2962,346,160,186
Rural,State - ASSAM,Hindu,15-59,9865417,5033114,4832303,4138792,3164144,974648,1857364,786772,1070592,862443,474379,388064,3869261,1082198,2787063,1224492,475741,748751
Rural,State - ASSAM,Hindu,60+,1145236,582168,563068,399252,329990,69262,119381,55376,64005,19270,10827,8443,626603,196802,429801,19434,6528,12906
Rural,State - ASSAM,Muslim,Total,9877218,5052341,4824877,2355398,2104300,251098,816135,420774,395361,418821,267130,151691,6705685,2527267,4178418,661917,208832,453085
Rural,State - ASSAM,Muslim,5-9,1453526,739401,714125,5580,3510,2070,12417,6618,5799,3865,2223,1642,1435529,729273,706256,16154,8355,7799
Rural,State - ASSAM,Muslim,10-14,1265694,650290,615404,34246,29579,4667,53720,35893,17827,23020,16958,6062,1177728,584818,592910,51270,27903,23367
Rural,State - ASSAM,Muslim,15-19,959849,519597,440252,170179,155091,15088,133331,93899,39432,80098,62146,17952,656339,270607,385732,168409,81377,87032
Rural,State - ASSAM,Muslim,20-24,887422,429587,457835,276260,246937,29323,145356,83229,62127,85639,59018,26621,465806,99421,366385,147716,50568,97148
Rural,State - ASSAM,Muslim,25-29,818314,407907,410407,345689,310248,35441,122256,60070,62186,68124,42224,25900,350369,37589,312780,97033,21115,75918
Rural,State - ASSAM,Muslim,30-34,641157,326917,314240,307962,274438,33524,85993,36964,49029,45195,25477,19718,247202,15515,231687,58720,8199,50521
Rural,State - ASSAM,Muslim,35-39,591496,304479,287017,301139,267077,34062,74473,28794,45679,37448,19558,17890,215884,8608,207276,44953,4014,40939
Rural,State - ASSAM,Muslim,40-49,855315,446859,408456,450252,401221,49031,98230,35800,62430,43737,22216,21521,306833,9838,296995,47042,3261,43781
Rural,State - ASSAM,Muslim,50-59,499727,264247,235480,260954,234828,26126,50102,19473,30629,19304,10098,9206,188671,9946,178725,18546,1578,16968
Rural,State - ASSAM,Muslim,60-69,315108,157750,157358,135266,120469,14797,26642,12329,14313,8656,4850,3806,153200,24952,128248,8347,1478,6869
Rural,State - ASSAM,Muslim,70-79,148003,74350,73653,51023,45903,5120,9657,5466,4191,2603,1643,960,87323,22981,64342,2530,608,1922
Rural,State - ASSAM,Muslim,80+,68988,33459,35529,15976,14240,1736,3543,2025,1518,976,623,353,49469,17194,32275,977,299,678
Rural,State - ASSAM,Muslim,Age not stated,4926,2535,2391,872,759,113,415,214,201,156,96,60,3639,1562,2077,220,77,143
Rural,State - ASSAM,Muslim,15-59,5253280,2699593,2553687,2112435,1889840,222595,709741,358229,351512,379545,240737,138808,2431104,451524,1979580,582419,170112,412307
Rural,State - ASSAM,Muslim,60+,532099,265559,266540,202265,180612,21653,39842,19820,20022,12235,7116,5119,289992,65127,224865,11854,2385,9469
Rural,State - ASSAM,Christian,Total,1102715,555891,546824,337852,228054,109798,150186,58793,91393,58002,28841,29161,614677,269044,345633,61615,25989,35626
Rural,State - ASSAM,Christian,5-9,131913,67362,64551,1278,671,607,2436,1209,1227,528,257,271,128199,65482,62717,1274,673,601
Rural,State - ASSAM,Christian,10-14,133020,67741,65279,3691,2141,1550,6971,3481,3490,1937,1047,890,122358,62119,60239,3887,1932,1955
Rural,State - ASSAM,Christian,15-19,119398,59425,59973,17246,10187,7059,20563,10112,10451,9802,5253,4549,81589,39126,42463,19127,9651,9476
Rural,State - ASSAM,Christian,20-24,103644,48316,55328,34052,20386,13666,25422,10970,14452,12568,6567,6001,44170,16960,27210,15877,7292,8585
Rural,State - ASSAM,Christian,25-29,99016,48006,51010,48020,31494,16526,23350,9086,14264,10453,5238,5215,27646,7426,20220,8940,3395,5545
Rural,State - ASSAM,Christian,30-34,77654,38454,39200,44249,29727,14522,16959,5822,11137,6715,3174,3541,16446,2905,13541,4143,1180,2963
Rural,State - ASSAM,Christian,35-39,75718,38436,37282,46718,31935,14783,15020,4769,10251,5535,2486,3049,13980,1732,12248,3016,640,2376
Rural,State - ASSAM,Christian,40-49,116712,60673,56039,75429,51982,23447,20868,6473,14395,6424,2899,3525,20415,2218,18197,3194,583,2611
Rural,State - ASSAM,Christian,50-59,67517,35935,31582,41423,29792,11631,10952,3578,7374,2673,1217,1456,15142,2565,12577,1228,310,918
Rural,State - ASSAM,Christian,60-69,39413,20560,18853,18272,13812,4460,5323,2151,3172,988,496,492,15818,4597,11221,656,227,429
Rural,State - ASSAM,Christian,70-79,15995,8605,7390,5687,4538,1149,1674,829,845,246,139,107,8634,3238,5396,177,64,113
Rural,State - ASSAM,Christian,80+,6298,3340,2958,1626,1268,358,554,282,272,111,60,51,4118,1790,2328,75,30,45
Rural,State - ASSAM,Christian,Age not stated,685,352,333,161,121,40,94,31,63,22,8,14,430,200,230,21,12,9
Rural,State - ASSAM,Christian,15-59,659659,329245,330414,307137,205503,101634,133134,50810,82324,54170,26834,27336,219388,72932,146456,55525,23051,32474
Rural,State - ASSAM,Christian,60+,61706,32505,29201,25585,19618,5967,7551,3262,4289,1345,695,650,28570,9625,18945,908,321,587
Rural,State - ASSAM,Sikh,Total,8242,5021,3221,3733,3350,383,579,244,335,237,136,101,3930,1427,2503,584,200,384
Rural,State - ASSAM,Sikh,5-9,612,310,302,9,5,4,6,3,3,0,0,0,597,302,295,4,0,4
Rural,State - ASSAM,Sikh,10-14,622,347,275,23,14,9,19,9,10,5,3,2,580,324,256,28,11,17
Rural,State - ASSAM,Sikh,15-19,580,281,299,50,45,5,57,30,27,27,15,12,473,206,267,147,63,84
Rural,State - ASSAM,Sikh,20-24,877,572,305,425,388,37,102,52,50,64,41,23,350,132,218,157,75,82
Rural,State - ASSAM,Sikh,25-29,1109,764,345,746,675,71,89,43,46,45,28,17,274,46,228,98,30,68
Rural,State - ASSAM,Sikh,30-34,846,584,262,594,544,50,66,29,37,34,21,13,186,11,175,40,2,38
Rural,State - ASSAM,Sikh,35-39,829,508,321,530,471,59,67,18,49,24,8,16,232,19,213,56,10,46
Rural,State - ASSAM,Sikh,40-49,1190,796,394,834,749,85,102,33,69,25,12,13,254,14,240,38,6,32
Rural,State - ASSAM,Sikh,50-59,504,301,203,311,271,40,37,12,25,7,5,2,156,18,138,10,1,9
Rural,State - ASSAM,Sikh,60-69,335,177,158,137,119,18,27,9,18,6,3,3,171,49,122,5,1,4
Rural,State - ASSAM,Sikh,70-79,151,87,64,50,47,3,6,5,1,0,0,0,95,35,60,1,1,0
Rural,State - ASSAM,Sikh,80+,69,42,27,22,21,1,1,1,0,0,0,0,46,20,26,0,0,0
Rural,State - ASSAM,Sikh,Age not stated,8,5,3,2,1,1,0,0,0,0,0,0,6,4,2,0,0,0
Rural,State - ASSAM,Sikh,15-59,5935,3806,2129,3490,3143,347,520,217,303,226,130,96,1925,446,1479,546,187,359
Rural,State - ASSAM,Sikh,60+,555,306,249,209,187,22,34,15,19,6,3,3,312,104,208,6,2,4
Rural,State - ASSAM,Buddhist,Total,47732,24332,23400,14246,10843,3403,6816,2761,4055,2645,1364,1281,26670,10728,15942,3652,1462,2190
Rural,State - ASSAM,Buddhist,5-9,4565,2371,2194,38,20,18,61,26,35,12,3,9,4466,2325,2141,77,40,37
Rural,State - ASSAM,Buddhist,10-14,5169,2625,2544,122,76,46,254,129,125,55,27,28,4793,2420,2373,155,81,74
Rural,State - ASSAM,Buddhist,15-19,4911,2525,2386,506,375,131,848,426,422,393,215,178,3557,1724,1833,946,485,461
Rural,State - ASSAM,Buddhist,20-24,4765,2356,2409,1312,976,336,1176,568,608,646,369,277,2277,812,1465,975,458,517
Rural,State - ASSAM,Buddhist,25-29,4531,2224,2307,1910,1402,508,1073,463,610,518,275,243,1548,359,1189,621,220,401
Rural,State - ASSAM,Buddhist,30-34,3587,1823,1764,1846,1416,430,719,240,479,319,146,173,1022,167,855,330,87,243
Rural,State - ASSAM,Buddhist,35-39,3567,1776,1791,1948,1461,487,664,219,445,257,121,136,955,96,859,236,47,189
Rural,State - ASSAM,Buddhist,40-49,5492,2863,2629,3253,2490,763,942,294,648,289,131,158,1297,79,1218,201,23,178
Rural,State - ASSAM,Buddhist,50-59,3419,1803,1616,1958,1543,415,563,159,404,113,55,58,898,101,797,72,14,58
Rural,State - ASSAM,Buddhist,60-69,2250,1129,1121,963,769,194,346,140,206,34,19,15,941,220,721,32,5,27
Rural,State - ASSAM,Buddhist,70-79,1112,580,532,312,249,63,136,78,58,5,0,5,664,253,411,5,2,3
Rural,State - ASSAM,Buddhist,80+,449,220,229,75,64,11,32,17,15,2,1,1,342,139,203,2,0,2
Rural,State - ASSAM,Buddhist,Age not stated,21,13,8,3,2,1,2,2,0,2,2,0,16,9,7,0,0,0
Rural,State - ASSAM,Buddhist,15-59,30272,15370,14902,12733,9663,3070,5985,2369,3616,2535,1312,1223,11554,3338,8216,3381,1334,2047
Rural,State - ASSAM,Buddhist,60+,3811,1929,1882,1350,1082,268,514,235,279,41,20,21,1947,612,1335,39,7,32
Rural,State - ASSAM,Jain,Total,2858,1520,1338,838,716,122,250,119,131,107,57,50,1770,685,1085,262,98,164
Rural,State - ASSAM,Jain,5-9,302,157,145,0,0,0,6,3,3,3,2,1,296,154,142,4,3,1
Rural,State - ASSAM,Jain,10-14,278,139,139,4,3,1,16,8,8,4,2,2,258,128,130,5,2,3
Rural,State - ASSAM,Jain,15-19,239,113,126,30,18,12,25,11,14,14,5,9,184,84,100,65,28,37
Rural,State - ASSAM,Jain,20-24,281,134,147,58,36,22,45,21,24,23,12,11,178,77,101,78,38,40
Rural,State - ASSAM,Jain,25-29,232,135,97,104,89,15,30,17,13,13,7,6,98,29,69,34,12,22
Rural,State - ASSAM,Jain,30-34,222,132,90,116,102,14,34,19,15,17,12,5,72,11,61,21,6,15
Rural,State - ASSAM,Jain,35-39,200,116,84,118,100,18,25,9,16,10,6,4,57,7,50,17,2,15
Rural,State - ASSAM,Jain,40-49,324,186,138,178,159,19,37,16,21,18,10,8,109,11,98,23,4,19
Rural,State - ASSAM,Jain,50-59,231,133,98,126,115,11,15,5,10,4,0,4,90,13,77,9,1,8
Rural,State - ASSAM,Jain,60-69,167,88,79,81,73,8,10,5,5,0,0,0,76,10,66,5,1,4
Rural,State - ASSAM,Jain,70-79,61,37,24,20,18,2,6,4,2,1,1,0,35,15,20,0,0,0
Rural,State - ASSAM,Jain,80+,24,11,13,3,3,0,1,1,0,0,0,0,20,7,13,0,0,0
Rural,State - ASSAM,Jain,Age not stated,1,1,0,0,0,0,0,0,0,0,0,0,1,1,0,1,1,0
Rural,State - ASSAM,Jain,15-59,1729,949,780,730,619,111,211,98,113,99,52,47,788,232,556,247,91,156
Rural,State - ASSAM,Jain,60+,252,136,116,104,94,10,17,10,7,1,1,0,131,32,99,5,1,4
Rural,State - ASSAM,Other religious communities,Total,25543,12897,12646,7072,4990,2082,4312,1669,2643,1494,802,692,14159,6238,7921,1955,847,1108
Rural,State - ASSAM,Other religious communities,5-9,2650,1337,1313,23,11,12,41,19,22,8,3,5,2586,1307,1279,38,23,15
Rural,State - ASSAM,Other religious communities,10-14,2825,1458,1367,64,36,28,168,83,85,44,27,17,2593,1339,1254,78,39,39
Rural,State - ASSAM,Other religious communities,15-19,2625,1325,1300,216,132,84,359,185,174,157,88,69,2050,1008,1042,596,300,296
Rural,State - ASSAM,Other religious communities,20-24,2246,1108,1138,538,340,198,592,255,337,316,176,140,1116,513,603,515,251,264
Rural,State - ASSAM,Other religious communities,25-29,2330,1085,1245,901,588,313,670,244,426,326,155,171,759,253,506,349,130,219
Rural,State - ASSAM,Other religious communities,30-34,2079,1034,1045,1000,686,314,581,220,361,230,125,105,498,128,370,166,55,111
Rural,State - ASSAM,Other religious communities,35-39,1930,984,946,1026,727,299,528,188,340,176,101,75,376,69,307,103,24,79
Rural,State - ASSAM,Other religious communities,40-49,2919,1506,1413,1622,1203,419,731,220,511,158,79,79,566,83,483,57,16,41
Rural,State - ASSAM,Other religious communities,50-59,1718,915,803,954,713,241,371,134,237,52,29,23,393,68,325,31,3,28
Rural,State - ASSAM,Other religious communities,60-69,1169,580,589,483,362,121,203,83,120,21,15,6,483,135,348,16,3,13
Rural,State - ASSAM,Other religious communities,70-79,497,272,225,170,137,33,53,29,24,4,3,1,274,106,168,3,3,0
Rural,State - ASSAM,Other religious communities,80+,245,123,122,70,52,18,14,8,6,2,1,1,161,63,98,3,0,3
Rural,State - ASSAM,Other religious communities,Age not stated,19,8,11,5,3,2,1,1,0,0,0,0,13,4,9,0,0,0
Rural,State - ASSAM,Other religious communities,15-59,15847,7957,7890,6257,4389,1868,3832,1446,2386,1415,753,662,5758,2122,3636,1817,779,1038
Rural,State - ASSAM,Other religious communities,60+,1911,975,936,723,551,172,270,120,150,27,19,8,918,304,614,22,6,16
Urban,State - ASSAM,All religious communities,Total,4398542,2260454,2138088,1376108,1154468,221640,225299,129240,96059,110465,67211,43254,2797135,976746,1820389,493628,181407,312221
Urban,State - ASSAM,All religious communities,5-9,353142,181728,171414,2133,1221,912,4103,2086,2017,1352,701,651,346906,178421,168485,5176,2709,2467
Urban,State - ASSAM,All religious communities,10-14,391961,201617,190344,7880,5470,2410,8437,4616,3821,3482,1990,1492,375644,191531,184113,15139,8151,6988
Urban,State - ASSAM,All religious communities,15-19,404490,206997,197493,39686,32688,6998,22441,13872,8569,14404,9051,5353,342363,160437,181926,103509,52536,50973
Urban,State - ASSAM,All religious communities,20-24,431802,212469,219333,104612,87697,16915,35661,21938,13723,23843,14870,8973,291529,102834,188695,136881,60638,76243
Urban,State - ASSAM,All religious communities,25-29,428637,209979,218658,174196,144630,29566,36034,21325,14709,21874,13330,8544,218407,44024,174383,92819,30231,62588
Urban,State - ASSAM,All religious communities,30-34,380550,189627,190923,184799,154770,30029,28473,15970,12503,14948,8930,6018,167278,18887,148391,53512,12062,41450
Urban,State - ASSAM,All religious communities,35-39,380722,191649,189073,200018,166761,33257,25902,13966,11936,12017,7022,4995,154802,10922,143880,39701,6180,33521
Urban,State - ASSAM,All religious communities,40-49,608443,324541,283902,351813,293571,58242,34280,18293,15987,11952,7110,4842,222350,12677,209673,31571,4413,27158
Urban,State - ASSAM,All religious communities,50-59,371436,208967,162469,218132,186752,31380,17018,9292,7726,4119,2580,1539,136286,12923,123363,8635,1782,6853
Urban,State - ASSAM,All religious communities,60-69,207856,109359,98497,67468,58859,8609,8800,5318,3482,1720,1166,554,131588,45182,86406,4882,2018,2864
Urban,State - ASSAM,All religious communities,70-79,88987,45339,43648,19059,16752,2307,2864,1824,1040,432,274,158,67064,26763,40301,1084,433,651
Urban,State - ASSAM,All religious communities,80+,34188,15830,18358,5239,4438,801,981,578,403,213,127,86,27968,10814,17154,543,180,363
Urban,State - ASSAM,All religious communities,Age not stated,3805,2042,1763,1073,859,214,305,162,143,109,60,49,2427,1021,1406,176,74,102
Urban,State - ASSAM,All religious communities,15-59,3006080,1544229,1461851,1273256,1066869,206387,199809,114656,85153,103157,62893,40264,1533015,362704,1170311,466628,167842,298786
Urban,State - ASSAM,All religious communities,60+,331031,170528,160503,91766,80049,11717,12645,7720,4925,2365,1567,798,226620,82759,143861,6509,2631,3878
Urban,State - ASSAM,Hindu,Total,3480888,1790743,1690145,1118684,933568,185116,176952,100355,76597,87515,52211,35304,2185252,756820,1428432,401320,147259,254061
Urban,State - ASSAM,Hindu,5-9,257482,132804,124678,1561,892,669,3171,1593,1578,1057,536,521,252750,130319,122431,3823,1993,1830
Urban,State - ASSAM,Hindu,10-14,294738,151728,143010,5356,3533,1823,6157,3261,2896,2556,1403,1153,283225,144934,138291,10983,5815,5168
Urban,State - ASSAM,Hindu,15-19,311182,158945,152237,27343,21984,5359,16488,9862,6626,10935,6595,4340,267351,127099,140252,81658,41575,40083
Urban,State - ASSAM,Hindu,20-24,336515,166703,169812,79504,65916,13588,27552,16731,10821,18958,11559,7399,229459,84056,145403,111396,49972,61424
Urban,State - ASSAM,Hindu,25-29,339960,166440,173520,138193,113574,24619,28402,16674,11728,17641,10594,7047,173365,36192,137173,76290,25104,51186
Urban,State - ASSAM,Hindu,30-34,307340,152790,154550,149335,124451,24884,22672,12657,10015,12113,7145,4968,135333,15682,119651,44783,10187,34596
Urban,State - ASSAM,Hindu,35-39,310869,156085,154784,163700,135850,27850,20835,11182,9653,9752,5620,4132,126334,9053,117281,33234,5204,28030
Urban,State - ASSAM,Hindu,40-49,503706,268443,235263,292908,243345,49563,27482,14600,12882,9445,5552,3893,183316,10498,172818,26495,3703,22792
Urban,State - ASSAM,Hindu,50-59,311638,175686,135952,184628,157632,26996,13690,7434,6256,3156,1975,1181,113320,10620,102700,7097,1431,5666
Urban,State - ASSAM,Hindu,60-69,174360,91787,82573,55390,48366,7024,7123,4301,2822,1299,878,421,111847,39120,72727,4061,1706,2355
Urban,State - ASSAM,Hindu,70-79,75540,38304,37236,15622,13720,1902,2342,1465,877,337,203,134,57576,23119,34457,912,367,545
Urban,State - ASSAM,Hindu,80+,28579,13210,15369,4244,3588,656,785,464,321,171,99,72,23550,9158,14392,445,140,305
Urban,State - ASSAM,Hindu,Age not stated,3025,1615,1410,900,717,183,253,131,122,95,52,43,1872,767,1105,143,62,81
Urban,State - ASSAM,Hindu,15-59,2421210,1245092,1176118,1035611,862752,172859,157121,89140,67981,82000,49040,32960,1228478,293200,935278,380953,137176,243777
Urban,State - ASSAM,Hindu,60+,278479,143301,135178,75256,65674,9582,10250,6230,4020,1807,1180,627,192973,71397,121576,5418,2213,3205
Urban,State - ASSAM,Muslim,Total,802127,411052,391075,222397,193733,28664,42464,25976,16488,20050,13470,6580,537266,191343,345923,79574,28998,50576
Urban,State - ASSAM,Muslim,5-9,86070,43877,42193,490,283,207,809,430,379,248,144,104,84771,43164,41607,1170,614,556
Urban,State - ASSAM,Muslim,10-14,86099,44119,41980,2344,1833,511,2056,1254,802,831,542,289,81699,41032,40667,3744,2128,1616
Urban,State - ASSAM,Muslim,15-19,81601,42198,39403,11553,10211,1342,5441,3754,1687,3138,2284,854,64607,28233,36374,19085,9608,9477
Urban,State - ASSAM,Muslim,20-24,83371,40071,43300,22748,20091,2657,7146,4722,2424,4218,2958,1260,53477,15258,38219,21577,8891,12686
Urban,State - ASSAM,Muslim,25-29,77475,38115,39360,31434,27614,3820,6690,4168,2522,3667,2430,1237,39351,6333,33018,14072,4202,9870
Urban,State - ASSAM,Muslim,30-34,63359,31897,31462,30381,26401,3980,5041,2939,2102,2444,1571,873,27937,2557,25380,7515,1502,6013
Urban,State - ASSAM,Muslim,35-39,60804,31043,29761,31364,27066,4298,4409,2459,1950,1958,1238,720,25031,1518,23513,5635,791,4844
Urban,State - ASSAM,Muslim,40-49,89966,48403,41563,50163,43377,6786,5884,3261,2623,2183,1396,787,33919,1765,32154,4473,598,3875
Urban,State - ASSAM,Muslim,50-59,50653,28330,22323,28109,24742,3367,2874,1649,1225,862,554,308,19670,1939,17731,1335,293,1042
Urban,State - ASSAM,Muslim,60-69,28417,15047,13370,10087,8841,1246,1446,896,550,366,257,109,16884,5310,11574,704,265,439
Urban,State - ASSAM,Muslim,70-79,11189,5878,5311,2808,2487,321,452,315,137,85,64,21,7929,3076,4853,154,60,94
Urban,State - ASSAM,Muslim,80+,4652,2165,2487,796,687,109,172,100,72,37,24,13,3684,1378,2306,83,36,47
Urban,State - ASSAM,Muslim,Age not stated,502,275,227,120,100,20,44,29,15,13,8,5,338,146,192,27,10,17
Urban,State - ASSAM,Muslim,15-59,507229,260057,247172,205752,179502,26250,37485,22952,14533,18470,12431,6039,263992,57603,206389,73692,25885,47807
Urban,State - ASSAM,Muslim,60+,44258,23090,21168,13691,12015,1676,2070,1311,759,488,345,143,28497,9764,18733,941,361,580
Urban,State - ASSAM,Christian,Total,63152,31305,31847,18730,12945,5785,3660,1747,1913,1936,1026,910,40762,16613,24149,7857,3204,4653
Urban,State - ASSAM,Christian,5-9,5621,2884,2737,36,21,15,63,33,30,26,12,14,5522,2830,2692,113,64,49
Urban,State - ASSAM,Christian,10-14,6816,3487,3329,107,55,52,110,50,60,46,22,24,6599,3382,3217,287,145,142
Urban,State - ASSAM,Christian,15-19,7210,3497,3713,456,243,213,299,135,164,205,103,102,6455,3119,3336,1747,821,926
Urban,State - ASSAM,Christian,20-24,6954,3204,3750,1310,840,470,592,286,306,407,210,197,5052,2078,2974,2421,1086,1335
Urban,State - ASSAM,Christian,25-29,6176,2889,3287,2453,1616,837,606,296,310,387,209,178,3117,977,2140,1535,608,927
Urban,State - ASSAM,Christian,30-34,5125,2447,2678,2700,1827,873,492,237,255,281,159,122,1933,383,1550,728,235,493
Urban,State - ASSAM,Christian,35-39,4853,2367,2486,2817,1976,841,417,188,229,218,117,101,1619,203,1416,480,124,356
Urban,State - ASSAM,Christian,40-49,7664,3998,3666,4872,3491,1381,602,281,321,240,124,116,2190,226,1964,339,60,279
Urban,State - ASSAM,Christian,50-59,4443,2391,2052,2808,2043,765,283,138,145,74,39,35,1352,210,1142,119,37,82
Urban,State - ASSAM,Christian,60-69,2233,1081,1152,850,602,248,135,64,71,39,22,17,1248,415,833,69,21,48
Urban,State - ASSAM,Christian,70-79,949,470,479,231,167,64,45,29,16,9,6,3,673,274,399,7,1,6
Urban,State - ASSAM,Christian,80+,393,179,214,76,53,23,15,9,6,4,3,1,302,117,185,8,1,7
Urban,State - ASSAM,Christian,Age not stated,38,19,19,14,11,3,1,1,0,0,0,0,23,7,16,4,1,3
Urban,State - ASSAM,Christian,15-59,42425,20793,21632,17416,12036,5380,3291,1561,1730,1812,961,851,21718,7196,14522,7369,2971,4398
Urban,State - ASSAM,Christian,60+,3575,1730,1845,1157,822,335,195,102,93,52,31,21,2223,806,1417,84,23,61
Urban,State - ASSAM,Sikh,Total,12430,6794,5636,4539,3896,643,435,244,191,177,105,72,7456,2654,4802,1224,499,725
Urban,State - ASSAM,Sikh,5-9,767,443,324,5,4,1,4,3,1,0,0,0,758,436,322,14,9,5
Urban,State - ASSAM,Sikh,10-14,970,514,456,17,13,4,15,7,8,4,3,1,938,494,444,22,17,5
Urban,State - ASSAM,Sikh,15-19,1091,573,518,84,68,16,31,21,10,21,16,5,976,484,492,275,145,130
Urban,State - ASSAM,Sikh,20-24,1174,594,580,277,226,51,63,35,28,44,24,20,834,333,501,377,171,206
Urban,State - ASSAM,Sikh,25-29,1223,692,531,608,529,79,66,38,28,33,19,14,549,125,424,205,75,130
Urban,State - ASSAM,Sikh,30-34,1212,728,484,723,630,93,58,35,23,17,10,7,431,63,368,111,32,79
Urban,State - ASSAM,Sikh,35-39,1056,570,486,590,498,92,54,34,20,25,12,13,412,38,374,96,15,81
Urban,State - ASSAM,Sikh,40-49,1866,998,868,1095,926,169,73,31,42,23,13,10,698,41,657,74,13,61
Urban,State - ASSAM,Sikh,50-59,1151,655,496,689,593,96,38,20,18,6,4,2,424,42,382,22,7,15
Urban,State - ASSAM,Sikh,60-69,733,385,348,318,284,34,21,13,8,3,3,0,394,88,306,23,13,10
Urban,State - ASSAM,Sikh,70-79,336,194,142,104,99,5,7,5,2,1,1,0,225,90,135,3,2,1
Urban,State - ASSAM,Sikh,80+,138,67,71,26,23,3,5,2,3,0,0,0,107,42,65,2,0,2
Urban,State - ASSAM,Sikh,Age not stated,5,3,2,3,3,0,0,0,0,0,0,0,2,0,2,0,0,0
Urban,State - ASSAM,Sikh,15-59,8773,4810,3963,4066,3470,596,383,214,169,169,98,71,4324,1126,3198,1160,458,702
Urban,State - ASSAM,Sikh,60+,1207,646,561,448,406,42,33,20,13,4,4,0,726,220,506,28,15,13
Urban,State - ASSAM,Buddhist,Total,7261,3757,3504,2224,1855,369,387,218,169,210,114,96,4650,1684,2966,917,355,562
Urban,State - ASSAM,Buddhist,5-9,475,255,220,0,0,0,9,3,6,3,0,3,466,252,214,12,6,6
Urban,State - ASSAM,Buddhist,10-14,568,300,268,9,7,2,15,6,9,4,0,4,544,287,257,23,11,12
Urban,State - ASSAM,Buddhist,15-19,690,366,324,60,46,14,41,23,18,26,15,11,589,297,292,190,101,89
Urban,State - ASSAM,Buddhist,20-24,765,373,392,151,121,30,68,40,28,57,31,26,546,212,334,254,112,142
Urban,State - ASSAM,Buddhist,25-29,719,350,369,275,230,45,49,33,16,33,19,14,395,87,308,181,64,117
Urban,State - ASSAM,Buddhist,30-34,648,321,327,290,239,51,54,29,25,32,19,13,304,53,251,102,32,70
Urban,State - ASSAM,Buddhist,35-39,646,315,331,324,265,59,43,28,15,21,13,8,279,22,257,77,12,65
Urban,State - ASSAM,Buddhist,40-49,1086,567,519,607,507,100,61,30,31,22,10,12,418,30,388,50,9,41
Urban,State - ASSAM,Buddhist,50-59,640,356,284,377,327,50,23,8,15,7,3,4,240,21,219,17,2,15
Urban,State - ASSAM,Buddhist,60-69,370,200,170,97,84,13,23,17,6,5,4,1,250,99,151,8,5,3
Urban,State - ASSAM,Buddhist,70-79,158,81,77,25,22,3,1,1,0,0,0,0,132,58,74,2,1,1
Urban,State - ASSAM,Buddhist,80+,71,35,36,9,7,2,0,0,0,0,0,0,62,28,34,1,0,1
Urban,State - ASSAM,Buddhist,Age not stated,2,1,1,0,0,0,0,0,0,0,0,0,2,1,1,0,0,0
Urban,State - ASSAM,Buddhist,15-59,5194,2648,2546,2084,1735,349,339,191,148,198,110,88,2771,722,2049,871,332,539
Urban,State - ASSAM,Buddhist,60+,599,316,283,131,113,18,24,18,6,5,4,1,444,185,259,11,6,5
Urban,State - ASSAM,Jain,Total,23091,12023,11068,7506,7007,499,630,348,282,210,101,109,14955,4668,10287,1606,599,1007
Urban,State - ASSAM,Jain,5-9,1626,868,758,18,7,11,18,8,10,3,1,2,1590,853,737,19,9,10
Urban,State - ASSAM,Jain,10-14,1697,895,802,19,11,8,23,8,15,10,4,6,1655,876,779,49,21,28
Urban,State - ASSAM,Jain,15-19,1688,886,802,63,53,10,50,27,23,24,13,11,1575,806,769,289,158,131
Urban,State - ASSAM,Jain,20-24,2021,1018,1003,382,329,53,101,55,46,65,38,27,1538,634,904,574,266,308
Urban,State - ASSAM,Jain,25-29,2182,1054,1128,886,815,71,98,51,47,42,20,22,1198,188,1010,321,96,225
Urban,State - ASSAM,Jain,30-34,2121,1098,1023,1079,1001,78,58,34,24,16,7,9,984,63,921,139,20,119
Urban,State - ASSAM,Jain,35-39,1920,1005,915,966,909,57,76,51,25,20,10,10,878,45,833,90,13,77
Urban,State - ASSAM,Jain,40-49,3340,1757,1583,1765,1652,113,97,58,39,20,5,15,1478,47,1431,84,7,77
Urban,State - ASSAM,Jain,50-59,2449,1328,1121,1316,1260,56,60,26,34,6,2,4,1073,42,1031,24,2,22
Urban,State - ASSAM,Jain,60-69,1504,771,733,665,642,23,30,20,10,4,1,3,809,109,700,10,4,6
Urban,State - ASSAM,Jain,70-79,704,367,337,257,246,11,13,8,5,0,0,0,434,113,321,5,1,4
Urban,State - ASSAM,Jain,80+,285,144,141,81,75,6,2,1,1,0,0,0,202,68,134,2,2,0
Urban,State - ASSAM,Jain,Age not stated,39,19,20,9,7,2,4,1,3,0,0,0,26,11,15,0,0,0
Urban,State - ASSAM,Jain,15-59,15721,8146,7575,6457,6019,438,540,302,238,193,95,98,8724,1825,6899,1521,562,959
Urban,State - ASSAM,Jain,60+,2493,1282,1211,1003,963,40,45,29,16,4,1,3,1445,290,1155,17,7,10
Urban,State - ASSAM,Other religious communities,Total,1575,802,773,454,354,100,99,23,76,53,12,41,1022,425,597,157,69,88
Urban,State - ASSAM,Other religious communities,5-9,167,86,81,2,1,1,0,0,0,0,0,0,165,85,80,2,2,0
Urban,State - ASSAM,Other religious communities,10-14,174,96,78,4,4,0,1,0,1,1,0,1,169,92,77,5,2,3
Urban,State - ASSAM,Other religious communities,15-19,144,70,74,11,6,5,7,1,6,6,1,5,126,63,63,34,22,12
Urban,State - ASSAM,Other religious communities,20-24,161,78,83,35,29,6,19,6,13,14,4,10,107,43,64,45,22,23
Urban,State - ASSAM,Other religious communities,25-29,150,73,77,68,54,14,19,4,15,15,4,11,63,15,48,28,10,18
Urban,State - ASSAM,Other religious communities,30-34,138,69,69,68,56,12,21,5,16,10,2,8,49,8,41,21,6,15
Urban,State - ASSAM,Other religious communities,35-39,118,60,58,69,55,14,12,3,9,5,1,4,37,2,35,12,1,11
Urban,State - ASSAM,Other religious communities,40-49,167,84,83,102,77,25,13,3,10,2,0,2,52,4,48,5,1,4
Urban,State - ASSAM,Other religious communities,50-59,99,52,47,65,48,17,5,0,5,0,0,0,29,4,25,2,1,1
Urban,State - ASSAM,Other religious communities,60-69,56,27,29,20,14,6,2,1,1,0,0,0,34,12,22,1,1,0
Urban,State - ASSAM,Other religious communities,70-79,25,16,9,6,6,0,0,0,0,0,0,0,19,10,9,1,1,0
Urban,State - ASSAM,Other religious communities,80+,9,5,4,3,3,0,0,0,0,0,0,0,6,2,4,1,0,1
Urban,State - ASSAM,Other religious communities,Age not stated,1,1,0,1,1,0,0,0,0,0,0,0,0,0,0,0,0,0
Urban,State - ASSAM,Other religious communities,15-59,977,486,491,418,325,93,96,22,74,52,12,40,463,139,324,147,63,84
Urban,State - ASSAM,Other religious communities,60+,90,48,42,29,23,6,2,1,1,0,0,0,59,24,35,3,2,1
Total,State - WEST BENGAL,All religious communities,Total,91276115,46809027,44467088,25686630,21678279,4008351,9069725,5037768,4031957,6090509,3724546,2365963,56519760,20092980,36426780,12974546,3851254,9123292
Total,State - WEST BENGAL,All religious communities,5-9,8247809,4216763,4031046,45657,26560,19097,62123,32028,30095,25860,13766,12094,8140029,4158175,3981854,180228,93244,86984
Total,State - WEST BENGAL,All religious communities,10-14,9156523,4677506,4479017,188618,136235,52383,253694,145340,108354,140624,85811,54813,8714211,4395931,4318280,728959,385668,343291
Total,State - WEST BENGAL,All religious communities,15-19,9058031,4702325,4355706,1196710,974625,222085,1028210,656585,371625,775592,521418,254174,6833111,3071115,3761996,3040410,1450284,1590126
Total,State - WEST BENGAL,All religious communities,20-24,8758322,4422630,4335692,2584570,2170356,414214,1441708,868562,573146,1114561,724752,389809,4732044,1383712,3348332,2795414,997620,1797794
Total,State - WEST BENGAL,All religious communities,25-29,7997909,4044904,3953005,3341148,2810677,530471,1296421,721406,575015,975024,594353,380671,3360340,512821,2847519,1833468,388728,1444740
Total,State - WEST BENGAL,All religious communities,30-34,6841590,3464659,3376931,3243279,2716401,526878,1033136,528608,504528,744207,424852,319355,2565175,219650,2345525,1222916,148066,1074850
Total,State - WEST BENGAL,All religious communities,35-39,7012646,3523361,3489285,3471376,2887138,584238,1017942,490396,527546,706538,386221,320317,2523328,145827,2377501,1067701,86332,981369
Total,State - WEST BENGAL,All religious communities,40-49,11488779,6033816,5454963,5952636,5036849,915787,1513515,762408,751107,959435,556834,402601,4022628,234559,3788069,1256929,105618,1151311
Total,State - WEST BENGAL,All religious communities,50-59,7526530,4064135,3462395,3772353,3271516,500837,850672,471276,379396,439220,277354,161866,2903505,321343,2582162,506639,76932,429707
Total,State - WEST BENGAL,All religious communities,60-69,4728447,2397681,2330766,1397478,1219949,177529,417980,259516,158464,159157,106358,52799,2912989,918216,1994773,244280,82180,162100
Total,State - WEST BENGAL,All religious communities,70-79,2130374,1047097,1083277,351736,309068,42668,107714,73880,33834,29897,20572,9325,1670924,664149,1006775,60389,23956,36433
Total,State - WEST BENGAL,All religious communities,80+,883561,406536,477025,115403,97802,17601,37090,22516,14574,15212,9290,5922,731068,286218,444850,29524,9356,20168
Total,State - WEST BENGAL,All religious communities,Age not stated,112451,63752,48699,25666,21103,4563,9520,5247,4273,5182,2965,2217,77265,37402,39863,7689,3270,4419
Total,State - WEST BENGAL,All religious communities,15-59,58683807,30255830,28427977,23562072,19867562,3694510,8181604,4499241,3682363,5714577,3485784,2228793,26940131,5889027,21051104,11723477,3253580,8469897
Total,State - WEST BENGAL,All religious communities,60+,7742382,3851314,3891068,1864617,1626819,237798,562784,355912,206872,204266,136220,68046,5314981,1868583,3446398,334193,115492,218701
Total,State - WEST BENGAL,Hindu,Total,64385546,33046557,31338989,18753589,15723691,3029898,6522943,3567283,2955660,4377041,2629121,1747920,39109014,13755583,25353431,9405767,2845002,6560765
Total,State - WEST BENGAL,Hindu,5-9,5219774,2671272,2548502,29732,17169,12563,40680,20960,19720,16410,8712,7698,5149362,2633143,2516219,111897,57790,54107
Total,State - WEST BENGAL,Hindu,10-14,5880856,3013105,2867751,101975,71091,30884,148130,81604,66526,81995,47650,34345,5630751,2860410,2770341,449641,235977,213664
Total,State - WEST BENGAL,Hindu,15-19,5946263,3119702,2826561,674033,546453,127580,636006,399337,236669,487563,321009,166554,4636224,2173912,2462312,2089406,1031428,1057978
Total,State - WEST BENGAL,Hindu,20-24,5993908,3031003,2962905,1665217,1387859,277358,984912,585559,399353,771831,494008,277823,3343779,1057585,2286194,2053384,778028,1275356
Total,State - WEST BENGAL,Hindu,25-29,5744231,2893123,2851108,2366863,1970271,396592,941587,518199,423388,714280,429599,284681,2435781,404653,2031128,1379185,313978,1065207
Total,State - WEST BENGAL,Hindu,30-34,5078873,2561483,2517390,2402754,1995415,407339,772541,391344,381197,560501,315273,245228,1903578,174724,1728854,935236,120957,814279
Total,State - WEST BENGAL,Hindu,35-39,5243815,2631747,2612068,2605669,2150092,455577,767072,366241,400831,535180,288660,246520,1871074,115414,1755660,811708,69919,741789
Total,State - WEST BENGAL,Hindu,40-49,8728544,4581484,4147060,4550850,3821885,728965,1151412,575484,575928,728313,418228,310085,3026282,184115,2842167,949257,84679,864578
Total,State - WEST BENGAL,Hindu,50-59,5828652,3151229,2677423,2948165,2542644,405521,649663,357786,291877,329731,206564,123167,2230824,250799,1980025,373955,60214,313741
Total,State - WEST BENGAL,Hindu,60-69,3653818,1850491,1803327,1038160,900799,137361,314124,194105,120019,114798,76026,38772,2301534,755587,1545947,180093,64694,115399
Total,State - WEST BENGAL,Hindu,70-79,1697220,832879,864341,264143,231224,32919,81853,55925,25928,21433,14516,6917,1351224,545730,805494,44664,18205,26459
Total,State - WEST BENGAL,Hindu,80+,703367,321475,381892,86787,73113,13674,27754,16789,10965,11088,6649,4439,588826,231573,357253,21932,7076,14856
Total,State - WEST BENGAL,Hindu,Age not stated,72505,39157,33348,19241,15676,3565,7209,3950,3259,3918,2227,1691,46055,19531,26524,5409,2057,3352
Total,State - WEST BENGAL,Hindu,15-59,42564286,21969771,20594515,17213551,14414619,2798932,5903193,3193950,2709243,4127399,2473341,1654058,19447542,4361202,15086340,8592131,2459203,6132928
Total,State - WEST BENGAL,Hindu,60+,6054405,3004845,3049560,1389090,1205136,183954,423731,266819,156912,147319,97191,50128,4241584,1532890,2708694,246689,89975,156714
Total,State - WEST BENGAL,Muslim,Total,24654825,12640092,12014733,6364992,5553306,811686,2153029,1284269,868760,1440654,955890,484764,16136804,5802517,10334287,3300327,902254,2398073
Total,State - WEST BENGAL,Muslim,5-9,2828074,1443296,1384778,14565,8624,5941,19344,9992,9352,8671,4628,4043,2794165,1424680,1369485,64525,33473,31052
Total,State - WEST BENGAL,Muslim,10-14,3052984,1549725,1503259,83134,62999,20135,97470,59708,37762,54330,35916,18414,2872380,1427018,1445362,265287,142384,122903
Total,State - WEST BENGAL,Muslim,15-19,2888518,1467154,1421364,500829,413809,87020,355256,237903,117353,260072,185089,74983,2032433,815442,1216991,885020,384912,500108
Total,State - WEST BENGAL,Muslim,20-24,2547721,1285371,1262350,866742,746773,119969,396881,253314,143567,295796,205867,89929,1284098,285284,998814,679908,192650,487258
Total,State - WEST BENGAL,Muslim,25-29,2055307,1053636,1001671,899667,788197,111470,297255,175203,122052,216559,141710,74849,858385,90236,768149,415260,61966,353294
Total,State - WEST BENGAL,Muslim,30-34,1598175,822208,775967,766930,669519,97411,214678,116333,98345,149414,92528,56886,616567,36356,580211,264797,21409,243388
Total,State - WEST BENGAL,Muslim,35-39,1602210,810558,791652,786057,682156,103901,204839,104235,100604,137912,81764,56148,611314,24167,587147,237396,12551,224845
Total,State - WEST BENGAL,Muslim,40-49,2484384,1314012,1170372,1263652,1117649,146003,291415,156060,135355,183642,115510,68132,929317,40303,889014,285305,16248,269057
Total,State - WEST BENGAL,Muslim,50-59,1514448,819947,694501,740698,667125,73573,159509,94395,65114,86360,58926,27434,614241,58427,555814,122004,13721,108283
Total,State - WEST BENGAL,Muslim,60-69,957420,491552,465868,331707,297682,34025,84846,55542,29304,36307,25820,10487,540867,138328,402539,58095,15192,42903
Total,State - WEST BENGAL,Muslim,70-79,382370,190497,191873,80916,72526,8390,21967,15654,6313,7233,5304,1929,279487,102317,177170,14366,5165,9201
Total,State - WEST BENGAL,Muslim,80+,160904,76276,84628,26270,22972,3298,8040,5027,3013,3537,2314,1223,126594,48277,78317,7073,2095,4978
Total,State - WEST BENGAL,Muslim,Age not stated,19881,10888,8993,3825,3275,550,1529,903,626,821,514,307,14527,6710,7817,1291,488,803
Total,State - WEST BENGAL,Muslim,15-59,14690763,7572886,7117877,5824575,5085228,739347,1919833,1137443,782390,1329755,881394,448361,6946355,1350215,5596140,2889690,703457,2186233
Total,State - WEST BENGAL,Muslim,60+,1500694,758325,742369,438893,393180,45713,114853,76223,38630,47077,33438,13639,946948,288922,658026,79534,22452,57082
Total,State - WEST BENGAL,Christian,Total,658618,325986,332632,193609,132572,61037,75105,38204,36901,50302,27254,23048,389904,155210,234694,94041,33153,60888
Total,State - WEST BENGAL,Christian,5-9,57693,29190,28503,378,231,147,518,247,271,200,102,98,56797,28712,28085,1197,631,566
Total,State - WEST BENGAL,Christian,10-14,66847,33999,32848,1019,630,389,1690,887,803,954,536,418,64138,32482,31656,4386,2202,2184
Total,State - WEST BENGAL,Christian,15-19,67979,33671,34308,6012,4044,1968,7180,3979,3201,5353,3059,2294,54787,25648,29139,22118,10609,11509
Total,State - WEST BENGAL,Christian,20-24,66619,31375,35244,16737,11391,5346,12158,6456,5702,9424,5264,4160,37724,13528,24196,22984,9032,13952
Total,State - WEST BENGAL,Christian,25-29,60915,29632,31283,25759,17683,8076,12028,6288,5740,8994,5000,3994,23128,5661,17467,14153,4219,9934
Total,State - WEST BENGAL,Christian,30-34,49853,24239,25614,25582,17363,8219,9047,4424,4623,6443,3361,3082,15224,2452,12772,8097,1698,6399
Total,State - WEST BENGAL,Christian,35-39,49884,23982,25902,27453,18295,9158,8563,3925,4638,5881,2894,2987,13868,1762,12106,6578,1134,5444
Total,State - WEST BENGAL,Christian,40-49,85512,42392,43120,49737,33478,16259,12709,5912,6797,7935,4042,3893,23066,3002,20064,8186,1473,6713
Total,State - WEST BENGAL,Christian,50-59,55295,28585,26710,29569,20976,8593,6901,3618,3283,3500,2023,1477,18825,3991,14834,3797,1112,2685
Total,State - WEST BENGAL,Christian,60-69,30835,15296,15539,8257,6209,2048,3081,1762,1319,1219,740,479,19497,7325,12172,1914,783,1131
Total,State - WEST BENGAL,Christian,70-79,13209,6374,6835,2077,1571,506,827,494,333,233,140,93,10305,4309,5996,398,172,226
Total,State - WEST BENGAL,Christian,80+,5369,2486,2883,820,567,253,311,173,138,126,70,56,4238,1746,2492,197,75,122
Total,State - WEST BENGAL,Christian,Age not stated,704,342,362,209,134,75,92,39,53,40,23,17,403,169,234,36,13,23
Total,State - WEST BENGAL,Christian,15-59,436057,213876,222181,180849,123230,57619,68586,34602,33984,47530,25643,21887,186622,56044,130578,85913,29277,56636
Total,State - WEST BENGAL,Christian,60+,49413,24156,25257,11154,8347,2807,4219,2429,1790,1578,950,628,34040,13380,20660,2509,1030,1479
Total,State - WEST BENGAL,Sikh,Total,63523,34168,29355,20592,18091,2501,3094,1744,1350,1911,1100,811,39837,14333,25504,8847,3301,5546
Total,State - WEST BENGAL,Sikh,5-9,4378,2364,2014,46,24,22,62,26,36,25,11,14,4270,2314,1956,126,63,63
Total,State - WEST BENGAL,Sikh,10-14,4925,2711,2214,97,76,21,123,69,54,53,30,23,4705,2566,2139,342,192,150
Total,State - WEST BENGAL,Sikh,15-19,5350,2847,2503,397,314,83,274,166,108,209,131,78,4679,2367,2312,1834,972,862
Total,State - WEST BENGAL,Sikh,20-24,5970,3152,2818,1497,1249,248,449,267,182,353,220,133,4024,1636,2388,2227,1077,1150
Total,State - WEST BENGAL,Sikh,25-29,6305,3367,2938,2811,2420,391,456,266,190,330,185,145,3038,681,2357,1457,440,1017
Total,State - WEST BENGAL,Sikh,30-34,5475,2967,2508,2809,2506,303,365,188,177,258,133,125,2301,273,2028,870,191,679
Total,State - WEST BENGAL,Sikh,35-39,5290,2810,2480,2790,2446,344,360,190,170,218,120,98,2140,174,1966,628,85,543
Total,State - WEST BENGAL,Sikh,40-49,9282,5070,4212,5131,4527,604,481,270,211,262,157,105,3670,273,3397,774,116,658
Total,State - WEST BENGAL,Sikh,50-59,6074,3386,2688,3183,2886,297,293,170,123,113,63,50,2598,330,2268,304,59,245
Total,State - WEST BENGAL,Sikh,60-69,3840,1997,1843,1238,1108,130,155,85,70,63,34,29,2447,804,1643,192,66,126
Total,State - WEST BENGAL,Sikh,70-79,1810,973,837,379,352,27,36,24,12,9,7,2,1395,597,798,54,24,30
Total,State - WEST BENGAL,Sikh,80+,841,415,426,159,137,22,24,16,8,7,5,2,658,262,396,27,12,15
Total,State - WEST BENGAL,Sikh,Age not stated,172,95,77,55,46,9,16,7,9,11,4,7,101,42,59,12,4,8
Total,State - WEST BENGAL,Sikh,15-59,43746,23599,20147,18618,16348,2270,2678,1517,1161,1743,1009,734,22450,5734,16716,8094,2940,5154
Total,State - WEST BENGAL,Sikh,60+,6491,3385,3106,1776,1597,179,215,125,90,79,46,33,4500,1663,2837,273,102,171
Total,State - WEST BENGAL,Buddhist,Total,282898,141388,141510,76112,51269,24843,28611,16516,12095,15782,9886,5896,178175,73603,104572,42623,16889,25734
Total,State - WEST BENGAL,Buddhist,5-9,21331,10906,10425,88,49,39,174,92,82,41,26,15,21069,10765,10304,349,172,177
Total,State - WEST BENGAL,Buddhist,10-14,26414,13710,12704,269,164,105,467,236,231,158,77,81,25678,13310,12368,1081,550,531
Total,State - WEST BENGAL,Buddhist,15-19,27768,14204,13564,1491,1013,478,1960,1116,844,1245,730,515,24317,12075,12242,8140,4191,3949
Total,State - WEST BENGAL,Buddhist,20-24,28478,13850,14628,5461,3634,1827,4220,2513,1707,2881,1807,1074,18797,7703,11094,10822,4786,6036
Total,State - WEST BENGAL,Buddhist,25-29,27467,13177,14290,9644,6419,3225,4658,2790,1868,3081,1980,1101,13165,3968,9197,7834,2752,5082
Total,State - WEST BENGAL,Buddhist,30-34,23724,11340,12384,10844,7097,3747,3619,2072,1547,2269,1432,837,9261,2171,7090,4781,1446,3335
Total,State - WEST BENGAL,Buddhist,35-39,23108,11151,11957,11860,7693,4167,3467,1942,1525,2043,1232,811,7781,1516,6265,3527,930,2597
Total,State - WEST BENGAL,Buddhist,40-49,36631,18288,18343,19686,13201,6485,4876,2699,2177,2382,1505,877,12069,2388,9681,3733,1051,2682
Total,State - WEST BENGAL,Buddhist,50-59,25406,12972,12434,12055,8378,3677,3078,1742,1336,1146,732,414,10273,2852,7421,1513,615,898
Total,State - WEST BENGAL,Buddhist,60-69,15292,7705,7587,3348,2573,775,1528,937,591,405,279,126,10416,4195,6221,606,279,327
Total,State - WEST BENGAL,Buddhist,70-79,8035,4186,3849,961,755,206,431,295,136,86,59,27,6643,3136,3507,142,78,64
Total,State - WEST BENGAL,Buddhist,80+,3031,1581,1450,313,235,78,108,71,37,31,22,9,2610,1275,1335,63,22,41
Total,State - WEST BENGAL,Buddhist,Age not stated,316,165,151,92,58,34,25,11,14,14,5,9,199,96,103,32,17,15
Total,State - WEST BENGAL,Buddhist,15-59,192582,94982,97600,71041,47435,23606,25878,14874,11004,15047,9418,5629,95663,32673,62990,40350,15771,24579
Total,State - WEST BENGAL,Buddhist,60+,26358,13472,12886,4622,3563,1059,2067,1303,764,522,360,162,19669,8606,11063,811,379,432
Total,State - WEST BENGAL,Jain,Total,60141,30718,29423,18595,16487,2108,2910,1750,1160,1817,1192,625,38636,12481,26155,7182,2502,4680
Total,State - WEST BENGAL,Jain,5-9,3849,2011,1838,37,22,15,62,34,28,30,16,14,3750,1955,1795,107,63,44
Total,State - WEST BENGAL,Jain,10-14,4479,2301,2178,67,48,19,80,47,33,45,23,22,4332,2206,2126,259,139,120
Total,State - WEST BENGAL,Jain,15-19,4772,2564,2208,225,160,65,230,136,94,178,110,68,4317,2268,2049,1387,722,665
Total,State - WEST BENGAL,Jain,20-24,5101,2557,2544,980,753,227,402,233,169,305,187,118,3719,1571,2148,1906,916,990
Total,State - WEST BENGAL,Jain,25-29,5325,2623,2702,2235,1852,383,421,262,159,316,208,108,2669,509,2160,1116,316,800
Total,State - WEST BENGAL,Jain,30-34,4790,2392,2398,2279,2011,268,306,186,120,215,143,72,2205,195,2010,687,99,588
Total,State - WEST BENGAL,Jain,35-39,4823,2362,2461,2292,2048,244,340,194,146,216,141,75,2191,120,2071,575,63,512
Total,State - WEST BENGAL,Jain,40-49,8751,4450,4301,4372,3932,440,512,314,198,319,229,90,3867,204,3663,679,71,608
Total,State - WEST BENGAL,Jain,50-59,7060,3778,3282,3618,3349,269,325,197,128,143,100,43,3117,232,2885,265,41,224
Total,State - WEST BENGAL,Jain,60-69,4462,2273,2189,1710,1591,119,153,103,50,35,26,9,2599,579,2020,145,53,92
Total,State - WEST BENGAL,Jain,70-79,2257,1135,1122,577,543,34,55,35,20,10,6,4,1625,557,1068,36,14,22
Total,State - WEST BENGAL,Jain,80+,993,462,531,161,142,19,19,8,11,4,2,2,813,312,501,18,4,14
Total,State - WEST BENGAL,Jain,Age not stated,148,72,76,42,36,6,5,1,4,1,1,0,101,35,66,2,1,1
Total,State - WEST BENGAL,Jain,15-59,40622,20726,19896,16001,14105,1896,2536,1522,1014,1692,1118,574,22085,5099,16986,6615,2228,4387
Total,State - WEST BENGAL,Jain,60+,7712,3870,3842,2448,2276,172,227,146,81,49,34,15,5037,1448,3589,199,71,128
Total,State - WEST BENGAL,Other religious communities,Total,942297,469865,472432,211773,146968,64805,265974,118346,147628,191116,93370,97746,464550,204551,259999,80735,32778,47957
Total,State - WEST BENGAL,Other religious communities,5-9,91112,46241,44871,414,210,204,854,436,418,300,159,141,89844,45595,44249,1603,840,763
Total,State - WEST BENGAL,Other religious communities,10-14,98032,50353,47679,1486,861,625,4960,2348,2612,2672,1331,1341,91586,47144,44442,6806,3609,3197
Total,State - WEST BENGAL,Other religious communities,15-19,95613,50490,45123,10393,6523,3870,24999,12565,12434,19272,10221,9051,60221,31402,28819,24984,13491,11493
Total,State - WEST BENGAL,Other religious communities,20-24,89475,44181,45294,22315,14438,7877,39682,18501,21181,31613,15981,15632,27478,11242,16236,16876,7761,9115
Total,State - WEST BENGAL,Other religious communities,25-29,79634,39455,40179,27347,18573,8774,37459,16996,20463,29501,14540,14961,14828,3886,10942,9074,2933,6141
Total,State - WEST BENGAL,Other religious communities,30-34,65903,32447,33456,26176,17914,8262,30600,13061,17539,23707,11228,12479,9127,1472,7655,5029,1009,4020
Total,State - WEST BENGAL,Other religious communities,35-39,69786,34034,35752,29600,20205,9395,31582,12851,18731,23917,10824,13093,8604,978,7626,4254,565,3689
Total,State - WEST BENGAL,Other religious communities,40-49,114496,57578,56918,50326,35405,14921,49609,20477,29132,35110,16407,18703,14561,1696,12865,5522,770,4752
Total,State - WEST BENGAL,Other religious communities,50-59,75819,37714,38105,29694,22074,7620,29512,12688,16824,17586,8618,8968,16613,2952,13661,3367,655,2712
Total,State - WEST BENGAL,Other religious communities,60-69,53596,24391,29205,11054,8497,2557,13428,6624,6804,6076,3288,2788,29114,9270,19844,2457,845,1612
Total,State - WEST BENGAL,Other religious communities,70-79,20777,9016,11761,2192,1703,489,2340,1338,1002,829,508,321,16245,5975,10270,571,228,343
Total,State - WEST BENGAL,Other religious communities,80+,6460,2711,3749,597,428,169,718,361,357,373,195,178,5145,1922,3223,153,53,100
Total,State - WEST BENGAL,Other religious communities,Age not stated,978,537,441,179,137,42,231,100,131,160,70,90,568,300,268,39,19,20
Total,State - WEST BENGAL,Other religious communities,15-59,590726,295899,294827,195851,135132,60719,243443,107139,136304,180706,87819,92887,151432,53628,97804,69106,27184,41922
Total,State - WEST BENGAL,Other religious communities,60+,80833,36118,44715,13843,10628,3215,16486,8323,8163,7278,3991,3287,50504,17167,33337,3181,1126,2055
Rural,State - WEST BENGAL,All religious communities,Total,62183113,31844945,30338168,16489485,14019915,2469570,7592996,4191265,3401731,5130424,3143887,1986537,38100632,13633765,24466867,8525375,2392389,6132986
Rural,State - WEST BENGAL,All religious communities,5-9,6048643,3085358,2963285,27383,15882,11501,40174,20616,19558,16150,8635,7515,5981086,3048860,2932226,123853,63775,60078
Rural,State - WEST BENGAL,All religious communities,10-14,6677094,3401028,3276066,125853,92571,33282,199040,115033,84007,110025,68086,41939,6352201,3193424,3158777,543710,286008,257702
Rural,State - WEST BENGAL,All religious communities,15-19,6442695,3359604,3083091,869134,720502,148632,863375,556537,306838,650130,442432,207698,4710186,2082565,2627621,2117599,988151,1129448
Rural,State - WEST BENGAL,All religious communities,20-24,6042721,3062672,2980049,1809125,1536660,272465,1210332,727112,483220,933808,609204,324604,3023264,798900,2224364,1785052,581325,1203727
Rural,State - WEST BENGAL,All religious communities,25-29,5354996,2723495,2631501,2185710,1859377,326333,1083570,596179,487391,815941,496257,319684,2085716,267939,1817777,1141812,203481,938331
Rural,State - WEST BENGAL,All religious communities,30-34,4452270,2255183,2197087,2036081,1713731,322350,861110,434094,427016,623335,354526,268809,1555079,107358,1447721,759740,71901,687839
Rural,State - WEST BENGAL,All religious communities,35-39,4596701,2306077,2290624,2189514,1828019,361495,856151,406929,449222,598200,326715,271485,1551036,71129,1479907,677786,41216,636570
Rural,State - WEST BENGAL,All religious communities,40-49,7447208,3908131,3539077,3711742,3154462,557280,1281168,636869,644299,822539,477160,345379,2454298,116800,2337498,817606,51689,765917
Rural,State - WEST BENGAL,All religious communities,50-59,4742782,2555521,2187261,2280849,1992589,288260,723795,397083,326712,382627,241749,140878,1738138,165849,1572289,339435,40014,299421
Rural,State - WEST BENGAL,All religious communities,60-69,3026860,1507381,1519479,939955,828726,111229,353907,219831,134076,137808,92423,45385,1732998,458824,1274174,158237,43974,114263
Rural,State - WEST BENGAL,All religious communities,70-79,1332964,638719,694245,235363,209868,25495,87187,60748,26439,24943,17418,7525,1010414,368103,642311,39499,14289,25210
Rural,State - WEST BENGAL,All religious communities,80+,536855,245245,291610,68199,58785,9414,27456,16939,10517,11640,7268,4372,441200,169521,271679,17560,5263,12297
Rural,State - WEST BENGAL,All religious communities,Age not stated,48381,26367,22014,10577,8743,1834,5731,3295,2436,3278,2014,1264,32073,14329,17744,3486,1303,2183
Rural,State - WEST BENGAL,All religious communities,15-59,39079373,20170683,18908690,15082155,12805340,2276815,6879501,3754803,3124698,4826580,2948043,1878537,17117717,3610540,13507177,7639030,1977777,5661253
Rural,State - WEST BENGAL,All religious communities,60+,4896679,2391345,2505334,1243517,1097379,146138,468550,297518,171032,174391,117109,57282,3184612,996448,2188164,215296,63526,151770
Rural,State - WEST BENGAL,Hindu,Total,41331600,21209432,20122168,11321044,9523090,1797954,5423248,2932877,2490371,3650576,2194618,1455958,24587308,8753465,15833843,5739823,1657832,4081991
Rural,State - WEST BENGAL,Hindu,5-9,3646472,1860583,1785889,16452,9438,7014,24773,12644,12129,9620,5090,4530,3605247,1838501,1766746,72183,37098,35085
Rural,State - WEST BENGAL,Hindu,10-14,4084638,2087029,1997609,64793,45842,18951,113666,62674,50992,62278,36542,25736,3906179,1978513,1927666,319154,166564,152590
Rural,State - WEST BENGAL,Hindu,15-19,4041971,2135864,1906107,485079,397396,87683,534099,336785,197314,406399,270393,136006,3022793,1401683,1621110,1379056,671084,707972
Rural,State - WEST BENGAL,Hindu,20-24,3935601,2002671,1932930,1125581,944374,181207,823224,485203,338021,640477,410334,230143,1986796,573094,1413702,1220025,427837,792188
Rural,State - WEST BENGAL,Hindu,25-29,3649061,1853602,1795459,1466609,1231577,235032,781718,423055,358663,591323,354158,237165,1400734,198970,1201764,795445,155199,640246
Rural,State - WEST BENGAL,Hindu,30-34,3125652,1580106,1545546,1423425,1182772,240653,639146,317234,321912,464252,259818,204434,1063081,80100,982981,535829,55311,480518
Rural,State - WEST BENGAL,Hindu,35-39,3247374,1631341,1616033,1550469,1278489,271980,640493,300249,340244,448148,241417,206731,1056412,52603,1003809,473495,31187,442308
Rural,State - WEST BENGAL,Hindu,40-49,5319969,2797919,2522050,2663310,2237341,425969,966867,475228,491639,617663,354676,262987,1689792,85350,1604442,567009,38538,528471
Rural,State - WEST BENGAL,Hindu,50-59,3424937,1850352,1574585,1653152,1431729,221423,547995,298002,249993,284389,178412,105977,1223790,120621,1103169,230123,28969,201154
Rural,State - WEST BENGAL,Hindu,60-69,2178979,1079506,1099473,653053,571353,81700,262353,162065,100288,97887,65145,32742,1263573,346088,917485,106445,31522,74923
Rural,State - WEST BENGAL,Hindu,70-79,991534,471424,520110,164714,146401,18313,64782,45030,19752,17489,12062,5427,762038,279993,482045,26961,10030,16931
Rural,State - WEST BENGAL,Hindu,80+,398755,180314,218441,46918,40202,6716,19866,12237,7629,8231,5057,3174,331971,127875,204096,11705,3621,8084
Rural,State - WEST BENGAL,Hindu,Age not stated,31606,17240,14366,7489,6176,1313,4266,2471,1795,2420,1514,906,19851,8593,11258,2393,872,1521
Rural,State - WEST BENGAL,Hindu,15-59,26744565,13851855,12892710,10367625,8703678,1663947,4933542,2635756,2297786,3452651,2069208,1383443,11443398,2512421,8930977,5200982,1408125,3792857
Rural,State - WEST BENGAL,Hindu,60+,3569268,1731244,1838024,864685,757956,106729,347001,219332,127669,123607,82264,41343,2357582,753956,1603626,145111,45173,99938
Rural,State - WEST BENGAL,Muslim,Total,19146627,9784832,9361795,4753809,4211802,542007,1802934,1087424,715510,1223262,819226,404036,12589884,4485606,8104278,2599215,662905,1936310
Rural,State - WEST BENGAL,Muslim,5-9,2239655,1142022,1097633,10037,5954,4083,13859,7191,6668,5976,3237,2739,2215759,1128877,1086882,48708,25120,23588
Rural,State - WEST BENGAL,Muslim,10-14,2413819,1222499,1191320,58367,45104,13263,78225,48840,29385,43947,29580,14367,2277227,1128555,1148672,212846,113361,99485
Rural,State - WEST BENGAL,Muslim,15-19,2224297,1132862,1091435,366346,311550,54796,294857,201900,92957,217646,157842,59804,1563094,619412,943682,688049,291283,396766
Rural,State - WEST BENGAL,Muslim,20-24,1940057,978445,961612,642328,564768,77560,331133,214545,116588,249423,175806,73617,966596,199132,767464,522198,135300,386898
Rural,State - WEST BENGAL,Muslim,25-29,1556620,796233,760387,664391,590397,73994,248254,147461,100793,183298,120765,62533,643975,58375,585600,321231,40423,280808
Rural,State - WEST BENGAL,Muslim,30-34,1205598,615661,589937,559919,495211,64708,179284,97746,81538,126952,78916,48036,466395,22704,443691,209934,13409,196525
Rural,State - WEST BENGAL,Muslim,35-39,1224508,613979,610529,580496,510372,70124,172561,88343,84218,118409,70501,47908,471451,15264,456187,192892,7956,184936
Rural,State - WEST BENGAL,Muslim,40-49,1921922,1007447,914475,947598,848352,99246,247969,133158,114811,159671,100708,58963,726355,25937,700418,236284,10444,225840
Rural,State - WEST BENGAL,Muslim,50-59,1183867,637617,546250,569124,518637,50487,136788,81399,55389,76003,51994,24009,477955,37581,440374,101830,9109,92721
Rural,State - WEST BENGAL,Muslim,60-69,759993,386534,373459,266872,241983,24889,73604,48494,25110,32172,22946,9226,419517,96057,323460,47325,10823,36502
Rural,State - WEST BENGAL,Muslim,70-79,305354,150795,154559,66224,59987,6237,18930,13654,5276,6314,4655,1659,220200,77154,143046,11520,3844,7676
Rural,State - WEST BENGAL,Muslim,80+,125624,59329,66295,19883,17579,2304,6507,4122,2385,2892,1924,968,99234,37628,61606,5511,1514,3997
Rural,State - WEST BENGAL,Muslim,Age not stated,11572,6098,5474,2224,1908,316,963,571,392,559,352,207,8385,3619,4766,887,319,568
Rural,State - WEST BENGAL,Muslim,15-59,11256869,5782244,5474625,4330202,3839287,490915,1610846,964552,646294,1131402,756532,374870,5315821,978405,4337416,2272418,507924,1764494
Rural,State - WEST BENGAL,Muslim,60+,1190971,596658,594313,352979,319549,33430,99041,66270,32771,41378,29525,11853,738951,210839,528112,64356,16181,48175
Rural,State - WEST BENGAL,Christian,Total,490624,243900,246724,138469,93474,44995,66025,33342,32683,44602,24050,20552,286130,117084,169046,67479,23845,43634
Rural,State - WEST BENGAL,Christian,5-9,46387,23526,22861,265,162,103,384,181,203,148,75,73,45738,23183,22555,892,481,411
Rural,State - WEST BENGAL,Christian,10-14,53082,27002,26080,785,487,298,1405,740,665,783,436,347,50892,25775,25117,3609,1828,1781
Rural,State - WEST BENGAL,Christian,15-19,53430,26330,27100,4840,3251,1589,6401,3558,2843,4771,2743,2028,42189,19521,22668,17057,8082,8975
Rural,State - WEST BENGAL,Christian,20-24,50817,24048,26769,12925,8832,4093,10835,5706,5129,8363,4646,3717,27057,9510,17547,16694,6440,10254
Rural,State - WEST BENGAL,Christian,25-29,45485,22304,23181,18936,12939,5997,10754,5592,5162,8024,4441,3583,15795,3773,12022,9789,2803,6986
Rural,State - WEST BENGAL,Christian,30-34,35558,17459,18099,18037,12071,5966,7947,3836,4111,5696,2947,2749,9574,1552,8022,5241,1079,4162
Rural,State - WEST BENGAL,Christian,35-39,35968,17425,18543,19767,12911,6856,7545,3415,4130,5221,2537,2684,8656,1099,7557,4314,703,3611
Rural,State - WEST BENGAL,Christian,40-49,60710,30103,30607,35315,23047,12268,11129,5097,6032,7041,3557,3484,14266,1959,12307,5480,969,4511
Rural,State - WEST BENGAL,Christian,50-59,37491,19545,17946,19719,13778,5941,5950,3086,2864,3122,1798,1324,11822,2681,9141,2678,760,1918
Rural,State - WEST BENGAL,Christian,60-69,20769,10442,10327,5861,4470,1391,2721,1564,1157,1108,676,432,12187,4408,7779,1289,520,769
Rural,State - WEST BENGAL,Christian,70-79,8422,4120,4302,1392,1089,303,662,401,261,195,116,79,6368,2630,3738,287,115,172
Rural,State - WEST BENGAL,Christian,80+,3331,1618,1713,541,384,157,234,134,100,99,58,41,2556,1100,1456,126,55,71
Rural,State - WEST BENGAL,Christian,Age not stated,348,178,170,86,53,33,58,32,26,31,20,11,204,93,111,23,10,13
Rural,State - WEST BENGAL,Christian,15-59,319459,157214,162245,129539,86829,42710,60561,30290,30271,42238,22669,19569,129359,40095,89264,61253,20836,40417
Rural,State - WEST BENGAL,Christian,60+,32522,16180,16342,7794,5943,1851,3617,2099,1518,1402,850,552,21111,8138,12973,1702,690,1012
Rural,State - WEST BENGAL,Sikh,Total,9600,5261,4339,3152,2757,395,886,487,399,618,362,256,5562,2017,3545,1285,386,899
Rural,State - WEST BENGAL,Sikh,5-9,809,452,357,15,9,6,11,6,5,5,4,1,783,437,346,22,11,11
Rural,State - WEST BENGAL,Sikh,10-14,846,447,399,18,13,5,32,17,15,22,11,11,796,417,379,66,30,36
Rural,State - WEST BENGAL,Sikh,15-19,835,426,409,104,86,18,87,49,38,71,41,30,644,291,353,307,141,166
Rural,State - WEST BENGAL,Sikh,20-24,861,441,420,265,226,39,117,67,50,91,56,35,479,148,331,269,108,161
Rural,State - WEST BENGAL,Sikh,25-29,952,531,421,458,405,53,128,70,58,95,57,38,366,56,310,196,39,157
Rural,State - WEST BENGAL,Sikh,30-34,794,423,371,397,348,49,112,58,54,89,49,40,285,17,268,128,14,114
Rural,State - WEST BENGAL,Sikh,35-39,799,440,359,433,369,64,108,56,52,72,40,32,258,15,243,89,11,78
Rural,State - WEST BENGAL,Sikh,40-49,1398,861,537,850,761,89,136,74,62,93,56,37,412,26,386,121,9,112
Rural,State - WEST BENGAL,Sikh,50-59,738,424,314,373,331,42,89,52,37,44,25,19,276,41,235,46,10,36
Rural,State - WEST BENGAL,Sikh,60-69,491,253,238,168,146,22,52,28,24,31,19,12,271,79,192,26,9,17
Rural,State - WEST BENGAL,Sikh,70-79,203,99,104,41,39,2,7,6,1,1,1,0,155,54,101,9,2,7
Rural,State - WEST BENGAL,Sikh,80+,104,51,53,17,15,2,4,2,2,2,2,0,83,34,49,3,1,2
Rural,State - WEST BENGAL,Sikh,Age not stated,38,21,17,13,9,4,3,2,1,2,1,1,22,10,12,3,1,2
Rural,State - WEST BENGAL,Sikh,15-59,6377,3546,2831,2880,2526,354,777,426,351,555,324,231,2720,594,2126,1156,332,824
Rural,State - WEST BENGAL,Sikh,60+,798,403,395,226,200,26,63,36,27,34,22,12,509,167,342,38,12,26
Rural,State - WEST BENGAL,Buddhist,Total,184759,92502,92257,47376,30968,16408,24368,14064,10304,13468,8503,4965,113015,47470,65545,26018,10626,15392
Rural,State - WEST BENGAL,Buddhist,5-9,14943,7585,7358,51,30,21,123,63,60,25,15,10,14769,7492,7277,210,101,109
Rural,State - WEST BENGAL,Buddhist,10-14,17715,9073,8642,155,92,63,354,190,164,110,59,51,17206,8791,8415,677,346,331
Rural,State - WEST BENGAL,Buddhist,15-19,18553,9432,9121,1023,689,334,1711,980,731,1068,635,433,15819,7763,8056,5239,2681,2558
Rural,State - WEST BENGAL,Buddhist,20-24,19098,9338,9760,3674,2422,1252,3707,2216,1491,2489,1585,904,11717,4700,7017,6910,3046,3864
Rural,State - WEST BENGAL,Buddhist,25-29,17997,8718,9279,6095,3975,2120,3980,2394,1586,2634,1717,917,7922,2349,5573,4762,1668,3094
Rural,State - WEST BENGAL,Buddhist,30-34,14849,7160,7689,6652,4214,2438,3043,1733,1310,1909,1205,704,5154,1213,3941,2680,852,1828
Rural,State - WEST BENGAL,Buddhist,35-39,14424,7095,7329,7277,4569,2708,2926,1633,1293,1736,1057,679,4221,893,3328,1888,569,1319
Rural,State - WEST BENGAL,Buddhist,40-49,22856,11390,11466,12003,7701,4302,4098,2237,1861,2023,1269,754,6755,1452,5303,2166,701,1465
Rural,State - WEST BENGAL,Buddhist,50-59,16187,8270,7917,7470,5010,2460,2649,1492,1157,1015,644,371,6068,1768,4300,961,412,549
Rural,State - WEST BENGAL,Buddhist,60-69,9790,4996,4794,2187,1660,527,1325,812,513,355,241,114,6278,2524,3754,393,179,214
Rural,State - WEST BENGAL,Buddhist,70-79,4909,2585,2324,588,467,121,355,247,108,73,52,21,3966,1871,2095,80,49,31
Rural,State - WEST BENGAL,Buddhist,80+,1688,874,814,153,111,42,80,58,22,23,20,3,1455,705,750,35,11,24
Rural,State - WEST BENGAL,Buddhist,Age not stated,167,87,80,48,28,20,17,9,8,8,4,4,102,50,52,17,11,6
Rural,State - WEST BENGAL,Buddhist,15-59,123964,61403,62561,44194,28580,15614,22114,12685,9429,12874,8112,4762,57656,20138,37518,24606,9929,14677
Rural,State - WEST BENGAL,Buddhist,60+,16387,8455,7932,2928,2238,690,1760,1117,643,451,313,138,11699,5100,6599,508,239,269
Rural,State - WEST BENGAL,Jain,Total,10963,5780,5183,2441,2176,265,1517,1000,517,1043,800,243,7005,2604,4401,1806,572,1234
Rural,State - WEST BENGAL,Jain,5-9,908,484,424,4,1,3,5,3,2,2,1,1,899,480,419,19,11,8
Rural,State - WEST BENGAL,Jain,10-14,1069,548,521,17,12,5,15,10,5,9,7,2,1037,526,511,82,40,42
Rural,State - WEST BENGAL,Jain,15-19,1050,558,492,62,52,10,100,64,36,76,49,27,888,442,446,386,182,204
Rural,State - WEST BENGAL,Jain,20-24,1034,540,494,194,160,34,203,134,69,155,115,40,637,246,391,423,191,232
Rural,State - WEST BENGAL,Jain,25-29,976,502,474,307,271,36,213,136,77,164,118,46,456,95,361,280,66,214
Rural,State - WEST BENGAL,Jain,30-34,799,397,402,275,240,35,192,123,69,146,110,36,332,34,298,183,24,159
Rural,State - WEST BENGAL,Jain,35-39,866,450,416,336,306,30,209,124,85,139,105,34,321,20,301,144,16,128
Rural,State - WEST BENGAL,Jain,40-49,1430,797,633,606,542,64,306,218,88,231,194,37,518,37,481,181,17,164
Rural,State - WEST BENGAL,Jain,50-59,961,520,441,404,374,30,177,114,63,98,83,15,380,32,348,63,8,55
Rural,State - WEST BENGAL,Jain,60-69,662,336,326,171,160,11,76,58,18,17,14,3,415,118,297,36,15,21
Rural,State - WEST BENGAL,Jain,70-79,262,143,119,49,45,4,16,13,3,4,2,2,197,85,112,7,2,5
Rural,State - WEST BENGAL,Jain,80+,92,48,44,14,12,2,4,3,1,2,2,0,74,33,41,2,0,2
Rural,State - WEST BENGAL,Jain,Age not stated,15,9,6,2,1,1,1,0,1,0,0,0,12,8,4,0,0,0
Rural,State - WEST BENGAL,Jain,15-59,7116,3764,3352,2184,1945,239,1400,913,487,1009,774,235,3532,906,2626,1660,504,1156
Rural,State - WEST BENGAL,Jain,60+,1016,527,489,234,217,17,96,74,22,23,18,5,686,236,450,45,17,28
Rural,State - WEST BENGAL,Other religious communities,Total,918374,457713,460661,205937,142496,63441,263181,116521,146660,189494,92222,97272,449256,198696,250560,77462,31492,45970
Rural,State - WEST BENGAL,Other religious communities,5-9,89013,45184,43829,391,197,194,832,424,408,291,155,136,87790,44563,43227,1584,832,752
Rural,State - WEST BENGAL,Other religious communities,10-14,95661,49148,46513,1454,843,611,4900,2313,2587,2640,1311,1329,89307,45992,43315,6653,3520,3133
Rural,State - WEST BENGAL,Other religious communities,15-19,92993,49131,43862,10186,6376,3810,24706,12362,12344,19066,10074,8992,58101,30393,27708,24194,13060,11134
Rural,State - WEST BENGAL,Other religious communities,20-24,86972,42959,44013,21837,14086,7751,39196,18182,21014,31295,15765,15530,25939,10691,15248,16056,7405,8651
Rural,State - WEST BENGAL,Other religious communities,25-29,77239,38222,39017,26498,17923,8575,36991,16659,20332,29213,14323,14890,13750,3640,10110,8512,2751,5761
Rural,State - WEST BENGAL,Other religious communities,30-34,64002,31518,32484,25398,17331,8067,30246,12822,17424,23476,11051,12425,8358,1365,6993,4709,937,3772
Rural,State - WEST BENGAL,Other religious communities,35-39,67922,33078,34844,28744,19535,9209,31254,12643,18611,23732,10698,13034,7924,900,7024,4018,519,3499
Rural,State - WEST BENGAL,Other religious communities,40-49,111606,56108,55498,48918,34319,14599,49161,20198,28963,34872,16241,18631,13527,1591,11936,5277,724,4553
Rural,State - WEST BENGAL,Other religious communities,50-59,73933,36686,37247,28773,21338,7435,29298,12558,16740,17507,8567,8940,15862,2790,13072,3287,630,2657
Rural,State - WEST BENGAL,Other religious communities,60-69,52576,23904,28672,10867,8357,2510,13346,6583,6763,6052,3273,2779,28363,8964,19399,2425,824,1601
Rural,State - WEST BENGAL,Other religious communities,70-79,20356,8790,11566,2139,1661,478,2322,1329,993,826,506,320,15895,5800,10095,559,219,340
Rural,State - WEST BENGAL,Other religious communities,80+,6301,2632,3669,572,409,163,708,353,355,367,189,178,5021,1870,3151,150,52,98
Rural,State - WEST BENGAL,Other religious communities,Age not stated,912,498,414,160,121,39,221,95,126,157,69,88,531,282,249,38,19,19
Rural,State - WEST BENGAL,Other religious communities,15-59,574667,287702,286965,190354,130908,59446,240852,105424,135428,179161,86719,92442,143461,51370,92091,66053,26026,40027
Rural,State - WEST BENGAL,Other religious communities,60+,79233,35326,43907,13578,10427,3151,16376,8265,8111,7245,3968,3277,49279,16634,32645,3134,1095,2039
Urban,State - WEST BENGAL,All religious communities,Total,29093002,14964082,14128920,9197145,7658364,1538781,1476729,846503,630226,960085,580659,379426,18419128,6459215,11959913,4449171,1458865,2990306
Urban,State - WEST BENGAL,All religious communities,5-9,2199166,1131405,1067761,18274,10678,7596,21949,11412,10537,9710,5131,4579,2158943,1109315,1049628,56375,29469,26906
Urban,State - WEST BENGAL,All religious communities,10-14,2479429,1276478,1202951,62765,43664,19101,54654,30307,24347,30599,17725,12874,2362010,1202507,1159503,185249,99660,85589
Urban,State - WEST BENGAL,All religious communities,15-19,2615336,1342721,1272615,327576,254123,73453,164835,100048,64787,125462,78986,46476,2122925,988550,1134375,922811,462133,460678
Urban,State - WEST BENGAL,All religious communities,20-24,2715601,1359958,1355643,775445,633696,141749,231376,141450,89926,180753,115548,65205,1708780,584812,1123968,1010362,416295,594067
Urban,State - WEST BENGAL,All religious communities,25-29,2642913,1321409,1321504,1155438,951300,204138,212851,125227,87624,159083,98096,60987,1274624,244882,1029742,691656,185247,506409
Urban,State - WEST BENGAL,All religious communities,30-34,2389320,1209476,1179844,1207198,1002670,204528,172026,94514,77512,120872,70326,50546,1010096,112292,897804,463176,76165,387011
Urban,State - WEST BENGAL,All religious communities,35-39,2415945,1217284,1198661,1281862,1059119,222743,161791,83467,78324,108338,59506,48832,972292,74698,897594,389915,45116,344799
Urban,State - WEST BENGAL,All religious communities,40-49,4041571,2125685,1915886,2240894,1882387,358507,232347,125539,106808,136896,79674,57222,1568330,117759,1450571,439323,53929,385394
Urban,State - WEST BENGAL,All religious communities,50-59,2783748,1508614,1275134,1491504,1278927,212577,126877,74193,52684,56593,35605,20988,1165367,155494,1009873,167204,36918,130286
Urban,State - WEST BENGAL,All religious communities,60-69,1701587,890300,811287,457523,391223,66300,64073,39685,24388,21349,13935,7414,1179991,459392,720599,86043,38206,47837
Urban,State - WEST BENGAL,All religious communities,70-79,797410,408378,389032,116373,99200,17173,20527,13132,7395,4954,3154,1800,660510,296046,364464,20890,9667,11223
Urban,State - WEST BENGAL,All religious communities,80+,346706,161291,185415,47204,39017,8187,9634,5577,4057,3572,2022,1550,289868,116697,173171,11964,4093,7871
Urban,State - WEST BENGAL,All religious communities,Age not stated,64070,37385,26685,15089,12360,2729,3789,1952,1837,1904,951,953,45192,23073,22119,4203,1967,2236
Urban,State - WEST BENGAL,All religious communities,15-59,19604434,10085147,9519287,8479917,7062222,1417695,1302103,744438,557665,887997,537741,350256,9822414,2278487,7543927,4084447,1275803,2808644
Urban,State - WEST BENGAL,All religious communities,60+,2845703,1459969,1385734,621100,529440,91660,94234,58394,35840,29875,19111,10764,2130369,872135,1258234,118897,51966,66931
Urban,State - WEST BENGAL,Hindu,Total,23053946,11837125,11216821,7432545,6200601,1231944,1099695,634406,465289,726465,434503,291962,14521706,5002118,9519588,3665944,1187170,2478774
Urban,State - WEST BENGAL,Hindu,5-9,1573302,810689,762613,13280,7731,5549,15907,8316,7591,6790,3622,3168,1544115,794642,749473,39714,20692,19022
Urban,State - WEST BENGAL,Hindu,10-14,1796218,926076,870142,37182,25249,11933,34464,18930,15534,19717,11108,8609,1724572,881897,842675,130487,69413,61074
Urban,State - WEST BENGAL,Hindu,15-19,1904292,983838,920454,188954,149057,39897,101907,62552,39355,81164,50616,30548,1613431,772229,841202,710350,360344,350006
Urban,State - WEST BENGAL,Hindu,20-24,2058307,1028332,1029975,539636,443485,96151,161688,100356,61332,131354,83674,47680,1356983,484491,872492,833359,350191,483168
Urban,State - WEST BENGAL,Hindu,25-29,2095170,1039521,1055649,900254,738694,161560,159869,95144,64725,122957,75441,47516,1035047,205683,829364,583740,158779,424961
Urban,State - WEST BENGAL,Hindu,30-34,1953221,981377,971844,979329,812643,166686,133395,74110,59285,96249,55455,40794,840497,94624,745873,399407,65646,333761
Urban,State - WEST BENGAL,Hindu,35-39,1996441,1000406,996035,1055200,871603,183597,126579,65992,60587,87032,47243,39789,814662,62811,751851,338213,38732,299481
Urban,State - WEST BENGAL,Hindu,40-49,3408575,1783565,1625010,1887540,1584544,302996,184545,100256,84289,110650,63552,47098,1336490,98765,1237725,382248,46141,336107
Urban,State - WEST BENGAL,Hindu,50-59,2403715,1300877,1102838,1295013,1110915,184098,101668,59784,41884,45342,28152,17190,1007034,130178,876856,143832,31245,112587
Urban,State - WEST BENGAL,Hindu,60-69,1474839,770985,703854,385107,329446,55661,51771,32040,19731,16911,10881,6030,1037961,409499,628462,73648,33172,40476
Urban,State - WEST BENGAL,Hindu,70-79,705686,361455,344231,99429,84823,14606,17071,10895,6176,3944,2454,1490,589186,265737,323449,17703,8175,9528
Urban,State - WEST BENGAL,Hindu,80+,304612,141161,163451,39869,32911,6958,7888,4552,3336,2857,1592,1265,256855,103698,153157,10227,3455,6772
Urban,State - WEST BENGAL,Hindu,Age not stated,40899,21917,18982,11752,9500,2252,2943,1479,1464,1498,713,785,26204,10938,15266,3016,1185,1831
Urban,State - WEST BENGAL,Hindu,15-59,15819721,8117916,7701805,6845926,5710941,1134985,969651,558194,411457,674748,404133,270615,8004144,1848781,6155363,3391149,1051078,2340071
Urban,State - WEST BENGAL,Hindu,60+,2485137,1273601,1211536,524405,447180,77225,76730,47487,29243,23712,14927,8785,1884002,778934,1105068,101578,44802,56776
Urban,State - WEST BENGAL,Muslim,Total,5508198,2855260,2652938,1611183,1341504,269679,350095,196845,153250,217392,136664,80728,3546920,1316911,2230009,701112,239349,461763
Urban,State - WEST BENGAL,Muslim,5-9,588419,301274,287145,4528,2670,1858,5485,2801,2684,2695,1391,1304,578406,295803,282603,15817,8353,7464
Urban,State - WEST BENGAL,Muslim,10-14,639165,327226,311939,24767,17895,6872,19245,10868,8377,10383,6336,4047,595153,298463,296690,52441,29023,23418
Urban,State - WEST BENGAL,Muslim,15-19,664221,334292,329929,134483,102259,32224,60399,36003,24396,42426,27247,15179,469339,196030,273309,196971,93629,103342
Urban,State - WEST BENGAL,Muslim,20-24,607664,306926,300738,224414,182005,42409,65748,38769,26979,46373,30061,16312,317502,86152,231350,157710,57350,100360
Urban,State - WEST BENGAL,Muslim,25-29,498687,257403,241284,235276,197800,37476,49001,27742,21259,33261,20945,12316,214410,31861,182549,94029,21543,72486
Urban,State - WEST BENGAL,Muslim,30-34,392577,206547,186030,207011,174308,32703,35394,18587,16807,22462,13612,8850,150172,13652,136520,54863,8000,46863
Urban,State - WEST BENGAL,Muslim,35-39,377702,196579,181123,205561,171784,33777,32278,15892,16386,19503,11263,8240,139863,8903,130960,44504,4595,39909
Urban,State - WEST BENGAL,Muslim,40-49,562462,306565,255897,316054,269297,46757,43446,22902,20544,23971,14802,9169,202962,14366,188596,49021,5804,43217
Urban,State - WEST BENGAL,Muslim,50-59,330581,182330,148251,171574,148488,23086,22721,12996,9725,10357,6932,3425,136286,20846,115440,20174,4612,15562
Urban,State - WEST BENGAL,Muslim,60-69,197427,105018,92409,64835,55699,9136,11242,7048,4194,4135,2874,1261,121350,42271,79079,10770,4369,6401
Urban,State - WEST BENGAL,Muslim,70-79,77016,39702,37314,14692,12539,2153,3037,2000,1037,919,649,270,59287,25163,34124,2846,1321,1525
Urban,State - WEST BENGAL,Muslim,80+,35280,16947,18333,6387,5393,994,1533,905,628,645,390,255,27360,10649,16711,1562,581,981
Urban,State - WEST BENGAL,Muslim,Age not stated,8309,4790,3519,1601,1367,234,566,332,234,262,162,100,6142,3091,3051,404,169,235
Urban,State - WEST BENGAL,Muslim,15-59,3433894,1790642,1643252,1494373,1245941,248432,308987,172891,136096,198353,124862,73491,1630534,371810,1258724,617272,195533,421739
Urban,State - WEST BENGAL,Muslim,60+,309723,161667,148056,85914,73631,12283,15812,9953,5859,5699,3913,1786,207997,78083,129914,15178,6271,8907
Urban,State - WEST BENGAL,Christian,Total,167994,82086,85908,55140,39098,16042,9080,4862,4218,5700,3204,2496,103774,38126,65648,26562,9308,17254
Urban,State - WEST BENGAL,Christian,5-9,11306,5664,5642,113,69,44,134,66,68,52,27,25,11059,5529,5530,305,150,155
Urban,State - WEST BENGAL,Christian,10-14,13765,6997,6768,234,143,91,285,147,138,171,100,71,13246,6707,6539,777,374,403
Urban,State - WEST BENGAL,Christian,15-19,14549,7341,7208,1172,793,379,779,421,358,582,316,266,12598,6127,6471,5061,2527,2534
Urban,State - WEST BENGAL,Christian,20-24,15802,7327,8475,3812,2559,1253,1323,750,573,1061,618,443,10667,4018,6649,6290,2592,3698
Urban,State - WEST BENGAL,Christian,25-29,15430,7328,8102,6823,4744,2079,1274,696,578,970,559,411,7333,1888,5445,4364,1416,2948
Urban,State - WEST BENGAL,Christian,30-34,14295,6780,7515,7545,5292,2253,1100,588,512,747,414,333,5650,900,4750,2856,619,2237
Urban,State - WEST BENGAL,Christian,35-39,13916,6557,7359,7686,5384,2302,1018,510,508,660,357,303,5212,663,4549,2264,431,1833
Urban,State - WEST BENGAL,Christian,40-49,24802,12289,12513,14422,10431,3991,1580,815,765,894,485,409,8800,1043,7757,2706,504,2202
Urban,State - WEST BENGAL,Christian,50-59,17804,9040,8764,9850,7198,2652,951,532,419,378,225,153,7003,1310,5693,1119,352,767
Urban,State - WEST BENGAL,Christian,60-69,10066,4854,5212,2396,1739,657,360,198,162,111,64,47,7310,2917,4393,625,263,362
Urban,State - WEST BENGAL,Christian,70-79,4787,2254,2533,685,482,203,165,93,72,38,24,14,3937,1679,2258,111,57,54
Urban,State - WEST BENGAL,Christian,80+,2038,868,1170,279,183,96,77,39,38,27,12,15,1682,646,1036,71,20,51
Urban,State - WEST BENGAL,Christian,Age not stated,356,164,192,123,81,42,34,7,27,9,3,6,199,76,123,13,3,10
Urban,State - WEST BENGAL,Christian,15-59,116598,56662,59936,51310,36401,14909,8025,4312,3713,5292,2974,2318,57263,15949,41314,24660,8441,16219
Urban,State - WEST BENGAL,Christian,60+,16891,7976,8915,3360,2404,956,602,330,272,176,100,76,12929,5242,7687,807,340,467
Urban,State - WEST BENGAL,Sikh,Total,53923,28907,25016,17440,15334,2106,2208,1257,951,1293,738,555,34275,12316,21959,7562,2915,4647
Urban,State - WEST BENGAL,Sikh,5-9,3569,1912,1657,31,15,16,51,20,31,20,7,13,3487,1877,1610,104,52,52
Urban,State - WEST BENGAL,Sikh,10-14,4079,2264,1815,79,63,16,91,52,39,31,19,12,3909,2149,1760,276,162,114
Urban,State - WEST BENGAL,Sikh,15-19,4515,2421,2094,293,228,65,187,117,70,138,90,48,4035,2076,1959,1527,831,696
Urban,State - WEST BENGAL,Sikh,20-24,5109,2711,2398,1232,1023,209,332,200,132,262,164,98,3545,1488,2057,1958,969,989
Urban,State - WEST BENGAL,Sikh,25-29,5353,2836,2517,2353,2015,338,328,196,132,235,128,107,2672,625,2047,1261,401,860
Urban,State - WEST BENGAL,Sikh,30-34,4681,2544,2137,2412,2158,254,253,130,123,169,84,85,2016,256,1760,742,177,565
Urban,State - WEST BENGAL,Sikh,35-39,4491,2370,2121,2357,2077,280,252,134,118,146,80,66,1882,159,1723,539,74,465
Urban,State - WEST BENGAL,Sikh,40-49,7884,4209,3675,4281,3766,515,345,196,149,169,101,68,3258,247,3011,653,107,546
Urban,State - WEST BENGAL,Sikh,50-59,5336,2962,2374,2810,2555,255,204,118,86,69,38,31,2322,289,2033,258,49,209
Urban,State - WEST BENGAL,Sikh,60-69,3349,1744,1605,1070,962,108,103,57,46,32,15,17,2176,725,1451,166,57,109
Urban,State - WEST BENGAL,Sikh,70-79,1607,874,733,338,313,25,29,18,11,8,6,2,1240,543,697,45,22,23
Urban,State - WEST BENGAL,Sikh,80+,737,364,373,142,122,20,20,14,6,5,3,2,575,228,347,24,11,13
Urban,State - WEST BENGAL,Sikh,Age not stated,134,74,60,42,37,5,13,5,8,9,3,6,79,32,47,9,3,6
Urban,State - WEST BENGAL,Sikh,15-59,37369,20053,17316,15738,13822,1916,1901,1091,810,1188,685,503,19730,5140,14590,6938,2608,4330
Urban,State - WEST BENGAL,Sikh,60+,5693,2982,2711,1550,1397,153,152,89,63,45,24,21,3991,1496,2495,235,90,145
Urban,State - WEST BENGAL,Buddhist,Total,98139,48886,49253,28736,20301,8435,4243,2452,1791,2314,1383,931,65160,26133,39027,16605,6263,10342
Urban,State - WEST BENGAL,Buddhist,5-9,6388,3321,3067,37,19,18,51,29,22,16,11,5,6300,3273,3027,139,71,68
Urban,State - WEST BENGAL,Buddhist,10-14,8699,4637,4062,114,72,42,113,46,67,48,18,30,8472,4519,3953,404,204,200
Urban,State - WEST BENGAL,Buddhist,15-19,9215,4772,4443,468,324,144,249,136,113,177,95,82,8498,4312,4186,2901,1510,1391
Urban,State - WEST BENGAL,Buddhist,20-24,9380,4512,4868,1787,1212,575,513,297,216,392,222,170,7080,3003,4077,3912,1740,2172
Urban,State - WEST BENGAL,Buddhist,25-29,9470,4459,5011,3549,2444,1105,678,396,282,447,263,184,5243,1619,3624,3072,1084,1988
Urban,State - WEST BENGAL,Buddhist,30-34,8875,4180,4695,4192,2883,1309,576,339,237,360,227,133,4107,958,3149,2101,594,1507
Urban,State - WEST BENGAL,Buddhist,35-39,8684,4056,4628,4583,3124,1459,541,309,232,307,175,132,3560,623,2937,1639,361,1278
Urban,State - WEST BENGAL,Buddhist,40-49,13775,6898,6877,7683,5500,2183,778,462,316,359,236,123,5314,936,4378,1567,350,1217
Urban,State - WEST BENGAL,Buddhist,50-59,9219,4702,4517,4585,3368,1217,429,250,179,131,88,43,4205,1084,3121,552,203,349
Urban,State - WEST BENGAL,Buddhist,60-69,5502,2709,2793,1161,913,248,203,125,78,50,38,12,4138,1671,2467,213,100,113
Urban,State - WEST BENGAL,Buddhist,70-79,3126,1601,1525,373,288,85,76,48,28,13,7,6,2677,1265,1412,62,29,33
Urban,State - WEST BENGAL,Buddhist,80+,1343,707,636,160,124,36,28,13,15,8,2,6,1155,570,585,28,11,17
Urban,State - WEST BENGAL,Buddhist,Age not stated,149,78,71,44,30,14,8,2,6,6,1,5,97,46,51,15,6,9
Urban,State - WEST BENGAL,Buddhist,15-59,68618,33579,35039,26847,18855,7992,3764,2189,1575,2173,1306,867,38007,12535,25472,15744,5842,9902
Urban,State - WEST BENGAL,Buddhist,60+,9971,5017,4954,1694,1325,369,307,186,121,71,47,24,7970,3506,4464,303,140,163
Urban,State - WEST BENGAL,Jain,Total,49178,24938,24240,16154,14311,1843,1393,750,643,774,392,382,31631,9877,21754,5376,1930,3446
Urban,State - WEST BENGAL,Jain,5-9,2941,1527,1414,33,21,12,57,31,26,28,15,13,2851,1475,1376,88,52,36
Urban,State - WEST BENGAL,Jain,10-14,3410,1753,1657,50,36,14,65,37,28,36,16,20,3295,1680,1615,177,99,78
Urban,State - WEST BENGAL,Jain,15-19,3722,2006,1716,163,108,55,130,72,58,102,61,41,3429,1826,1603,1001,540,461
Urban,State - WEST BENGAL,Jain,20-24,4067,2017,2050,786,593,193,199,99,100,150,72,78,3082,1325,1757,1483,725,758
Urban,State - WEST BENGAL,Jain,25-29,4349,2121,2228,1928,1581,347,208,126,82,152,90,62,2213,414,1799,836,250,586
Urban,State - WEST BENGAL,Jain,30-34,3991,1995,1996,2004,1771,233,114,63,51,69,33,36,1873,161,1712,504,75,429
Urban,State - WEST BENGAL,Jain,35-39,3957,1912,2045,1956,1742,214,131,70,61,77,36,41,1870,100,1770,431,47,384
Urban,State - WEST BENGAL,Jain,40-49,7321,3653,3668,3766,3390,376,206,96,110,88,35,53,3349,167,3182,498,54,444
Urban,State - WEST BENGAL,Jain,50-59,6099,3258,2841,3214,2975,239,148,83,65,45,17,28,2737,200,2537,202,33,169
Urban,State - WEST BENGAL,Jain,60-69,3800,1937,1863,1539,1431,108,77,45,32,18,12,6,2184,461,1723,109,38,71
Urban,State - WEST BENGAL,Jain,70-79,1995,992,1003,528,498,30,39,22,17,6,4,2,1428,472,956,29,12,17
Urban,State - WEST BENGAL,Jain,80+,901,414,487,147,130,17,15,5,10,2,0,2,739,279,460,16,4,12
Urban,State - WEST BENGAL,Jain,Age not stated,133,63,70,40,35,5,4,1,3,1,1,0,89,27,62,2,1,1
Urban,State - WEST BENGAL,Jain,15-59,33506,16962,16544,13817,12160,1657,1136,609,527,683,344,339,18553,4193,14360,4955,1724,3231
Urban,State - WEST BENGAL,Jain,60+,6696,3343,3353,2214,2059,155,131,72,59,26,16,10,4351,1212,3139,154,54,100
Urban,State - WEST BENGAL,Other religious communities,Total,23923,12152,11771,5836,4472,1364,2793,1825,968,1622,1148,474,15294,5855,9439,3273,1286,1987
Urban,State - WEST BENGAL,Other religious communities,5-9,2099,1057,1042,23,13,10,22,12,10,9,4,5,2054,1032,1022,19,8,11
Urban,State - WEST BENGAL,Other religious communities,10-14,2371,1205,1166,32,18,14,60,35,25,32,20,12,2279,1152,1127,153,89,64
Urban,State - WEST BENGAL,Other religious communities,15-19,2620,1359,1261,207,147,60,293,203,90,206,147,59,2120,1009,1111,790,431,359
Urban,State - WEST BENGAL,Other religious communities,20-24,2503,1222,1281,478,352,126,486,319,167,318,216,102,1539,551,988,820,356,464
Urban,State - WEST BENGAL,Other religious communities,25-29,2395,1233,1162,849,650,199,468,337,131,288,217,71,1078,246,832,562,182,380
Urban,State - WEST BENGAL,Other religious communities,30-34,1901,929,972,778,583,195,354,239,115,231,177,54,769,107,662,320,72,248
Urban,State - WEST BENGAL,Other religious communities,35-39,1864,956,908,856,670,186,328,208,120,185,126,59,680,78,602,236,46,190
Urban,State - WEST BENGAL,Other religious communities,40-49,2890,1470,1420,1408,1086,322,448,279,169,238,166,72,1034,105,929,245,46,199
Urban,State - WEST BENGAL,Other religious communities,50-59,1886,1028,858,921,736,185,214,130,84,79,51,28,751,162,589,80,25,55
Urban,State - WEST BENGAL,Other religious communities,60-69,1020,487,533,187,140,47,82,41,41,24,15,9,751,306,445,32,21,11
Urban,State - WEST BENGAL,Other religious communities,70-79,421,226,195,53,42,11,18,9,9,3,2,1,350,175,175,12,9,3
Urban,State - WEST BENGAL,Other religious communities,80+,159,79,80,25,19,6,10,8,2,6,6,0,124,52,72,3,1,2
Urban,State - WEST BENGAL,Other religious communities,Age not stated,66,39,27,19,16,3,10,5,5,3,1,2,37,18,19,1,0,1
Urban,State - WEST BENGAL,Other religious communities,15-59,16059,8197,7862,5497,4224,1273,2591,1715,876,1545,1100,445,7971,2258,5713,3053,1158,1895
Urban,State - WEST BENGAL,Other religious communities,60+,1600,792,808,265,201,64,110,58,52,33,23,10,1225,533,692,47,31,16
Total,State - JHARKHAND,All religious communities,Total,32988134,16930315,16057819,6818595,5234442,1584153,6279679,3190327,3089352,3466463,2141262,1325201,19889860,8505546,11384314,1475823,680240,795583
Total,State - JHARKHAND,All religious communities,5-9,4138425,2117879,2020546,24091,13221,10870,64336,31760,32576,9838,5226,4612,4049998,2072898,1977100,32344,16959,15385
Total,State - JHARKHAND,All religious communities,10-14,4104396,2112627,1991769,66905,40603,26302,244944,122127,122817,62717,35322,27395,3792547,1949897,1842650,77542,43067,34475
Total,State - JHARKHAND,All religious communities,15-19,3205268,1714887,1490381,312628,217291,95337,603604,325808,277796,337142,209854,127288,2289036,1171788,1117248,363495,214374,149121
Total,State - JHARKHAND,All religious communities,20-24,2827622,1431263,1396359,669931,491536,178395,849565,431559,418006,530334,325884,204450,1308126,508168,799958,376704,202501,174203
Total,State - JHARKHAND,All religious communities,25-29,2652639,1342314,1310325,914405,701627,212778,870284,445859,424425,541757,337944,203813,867950,194828,673122,230650,99063,131587
Total,State - JHARKHAND,All religious communities,30-34,2307296,1165866,1141430,919071,710314,208757,757693,376501,381192,465486,285047,180439,630532,79051,551481,127413,39577,87836
Total,State - JHARKHAND,All religious communities,35-39,2136764,1092675,1044089,914575,707607,206968,690236,341065,349171,417688,254566,163122,531953,44003,487950,86073,18643,67430
Total,State - JHARKHAND,All religious communities,40-49,3322600,1729387,1593213,1488576,1161187,327389,1042401,512047,530354,597667,365904,231763,791623,56153,735470,92705,17241,75464
Total,State - JHARKHAND,All religious communities,50-59,2171415,1108286,1063129,930806,735768,195038,625681,305614,320067,307596,190675,116921,614928,66904,548024,44201,9980,34221
Total,State - JHARKHAND,All religious communities,60-69,1592879,792417,800462,429186,335027,94159,400338,217243,183095,154291,101372,52919,763355,240147,523208,29966,11652,18314
Total,State - JHARKHAND,All religious communities,70-79,575062,294420,280642,100151,81917,18234,94180,59224,34956,28073,20132,7941,380731,153279,227452,7719,3645,4074
Total,State - JHARKHAND,All religious communities,80+,188737,94908,93829,23308,18717,4591,21592,13191,8401,6770,4590,2180,143837,63000,80837,2206,1038,1168
Total,State - JHARKHAND,All religious communities,Age not stated,116734,62252,54482,24962,19627,5335,14825,8329,6496,7104,4746,2358,76947,34296,42651,4805,2500,2305
Total,State - JHARKHAND,All religious communities,15-59,18623604,9584678,9038926,6149992,4725330,1424662,5439464,2738453,2701011,3197670,1969874,1227796,7034148,2120895,4913253,1321241,601379,719862
Total,State - JHARKHAND,All religious communities,60+,2356678,1181745,1174933,552645,435661,116984,516110,289658,226452,189134,126094,63040,1287923,456426,831497,39891,16335,23556
Total,State - JHARKHAND,Hindu,Total,22376051,11563951,10812100,4546580,3610285,936295,4158245,2160687,1997558,2327709,1469790,857919,13671226,5792979,7878247,1050784,489280,561504
Total,State - JHARKHAND,Hindu,5-9,2725381,1400103,1325278,14777,8215,6562,38287,19017,19270,6431,3462,2969,2672317,1372871,1299446,21760,11498,10262
Total,State - JHARKHAND,Hindu,10-14,2717560,1406456,1311104,36790,23213,13577,139784,70541,69243,37541,21548,15993,2540986,1312702,1228284,50806,28478,22328
Total,State - JHARKHAND,Hindu,15-19,2123938,1154216,969722,177532,128096,49436,363964,200162,163802,206130,131389,74741,1582442,825958,756484,248833,149976,98857
Total,State - JHARKHAND,Hindu,20-24,1912145,977779,934366,422932,320563,102369,552671,285409,267262,347264,217768,129496,936542,371807,564735,271796,149769,122027
Total,State - JHARKHAND,Hindu,25-29,1835039,931615,903424,611636,482931,128705,585759,305341,280418,367136,233047,134089,637644,143343,494301,169350,74049,95301
Total,State - JHARKHAND,Hindu,30-34,1616703,821169,795534,626438,500300,126138,518343,263460,254883,321037,200715,120322,471922,57409,414513,94046,29292,64754
Total,State - JHARKHAND,Hindu,35-39,1489261,766617,722644,621323,496545,124778,469486,238490,230996,286825,179086,107739,398452,31582,366870,62965,13406,49559
Total,State - JHARKHAND,Hindu,40-49,2305786,1206852,1098934,1008782,812489,196293,702620,354927,347693,407533,255826,151707,594384,39436,554948,67255,12136,55119
Total,State - JHARKHAND,Hindu,50-59,1523160,783810,739350,639976,523985,115991,422358,212359,209999,210491,133379,77112,460826,47466,413360,32067,7016,25051
Total,State - JHARKHAND,Hindu,60-69,1113041,560545,552496,284391,229271,55120,272926,152775,120151,107460,72214,35246,555724,178499,377225,21358,8449,12909
Total,State - JHARKHAND,Hindu,70-79,412696,213437,199259,68397,57341,11056,66523,42790,23733,20129,14686,5443,277776,113306,164470,5444,2591,2853
Total,State - JHARKHAND,Hindu,80+,137826,69761,68065,16328,13404,2924,15532,9661,5871,4835,3291,1544,105966,46696,59270,1642,800,842
Total,State - JHARKHAND,Hindu,Age not stated,79969,42713,37256,17278,13932,3346,9992,5755,4237,4897,3379,1518,52699,23026,29673,3462,1820,1642
Total,State - JHARKHAND,Hindu,15-59,12806032,6642058,6163974,4108619,3264909,843710,3615201,1860148,1755053,2146416,1351210,795206,5082212,1517001,3565211,946312,435644,510668
Total,State - JHARKHAND,Hindu,60+,1663563,843743,819820,369116,300016,69100,354981,205226,149755,132424,90191,42233,939466,338501,600965,28444,11840,16604
Total,State - JHARKHAND,Muslim,Total,4793994,2467219,2326775,922669,740099,182570,745768,409047,336721,407244,280469,126775,3125557,1318073,1807484,202265,92955,109310
Total,State - JHARKHAND,Muslim,5-9,675543,343355,332188,3178,1774,1404,7680,3900,3780,1189,676,513,664685,337681,327004,4845,2543,2302
Total,State - JHARKHAND,Muslim,10-14,652793,334059,318734,12075,7494,4581,31934,16342,15592,8445,5358,3087,608784,310223,298561,13611,7883,5728
Total,State - JHARKHAND,Muslim,15-19,503320,265956,237364,62972,45888,17084,85038,49848,35190,47310,33326,13984,355310,170220,185090,56563,33195,23368
Total,State - JHARKHAND,Muslim,20-24,424097,216218,207879,114714,87991,26723,111899,62060,49839,67547,46844,20703,197484,66167,131317,48797,25704,23093
Total,State - JHARKHAND,Muslim,25-29,370056,188228,181828,132865,106299,26566,106407,58341,48066,64048,44211,19837,130784,23588,107196,28003,11261,16742
Total,State - JHARKHAND,Muslim,30-34,306980,157708,149272,123994,100195,23799,89225,47781,41444,53517,36229,17288,93761,9732,84029,15580,4351,11229
Total,State - JHARKHAND,Muslim,35-39,275987,142350,133637,117501,95626,21875,78295,41239,37056,46402,31110,15292,80191,5485,74706,11028,2121,8907
Total,State - JHARKHAND,Muslim,40-49,405933,213920,192013,179658,148195,31463,112028,59134,52894,63205,42996,20209,114247,6591,107656,12124,1905,10219
Total,State - JHARKHAND,Muslim,50-59,253907,129796,124111,104944,87137,17807,65092,34253,30839,32543,22577,9966,83871,8406,75465,5581,1226,4355
Total,State - JHARKHAND,Muslim,60-69,192794,99982,92812,52455,43821,8634,43328,26114,17214,17846,13132,4714,97011,30047,66964,3961,1625,2336
Total,State - JHARKHAND,Muslim,70-79,70404,37934,32470,11871,10244,1627,10479,7331,3148,3453,2744,709,48054,20359,27695,1132,607,525
Total,State - JHARKHAND,Muslim,80+,25144,12966,12178,2908,2420,488,2538,1638,900,891,675,216,19698,8908,10790,309,148,161
Total,State - JHARKHAND,Muslim,Age not stated,18508,9833,8675,3534,3015,519,1825,1066,759,848,591,257,13149,5752,7397,731,386,345
Total,State - JHARKHAND,Muslim,15-59,2540280,1314176,1226104,836648,671331,165317,647984,352656,295328,374572,257293,117279,1055648,290189,765459,177676,79763,97913
Total,State - JHARKHAND,Muslim,60+,288342,150882,137460,67234,56485,10749,56345,35083,21262,22190,16551,5639,164763,59314,105449,5402,2380,3022
Total,State - JHARKHAND,Christian,Total,1418608,699902,718706,378313,234962,143351,290262,126733,163529,147986,76782,71204,750033,338207,411826,71619,32496,39123
Total,State - JHARKHAND,Christian,5-9,160168,81117,79051,1413,769,644,3814,1859,1955,436,217,219,154941,78489,76452,1454,750,704
Total,State - JHARKHAND,Christian,10-14,167013,83519,83494,3785,2055,1730,14103,6924,7179,2682,1387,1295,149125,74540,74585,3018,1541,1477
Total,State - JHARKHAND,Christian,15-19,140203,69284,70919,14508,8547,5961,29313,14316,14997,14372,7639,6733,96382,46421,49961,15215,7795,7420
Total,State - JHARKHAND,Christian,20-24,123839,59672,64167,30763,18450,12313,38028,17265,20763,23366,12134,11232,55048,23957,31091,19600,9369,10231
Total,State - JHARKHAND,Christian,25-29,112632,55076,57556,44015,27017,16998,37763,16906,20857,23308,12320,10988,30854,11153,19701,13073,5902,7171
Total,State - JHARKHAND,Christian,30-34,98923,47864,51059,47681,29092,18589,32374,13697,18677,19358,9995,9363,18868,5075,13793,7055,2909,4146
Total,State - JHARKHAND,Christian,35-39,95391,46867,48524,50324,31331,18993,30561,12762,17799,17708,9031,8677,14506,2774,11732,4394,1430,2964
Total,State - JHARKHAND,Christian,40-49,158582,79735,78847,88693,55991,32702,48280,19881,28399,25678,13186,12492,21609,3863,17746,4149,1420,2729
Total,State - JHARKHAND,Christian,50-59,107655,52555,55100,59135,36923,22212,30435,12011,18424,13245,6760,6485,18085,3621,14464,1808,637,1171
Total,State - JHARKHAND,Christian,60-69,78674,36359,42315,28851,18570,10281,19750,8207,11543,6342,3285,3057,30073,9582,20491,1246,481,765
Total,State - JHARKHAND,Christian,70-79,27482,13106,14376,6736,4687,2049,4489,2209,2280,1071,604,467,16257,6210,10047,320,131,189
Total,State - JHARKHAND,Christian,80+,8040,3820,4220,1339,912,427,874,458,416,210,118,92,5827,2450,3377,82,29,53
Total,State - JHARKHAND,Christian,Age not stated,3724,1874,1850,1070,618,452,478,238,240,210,106,104,2176,1018,1158,205,102,103
Total,State - JHARKHAND,Christian,15-59,837225,411053,426172,335119,207351,127768,246754,106838,139916,137035,71065,65970,255352,96864,158488,65294,29462,35832
Total,State - JHARKHAND,Christian,60+,114196,53285,60911,36926,24169,12757,25113,10874,14239,7623,4007,3616,52157,18242,33915,1648,641,1007
Total,State - JHARKHAND,Sikh,Total,71422,38189,33233,22220,19825,2395,1842,1264,578,910,691,219,47360,17100,30260,4117,2030,2087
Total,State - JHARKHAND,Sikh,5-9,5107,2792,2315,25,18,7,15,7,8,2,0,2,5067,2767,2300,40,22,18
Total,State - JHARKHAND,Sikh,10-14,5618,3011,2607,66,53,13,45,23,22,14,8,6,5507,2935,2572,117,71,46
Total,State - JHARKHAND,Sikh,15-19,6786,3871,2915,946,915,31,151,106,45,92,70,22,5689,2850,2839,735,425,310
Total,State - JHARKHAND,Sikh,20-24,7397,4095,3302,2098,1870,228,261,178,83,167,124,43,5038,2047,2991,1279,718,561
Total,State - JHARKHAND,Sikh,25-29,6478,3349,3129,2737,2364,373,283,195,88,154,113,41,3458,790,2668,818,415,403
Total,State - JHARKHAND,Sikh,30-34,5856,3208,2648,3020,2741,279,231,169,62,114,91,23,2605,298,2307,387,137,250
Total,State - JHARKHAND,Sikh,35-39,5511,2889,2622,2899,2578,321,203,135,68,109,81,28,2409,176,2233,260,82,178
Total,State - JHARKHAND,Sikh,40-49,9720,5103,4617,5248,4644,604,285,188,97,130,100,30,4187,271,3916,273,69,204
Total,State - JHARKHAND,Sikh,50-59,6815,3639,3176,3538,3155,383,183,133,50,70,59,11,3094,351,2743,107,37,70
Total,State - JHARKHAND,Sikh,60-69,4431,2196,2235,1158,1044,114,122,88,34,39,32,7,3151,1064,2087,63,36,27
Total,State - JHARKHAND,Sikh,70-79,2038,1049,989,306,285,21,26,16,10,5,2,3,1706,748,958,17,11,6
Total,State - JHARKHAND,Sikh,80+,842,420,422,84,73,11,12,9,3,2,2,0,746,338,408,7,3,4
Total,State - JHARKHAND,Sikh,Age not stated,373,200,173,95,85,10,25,17,8,12,9,3,253,98,155,14,4,10
Total,State - JHARKHAND,Sikh,15-59,48563,26154,22409,20486,18267,2219,1597,1104,493,836,638,198,26480,6783,19697,3859,1883,1976
Total,State - JHARKHAND,Sikh,60+,7311,3665,3646,1548,1402,146,160,113,47,46,36,10,5603,2150,3453,87,50,37
Total,State - JHARKHAND,Buddhist,Total,8956,5217,3739,3063,2560,503,1101,571,530,555,358,197,4792,2086,2706,433,215,218
Total,State - JHARKHAND,Buddhist,5-9,919,491,428,8,2,6,15,8,7,4,1,3,896,481,415,5,4,1
Total,State - JHARKHAND,Buddhist,10-14,868,442,426,16,11,5,33,18,15,7,5,2,819,413,406,15,9,6
Total,State - JHARKHAND,Buddhist,15-19,716,363,353,66,44,22,99,51,48,53,35,18,551,268,283,78,46,32
Total,State - JHARKHAND,Buddhist,20-24,747,407,340,248,174,74,165,86,79,102,63,39,334,147,187,128,75,53
Total,State - JHARKHAND,Buddhist,25-29,728,409,319,323,255,68,141,80,61,84,54,30,264,74,190,81,38,43
Total,State - JHARKHAND,Buddhist,30-34,672,441,231,402,349,53,123,72,51,71,50,21,147,20,127,31,9,22
Total,State - JHARKHAND,Buddhist,35-39,734,489,245,467,406,61,123,67,56,66,47,19,144,16,128,36,13,23
Total,State - JHARKHAND,Buddhist,40-49,1366,986,380,985,880,105,178,79,99,81,51,30,203,27,176,31,9,22
Total,State - JHARKHAND,Buddhist,50-59,613,374,239,354,297,57,112,52,60,43,24,19,147,25,122,8,2,6
Total,State - JHARKHAND,Buddhist,60-69,429,207,222,132,94,38,83,38,45,33,20,13,214,75,139,10,6,4
Total,State - JHARKHAND,Buddhist,70-79,160,79,81,35,26,9,16,12,4,3,3,0,109,41,68,2,1,1
Total,State - JHARKHAND,Buddhist,80+,65,33,32,15,14,1,5,2,3,4,2,2,45,17,28,3,0,3
Total,State - JHARKHAND,Buddhist,Age not stated,63,33,30,12,8,4,8,6,2,4,3,1,43,19,24,5,3,2
Total,State - JHARKHAND,Buddhist,15-59,5576,3469,2107,2845,2405,440,941,487,454,500,324,176,1790,577,1213,393,192,201
Total,State - JHARKHAND,Buddhist,60+,654,319,335,182,134,48,104,52,52,40,25,15,368,133,235,15,7,8
Total,State - JHARKHAND,Jain,Total,14974,7763,7211,4427,3988,439,660,410,250,395,285,110,9887,3365,6522,936,431,505
Total,State - JHARKHAND,Jain,5-9,1120,559,561,8,7,1,13,4,9,4,1,3,1099,548,551,13,7,6
Total,State - JHARKHAND,Jain,10-14,1196,629,567,6,3,3,20,10,10,6,5,1,1170,616,554,22,11,11
Total,State - JHARKHAND,Jain,15-19,1202,620,582,41,32,9,37,25,12,26,18,8,1124,563,561,161,89,72
Total,State - JHARKHAND,Jain,20-24,1323,719,604,228,177,51,91,61,30,67,50,17,1004,481,523,314,184,130
Total,State - JHARKHAND,Jain,25-29,1247,629,618,469,404,65,114,78,36,77,58,19,664,147,517,183,76,107
Total,State - JHARKHAND,Jain,30-34,1142,582,560,536,486,50,79,48,31,49,33,16,527,48,479,64,18,46
Total,State - JHARKHAND,Jain,35-39,1116,570,546,567,509,58,69,37,32,46,26,20,480,24,456,49,8,41
Total,State - JHARKHAND,Jain,40-49,2206,1134,1072,1129,1022,107,111,72,39,65,51,14,966,40,926,67,11,56
Total,State - JHARKHAND,Jain,50-59,1535,828,707,807,741,66,60,38,22,33,27,6,668,49,619,38,13,25
Total,State - JHARKHAND,Jain,60-69,1049,545,504,424,402,22,45,25,20,16,10,6,580,118,462,18,10,8
Total,State - JHARKHAND,Jain,70-79,526,253,273,148,145,3,11,5,6,1,1,0,367,103,264,4,2,2
Total,State - JHARKHAND,Jain,80+,183,86,97,26,25,1,1,1,0,0,0,0,156,60,96,1,0,1
Total,State - JHARKHAND,Jain,Age not stated,118,68,50,38,35,3,9,6,3,5,5,0,71,27,44,2,2,0
Total,State - JHARKHAND,Jain,15-59,9771,5082,4689,3777,3371,406,561,359,202,363,263,100,5433,1352,4081,876,399,477
Total,State - JHARKHAND,Jain,60+,1758,884,874,598,572,26,57,31,26,17,11,6,1103,281,822,23,12,11
Total,State - JHARKHAND,Other religious communities,Total,4235786,2113699,2122087,931298,616292,315006,1069488,486068,583420,575075,309456,265619,2235000,1011339,1223661,142372,61142,81230
Total,State - JHARKHAND,Other religious communities,5-9,560330,284301,276029,4546,2363,2183,14243,6844,7399,1696,833,863,541541,275094,266447,4117,2079,2038
Total,State - JHARKHAND,Other religious communities,10-14,550618,279908,270710,13981,7668,6313,58346,27924,30422,13793,6888,6905,478291,244316,233975,9770,4979,4791
Total,State - JHARKHAND,Other religious communities,15-19,422406,216966,205440,55768,33265,22503,123458,60485,62973,68293,36879,31414,243180,123216,119964,41022,22314,18708
Total,State - JHARKHAND,Other religious communities,20-24,352796,169664,183132,97614,61464,36150,144670,65632,79038,90759,48284,42475,110512,42568,67944,34043,16250,17793
Total,State - JHARKHAND,Other religious communities,25-29,321960,160846,161114,120908,81396,39512,138132,64137,73995,85965,47617,38348,62920,15313,47607,18689,7120,11569
Total,State - JHARKHAND,Other religious communities,30-34,273674,133409,140265,115833,76394,39439,116044,50735,65309,70561,37548,33013,41797,6280,35517,9999,2766,7233
Total,State - JHARKHAND,Other religious communities,35-39,265849,131650,134199,120449,79962,40487,110369,47878,62491,65874,34868,31006,35031,3810,31221,7161,1514,5647
Total,State - JHARKHAND,Other religious communities,40-49,434458,219691,214767,202351,136870,65481,177147,77104,100043,99993,53223,46770,54960,5717,49243,8613,1597,7016
Total,State - JHARKHAND,Other religious communities,50-59,274794,136080,138714,121046,82889,38157,106374,46376,59998,50666,27639,23027,47374,6815,40559,4472,1012,3460
Total,State - JHARKHAND,Other religious communities,60-69,199976,91638,108338,61188,41474,19714,63435,29728,33707,22291,12552,9739,75353,20436,54917,3222,1016,2206
Total,State - JHARKHAND,Other religious communities,70-79,60727,28137,32590,12519,9090,3429,12480,6773,5707,3361,2060,1301,35728,12274,23454,779,295,484
Total,State - JHARKHAND,Other religious communities,80+,16262,7657,8605,2564,1839,725,2585,1399,1186,812,493,319,11113,4419,6694,160,58,102
Total,State - JHARKHAND,Other religious communities,Age not stated,10896,5473,5423,2531,1618,913,2205,1053,1152,1011,572,439,6160,2802,3358,325,142,183
Total,State - JHARKHAND,Other religious communities,15-59,2345937,1168306,1177631,833969,552240,281729,916194,412347,503847,532111,286058,246053,595774,203719,392055,123999,52573,71426
Total,State - JHARKHAND,Other religious communities,60+,276965,127432,149533,76271,52403,23868,78500,37900,40600,26464,15105,11359,122194,37129,85065,4161,1369,2792
Rural,State - JHARKHAND,All religious communities,Total,25055073,12776486,12278587,4886840,3563422,1323418,5890312,2920720,2969592,3241480,1970607,1270873,14277921,6292344,7985577,891461,381904,509557
Rural,State - JHARKHAND,All religious communities,5-9,3332668,1695581,1637087,19858,10738,9120,60043,29463,30580,8480,4471,4009,3252767,1655380,1597387,24188,12510,11678
Rural,State - JHARKHAND,All religious communities,10-14,3237192,1662046,1575146,55407,32504,22903,235205,116473,118732,58760,32809,25951,2946580,1513069,1433511,56802,31052,25750
Rural,State - JHARKHAND,All religious communities,15-19,2359367,1268321,1091046,253344,168543,84801,570150,302372,267778,315784,193933,121851,1535873,797406,738467,237531,139599,97932
Rural,State - JHARKHAND,All religious communities,20-24,2052259,1031084,1021175,514306,358160,156146,794535,391835,402700,492974,297097,195877,743418,281089,462329,205523,105655,99868
Rural,State - JHARKHAND,All religious communities,25-29,1942429,976894,965535,660562,482073,178489,810154,402280,407874,502537,307308,195229,471713,92541,379172,117608,42038,75570
Rural,State - JHARKHAND,All religious communities,30-34,1697271,849293,847978,644829,471472,173357,705719,339803,365916,432898,259909,172989,346723,38018,308705,71017,16011,55006
Rural,State - JHARKHAND,All religious communities,35-39,1570756,799950,770806,636715,467761,168954,643709,309245,334464,389791,233483,156308,290332,22944,267388,52187,8387,43800
Rural,State - JHARKHAND,All religious communities,40-49,2434406,1257127,1177279,1022101,757346,264755,976624,468181,508443,561785,339074,222711,435681,31600,404081,62422,9071,53351
Rural,State - JHARKHAND,All religious communities,50-59,1582195,791736,790459,627879,469861,158018,591861,283408,308453,292566,179537,113029,362455,38467,323988,32744,6039,26705
Rural,State - JHARKHAND,All religious communities,60-69,1242001,606094,635907,342129,258627,83502,381300,203899,177401,147465,96202,51263,518572,143568,375004,22525,7536,14989
Rural,State - JHARKHAND,All religious communities,70-79,447607,226259,221348,80388,64278,16110,89475,55684,33791,26802,19141,7661,277744,106297,171447,5952,2678,3274
Rural,State - JHARKHAND,All religious communities,80+,143253,72523,70730,17749,13841,3908,20304,12267,8037,6341,4268,2073,105200,46415,58785,1402,610,792
Rural,State - JHARKHAND,All religious communities,Age not stated,56964,30125,26839,11573,8218,3355,11233,5810,5423,5297,3375,1922,34158,16097,18061,1560,718,842
Rural,State - JHARKHAND,All religious communities,15-59,13638683,6974405,6664278,4359736,3175216,1184520,5092752,2497124,2595628,2988335,1810341,1177994,4186195,1302065,2884130,779032,326800,452232
Rural,State - JHARKHAND,All religious communities,60+,1832861,904876,927985,440266,336746,103520,491079,271850,219229,180608,119611,60997,901516,296280,605236,29879,10824,19055
Rural,State - JHARKHAND,Hindu,Total,16460530,8445598,8014932,3088261,2333267,754994,3880044,1965411,1914633,2166382,1346250,820132,9492225,4146920,5345305,617654,266134,351520
Rural,State - JHARKHAND,Hindu,5-9,2139983,1091123,1048860,11695,6405,5290,35193,17353,17840,5470,2909,2561,2093095,1067365,1025730,15668,8179,7489
Rural,State - JHARKHAND,Hindu,10-14,2088628,1076981,1011647,29333,17936,11397,133151,66669,66482,34826,19851,14975,1926144,992376,933768,36109,19923,16186
Rural,State - JHARKHAND,Hindu,15-19,1515611,828273,687338,140730,97642,43088,341883,184286,157597,191786,120495,71291,1032998,546345,486653,159314,95959,63355
Rural,State - JHARKHAND,Hindu,20-24,1345350,683018,662332,314834,227128,87706,514347,257260,257087,320989,197256,123733,516169,198630,317539,143649,75931,67718
Rural,State - JHARKHAND,Hindu,25-29,1302068,656346,645722,422541,317941,104600,542438,273517,268921,338678,210641,128037,337089,64888,272201,83732,30209,53523
Rural,State - JHARKHAND,Hindu,30-34,1150852,578942,571910,417861,316255,101606,480526,236390,244136,297250,182218,115032,252465,26297,226168,51300,11380,39920
Rural,State - JHARKHAND,Hindu,35-39,1056446,542082,514364,408765,310923,97842,435966,215266,220700,266765,163773,102992,211715,15893,195822,37537,5841,31696
Rural,State - JHARKHAND,Hindu,40-49,1621731,842379,779352,649839,498001,151838,654968,322806,332162,381339,236096,145243,316924,21572,295352,44832,6318,38514
Rural,State - JHARKHAND,Hindu,50-59,1061228,533786,527442,401270,311375,89895,397637,195967,201670,199502,125223,74279,262321,26444,235877,23516,4194,19322
Rural,State - JHARKHAND,Hindu,60-69,841726,415238,426488,218571,170828,47743,258973,142913,116060,102514,68447,34067,364182,101497,262685,15750,5342,10408
Rural,State - JHARKHAND,Hindu,70-79,314352,160553,153799,53363,43779,9584,63059,40163,22896,19207,13963,5244,197930,76611,121319,4162,1908,2254
Rural,State - JHARKHAND,Hindu,80+,103153,52671,50482,12106,9667,2439,14570,8953,5617,4526,3055,1471,76477,34051,42426,1032,460,572
Rural,State - JHARKHAND,Hindu,Age not stated,36282,19192,17090,7353,5387,1966,7333,3868,3465,3530,2323,1207,21596,9937,11659,1053,490,563
Rural,State - JHARKHAND,Hindu,15-59,9053286,4664826,4388460,2755840,2079265,676575,3367765,1685492,1682273,1996309,1235702,760607,2929681,900069,2029612,543880,229832,314048
Rural,State - JHARKHAND,Hindu,60+,1259231,628462,630769,284040,224274,59766,336602,192029,144573,126247,85465,40782,638589,212159,426430,20944,7710,13234
Rural,State - JHARKHAND,Muslim,Total,3446273,1765830,1680443,623847,471143,152704,680866,361162,319704,370370,250191,120179,2141560,933525,1208035,112807,46778,66029
Rural,State - JHARKHAND,Muslim,5-9,518432,262524,255908,2365,1295,1070,6918,3481,3437,928,537,391,509149,257748,251401,3489,1780,1709
Rural,State - JHARKHAND,Muslim,10-14,486703,249065,237638,9127,5269,3858,30090,15198,14892,7661,4794,2867,447486,228598,218888,9362,5370,3992
Rural,State - JHARKHAND,Muslim,15-19,340546,182875,157671,46564,31836,14728,77902,44675,33227,42932,29858,13074,216080,106364,109716,32259,19007,13252
Rural,State - JHARKHAND,Muslim,20-24,285671,144914,140757,81458,58419,23039,101652,54304,47348,60842,41334,19508,102561,32191,70370,23431,11403,12028
Rural,State - JHARKHAND,Muslim,25-29,254296,128430,125866,90641,68095,22546,96618,50841,45777,57866,39016,18850,67037,9494,57543,13103,3800,9303
Rural,State - JHARKHAND,Muslim,30-34,214492,108840,105652,82960,62968,19992,81134,41692,39442,48582,32082,16500,50398,4180,46218,8493,1459,7034
Rural,State - JHARKHAND,Muslim,35-39,190627,97586,93041,77234,59196,18038,71001,35858,35143,42127,27571,14556,42392,2532,39860,6658,837,5821
Rural,State - JHARKHAND,Muslim,40-49,279137,145192,133945,115522,90003,25519,102074,51900,50174,57924,38648,19276,61541,3289,58252,8012,891,7121
Rural,State - JHARKHAND,Muslim,50-59,176213,88124,88089,67765,53171,14594,60001,30615,29386,30280,20697,9583,48447,4338,44109,4008,681,3327
Rural,State - JHARKHAND,Muslim,60-69,142359,72780,69579,38152,30907,7245,40249,23784,16465,16645,12127,4518,63958,18089,45869,2831,977,1854
Rural,State - JHARKHAND,Muslim,70-79,52243,27955,24288,8772,7396,1376,9652,6669,2983,3212,2540,672,33819,13890,19929,800,405,395
Rural,State - JHARKHAND,Muslim,80+,18260,9466,8794,2019,1614,405,2325,1492,833,805,611,194,13916,6360,7556,179,84,95
Rural,State - JHARKHAND,Muslim,Age not stated,7390,3904,3486,1268,974,294,1250,653,597,566,376,190,4872,2277,2595,182,84,98
Rural,State - JHARKHAND,Muslim,15-59,1740982,895961,845021,562144,423688,138456,590382,309885,280497,340553,229206,111347,588456,162388,426068,95964,38078,57886
Rural,State - JHARKHAND,Muslim,60+,212862,110201,102661,48943,39917,9026,52226,31945,20281,20662,15278,5384,111693,38339,73354,3810,1466,2344
Rural,State - JHARKHAND,Christian,Total,1195378,592355,603023,315130,195584,119546,278228,119963,158265,141013,72562,68451,602020,276808,325212,44767,19895,24872
Rural,State - JHARKHAND,Christian,5-9,142703,72299,70404,1313,711,602,3684,1800,1884,380,190,190,137706,69788,67918,1246,641,605
Rural,State - JHARKHAND,Christian,10-14,145145,72899,72246,3478,1911,1567,13800,6771,7029,2554,1317,1237,127867,64217,63650,2463,1249,1214
Rural,State - JHARKHAND,Christian,15-19,116163,57811,58352,13406,7902,5504,28425,13877,14548,13769,7339,6430,74332,36032,38300,10926,5562,5364
Rural,State - JHARKHAND,Christian,20-24,100815,48710,52105,27458,16404,11054,36529,16390,20139,22293,11496,10797,36828,15916,20912,11997,5666,6331
Rural,State - JHARKHAND,Christian,25-29,92161,45292,46869,37207,22800,14407,35953,15857,20096,22079,11562,10517,19001,6635,12366,7091,3107,3984
Rural,State - JHARKHAND,Christian,30-34,81141,39454,41687,39091,23776,15315,30755,12755,18000,18285,9328,8957,11295,2923,8372,3742,1412,2330
Rural,State - JHARKHAND,Christian,35-39,78707,39055,39652,41108,25514,15594,29023,11872,17151,16745,8420,8325,8576,1669,6907,2392,711,1681
Rural,State - JHARKHAND,Christian,40-49,130184,65939,64245,71344,44983,26361,46101,18648,27453,24541,12466,12075,12739,2308,10431,2402,729,1673
Rural,State - JHARKHAND,Christian,50-59,87509,42801,44708,46619,29226,17393,29296,11390,17906,12807,6488,6319,11594,2185,9409,1225,369,856
Rural,State - JHARKHAND,Christian,60-69,66928,30915,36013,26244,16936,9308,19111,7864,11247,6150,3174,2976,21573,6115,15458,915,307,608
Rural,State - JHARKHAND,Christian,70-79,22693,10842,11851,6102,4280,1822,4344,2128,2216,1042,587,455,12247,4434,7813,259,98,161
Rural,State - JHARKHAND,Christian,80+,6374,3089,3285,1168,806,362,822,427,395,195,110,85,4384,1856,2528,55,20,35
Rural,State - JHARKHAND,Christian,Age not stated,1992,1027,965,592,335,257,385,184,201,173,85,88,1015,508,507,54,24,30
Rural,State - JHARKHAND,Christian,15-59,686680,339062,347618,276233,170605,105628,236082,100789,135293,130519,67099,63420,174365,67668,106697,39775,17556,22219
Rural,State - JHARKHAND,Christian,60+,95995,44846,51149,33514,22022,11492,24277,10419,13858,7387,3871,3516,38204,12405,25799,1229,425,804
Rural,State - JHARKHAND,Sikh,Total,4933,2652,2281,1265,1093,172,543,319,224,282,200,82,3125,1240,1885,213,118,95
Rural,State - JHARKHAND,Sikh,5-9,501,266,235,3,2,1,3,0,3,0,0,0,495,264,231,1,1,0
Rural,State - JHARKHAND,Sikh,10-14,492,253,239,8,6,2,19,8,11,4,2,2,465,239,226,5,4,1
Rural,State - JHARKHAND,Sikh,15-19,417,219,198,26,23,3,53,31,22,30,21,9,338,165,173,42,27,15
Rural,State - JHARKHAND,Sikh,20-24,434,231,203,102,84,18,75,44,31,46,35,11,257,103,154,66,41,25
Rural,State - JHARKHAND,Sikh,25-29,427,217,210,129,108,21,92,52,40,49,31,18,206,57,149,40,25,15
Rural,State - JHARKHAND,Sikh,30-34,345,177,168,137,118,19,69,43,26,36,28,8,139,16,123,14,5,9
Rural,State - JHARKHAND,Sikh,35-39,359,222,137,200,180,20,50,28,22,31,22,9,109,14,95,11,4,7
Rural,State - JHARKHAND,Sikh,40-49,601,362,239,351,306,45,76,43,33,42,29,13,174,13,161,17,5,12
Rural,State - JHARKHAND,Sikh,50-59,395,206,189,175,147,28,62,41,21,31,23,8,158,18,140,10,3,7
Rural,State - JHARKHAND,Sikh,60-69,307,167,140,102,89,13,34,24,10,11,8,3,171,54,117,5,2,3
Rural,State - JHARKHAND,Sikh,70-79,133,68,65,19,19,0,6,2,4,1,0,1,108,47,61,1,1,0
Rural,State - JHARKHAND,Sikh,80+,47,25,22,8,7,1,2,1,1,0,0,0,37,17,20,1,0,1
Rural,State - JHARKHAND,Sikh,Age not stated,27,16,11,5,4,1,2,2,0,1,1,0,20,10,10,0,0,0
Rural,State - JHARKHAND,Sikh,15-59,2978,1634,1344,1120,966,154,477,282,195,265,189,76,1381,386,995,200,110,90
Rural,State - JHARKHAND,Sikh,60+,487,260,227,129,115,14,42,27,15,12,8,4,316,118,198,7,3,4
Rural,State - JHARKHAND,Buddhist,Total,6197,3783,2414,2290,1922,368,991,498,493,499,319,180,2916,1363,1553,183,78,105
Rural,State - JHARKHAND,Buddhist,5-9,692,380,312,6,2,4,13,7,6,2,0,2,673,371,302,0,0,0
Rural,State - JHARKHAND,Buddhist,10-14,618,330,288,16,11,5,30,17,13,6,5,1,572,302,270,10,6,4
Rural,State - JHARKHAND,Buddhist,15-19,464,240,224,57,36,21,92,48,44,50,33,17,315,156,159,39,20,19
Rural,State - JHARKHAND,Buddhist,20-24,474,266,208,179,125,54,149,76,73,90,56,34,146,65,81,53,28,25
Rural,State - JHARKHAND,Buddhist,25-29,448,268,180,224,174,50,122,66,56,75,46,29,102,28,74,27,11,16
Rural,State - JHARKHAND,Buddhist,30-34,459,326,133,297,259,38,110,60,50,64,43,21,52,7,45,11,2,9
Rural,State - JHARKHAND,Buddhist,35-39,529,390,139,365,324,41,107,58,49,60,45,15,57,8,49,17,6,11
Rural,State - JHARKHAND,Buddhist,40-49,1002,780,222,772,702,70,163,69,94,71,43,28,67,9,58,10,0,10
Rural,State - JHARKHAND,Buddhist,50-59,401,254,147,241,200,41,102,46,56,41,23,18,58,8,50,3,0,3
Rural,State - JHARKHAND,Buddhist,60-69,288,130,158,93,59,34,79,35,44,32,19,13,116,36,80,8,4,4
Rural,State - JHARKHAND,Buddhist,70-79,94,47,47,25,17,8,15,11,4,2,2,0,54,19,35,0,0,0
Rural,State - JHARKHAND,Buddhist,80+,41,21,20,9,9,0,5,2,3,4,2,2,27,10,17,3,0,3
Rural,State - JHARKHAND,Buddhist,Age not stated,21,13,8,6,4,2,4,3,1,2,2,0,11,6,5,2,1,1
Rural,State - JHARKHAND,Buddhist,15-59,3777,2524,1253,2135,1820,315,845,423,422,451,289,162,797,281,516,160,67,93
Rural,State - JHARKHAND,Buddhist,60+,423,198,225,127,85,42,99,48,51,38,23,15,197,65,132,11,4,7
Rural,State - JHARKHAND,Jain,Total,3542,1837,1705,817,682,135,478,295,183,308,230,78,2247,860,1387,296,103,193
Rural,State - JHARKHAND,Jain,5-9,338,172,166,2,2,0,8,3,5,1,0,1,328,167,161,3,3,0
Rural,State - JHARKHAND,Jain,10-14,341,157,184,2,0,2,14,5,9,2,2,0,325,152,173,6,1,5
Rural,State - JHARKHAND,Jain,15-19,326,165,161,24,18,6,28,19,9,19,14,5,274,128,146,59,28,31
Rural,State - JHARKHAND,Jain,20-24,324,180,144,69,56,13,69,48,21,53,42,11,186,76,110,73,36,37
Rural,State - JHARKHAND,Jain,25-29,332,186,146,115,99,16,80,53,27,56,42,14,137,34,103,55,15,40
Rural,State - JHARKHAND,Jain,30-34,247,125,122,100,81,19,58,35,23,40,28,12,89,9,80,22,4,18
Rural,State - JHARKHAND,Jain,35-39,225,113,112,102,83,19,48,25,23,33,20,13,75,5,70,19,1,18
Rural,State - JHARKHAND,Jain,40-49,425,220,205,191,161,30,82,53,29,56,45,11,152,6,146,28,1,27
Rural,State - JHARKHAND,Jain,50-59,273,150,123,123,104,19,43,29,14,30,25,5,107,17,90,20,6,14
Rural,State - JHARKHAND,Jain,60-69,207,97,110,57,48,9,34,17,17,16,10,6,116,32,84,9,6,3
Rural,State - JHARKHAND,Jain,70-79,86,43,43,19,18,1,8,4,4,0,0,0,59,21,38,1,1,0
Rural,State - JHARKHAND,Jain,80+,28,19,9,6,6,0,1,1,0,0,0,0,21,12,9,0,0,0
Rural,State - JHARKHAND,Jain,Age not stated,28,13,15,7,6,1,5,3,2,2,2,0,16,4,12,1,1,0
Rural,State - JHARKHAND,Jain,15-59,2152,1139,1013,724,602,122,408,262,146,287,216,71,1020,275,745,276,91,185
Rural,State - JHARKHAND,Jain,60+,321,159,162,82,72,10,43,22,21,16,10,6,196,65,131,10,7,3
Rural,State - JHARKHAND,Other religious communities,Total,3883332,1936940,1946392,847377,554912,292465,1037743,468019,569724,556497,297712,258785,1998212,914009,1084203,113380,47692,65688
Rural,State - JHARKHAND,Other religious communities,5-9,521821,264551,257270,4351,2257,2094,13970,6703,7267,1627,800,827,503500,255591,247909,3689,1858,1831
Rural,State - JHARKHAND,Other religious communities,10-14,508146,258583,249563,13283,7285,5998,57460,27483,29977,13498,6726,6772,437403,223815,213588,8707,4425,4282
Rural,State - JHARKHAND,Other religious communities,15-19,380569,195903,184666,51893,30692,21201,120348,58696,61652,66410,35727,30683,208328,106515,101813,34253,18604,15649
Rural,State - JHARKHAND,Other religious communities,20-24,315181,151715,163466,89158,55308,33850,140090,62939,77151,87693,46324,41369,85933,33468,52465,25798,12275,13523
Rural,State - JHARKHAND,Other religious communities,25-29,289260,144505,144755,108583,72140,36443,133318,61202,72116,82826,45496,37330,47359,11163,36196,13315,4757,8558
Rural,State - JHARKHAND,Other religious communities,30-34,247201,120301,126900,103498,67470,36028,111897,48347,63550,67921,35831,32090,31806,4484,27322,7292,1704,5588
Rural,State - JHARKHAND,Other religious communities,35-39,241606,119533,122073,108152,71070,37082,106479,45723,60756,63421,33342,30079,26975,2740,24235,5445,954,4491
Rural,State - JHARKHAND,Other religious communities,40-49,397718,200701,197017,182723,122365,60358,171498,74037,97461,96870,51300,45570,43497,4299,39198,7013,1084,5929
Rural,State - JHARKHAND,Other religious communities,50-59,253781,125450,128331,110868,75141,35727,103698,44950,58748,49381,26854,22527,39215,5359,33856,3866,761,3105
Rural,State - JHARKHAND,Other religious communities,60-69,188079,85979,102100,58404,39463,18941,62201,29012,33189,21841,12296,9545,67474,17504,49970,2932,873,2059
Rural,State - JHARKHAND,Other religious communities,70-79,57170,26396,30774,11976,8692,3284,12242,6623,5619,3291,2017,1274,32952,11081,21871,712,261,451
Rural,State - JHARKHAND,Other religious communities,80+,15048,7097,7951,2397,1709,688,2537,1370,1167,796,482,314,10114,4018,6096,130,46,84
Rural,State - JHARKHAND,Other religious communities,Age not stated,9040,4515,4525,2091,1320,771,2005,934,1071,922,517,405,4944,2261,2683,228,90,138
Rural,State - JHARKHAND,Other religious communities,15-59,2125316,1058108,1067208,754875,494186,260689,887328,395894,491434,514522,274874,239648,483113,168028,315085,96982,40139,56843
Rural,State - JHARKHAND,Other religious communities,60+,260297,119472,140825,72777,49864,22913,76980,37005,39975,25928,14795,11133,110540,32603,77937,3774,1180,2594
Urban,State - JHARKHAND,All religious communities,Total,7933061,4153829,3779232,1931755,1671020,260735,389367,269607,119760,224983,170655,54328,5611939,2213202,3398737,584362,298336,286026
Urban,State - JHARKHAND,All religious communities,5-9,805757,422298,383459,4233,2483,1750,4293,2297,1996,1358,755,603,797231,417518,379713,8156,4449,3707
Urban,State - JHARKHAND,All religious communities,10-14,867204,450581,416623,11498,8099,3399,9739,5654,4085,3957,2513,1444,845967,436828,409139,20740,12015,8725
Urban,State - JHARKHAND,All religious communities,15-19,845901,446566,399335,59284,48748,10536,33454,23436,10018,21358,15921,5437,753163,374382,378781,125964,74775,51189
Urban,State - JHARKHAND,All religious communities,20-24,775363,400179,375184,155625,133376,22249,55030,39724,15306,37360,28787,8573,564708,227079,337629,171181,96846,74335
Urban,State - JHARKHAND,All religious communities,25-29,710210,365420,344790,253843,219554,34289,60130,43579,16551,39220,30636,8584,396237,102287,293950,113042,57025,56017
Urban,State - JHARKHAND,All religious communities,30-34,610025,316573,293452,274242,238842,35400,51974,36698,15276,32588,25138,7450,283809,41033,242776,56396,23566,32830
Urban,State - JHARKHAND,All religious communities,35-39,566008,292725,273283,277860,239846,38014,46527,31820,14707,27897,21083,6814,241621,21059,220562,33886,10256,23630
Urban,State - JHARKHAND,All religious communities,40-49,888194,472260,415934,466475,403841,62634,65777,43866,21911,35882,26830,9052,355942,24553,331389,30283,8170,22113
Urban,State - JHARKHAND,All religious communities,50-59,589220,316550,272670,302927,265907,37020,33820,22206,11614,15030,11138,3892,252473,28437,224036,11457,3941,7516
Urban,State - JHARKHAND,All religious communities,60-69,350878,186323,164555,87057,76400,10657,19038,13344,5694,6826,5170,1656,244783,96579,148204,7441,4116,3325
Urban,State - JHARKHAND,All religious communities,70-79,127455,68161,59294,19763,17639,2124,4705,3540,1165,1271,991,280,102987,46982,56005,1767,967,800
Urban,State - JHARKHAND,All religious communities,80+,45484,22385,23099,5559,4876,683,1288,924,364,429,322,107,38637,16585,22052,804,428,376
Urban,State - JHARKHAND,All religious communities,Age not stated,59770,32127,27643,13389,11409,1980,3592,2519,1073,1807,1371,436,42789,18199,24590,3245,1782,1463
Urban,State - JHARKHAND,All religious communities,15-59,4984921,2610273,2374648,1790256,1550114,240142,346712,241329,105383,209335,159533,49802,2847953,818830,2029123,542209,274579,267630
Urban,State - JHARKHAND,All religious communities,60+,523817,276869,246948,112379,98915,13464,25031,17808,7223,8526,6483,2043,386407,160146,226261,10012,5511,4501
Urban,State - JHARKHAND,Hindu,Total,5915521,3118353,2797168,1458319,1277018,181301,278201,195276,82925,161327,123540,37787,4179001,1646059,2532942,433130,223146,209984
Urban,State - JHARKHAND,Hindu,5-9,585398,308980,276418,3082,1810,1272,3094,1664,1430,961,553,408,579222,305506,273716,6092,3319,2773
Urban,State - JHARKHAND,Hindu,10-14,628932,329475,299457,7457,5277,2180,6633,3872,2761,2715,1697,1018,614842,320326,294516,14697,8555,6142
Urban,State - JHARKHAND,Hindu,15-19,608327,325943,282384,36802,30454,6348,22081,15876,6205,14344,10894,3450,549444,279613,269831,89519,54017,35502
Urban,State - JHARKHAND,Hindu,20-24,566795,294761,272034,108098,93435,14663,38324,28149,10175,26275,20512,5763,420373,173177,247196,128147,73838,54309
Urban,State - JHARKHAND,Hindu,25-29,532971,275269,257702,189095,164990,24105,43321,31824,11497,28458,22406,6052,300555,78455,222100,85618,43840,41778
Urban,State - JHARKHAND,Hindu,30-34,465851,242227,223624,208577,184045,24532,37817,27070,10747,23787,18497,5290,219457,31112,188345,42746,17912,24834
Urban,State - JHARKHAND,Hindu,35-39,432815,224535,208280,212558,185622,26936,33520,23224,10296,20060,15313,4747,186737,15689,171048,25428,7565,17863
Urban,State - JHARKHAND,Hindu,40-49,684055,364473,319582,358943,314488,44455,47652,32121,15531,26194,19730,6464,277460,17864,259596,22423,5818,16605
Urban,State - JHARKHAND,Hindu,50-59,461932,250024,211908,238706,212610,26096,24721,16392,8329,10989,8156,2833,198505,21022,177483,8551,2822,5729
Urban,State - JHARKHAND,Hindu,60-69,271315,145307,126008,65820,58443,7377,13953,9862,4091,4946,3767,1179,191542,77002,114540,5608,3107,2501
Urban,State - JHARKHAND,Hindu,70-79,98344,52884,45460,15034,13562,1472,3464,2627,837,922,723,199,79846,36695,43151,1282,683,599
Urban,State - JHARKHAND,Hindu,80+,34673,17090,17583,4222,3737,485,962,708,254,309,236,73,29489,12645,16844,610,340,270
Urban,State - JHARKHAND,Hindu,Age not stated,43687,23521,20166,9925,8545,1380,2659,1887,772,1367,1056,311,31103,13089,18014,2409,1330,1079
Urban,State - JHARKHAND,Hindu,15-59,3752746,1977232,1775514,1352779,1185644,167135,247436,174656,72780,150107,115508,34599,2152531,616932,1535599,402432,205812,196620
Urban,State - JHARKHAND,Hindu,60+,404332,215281,189051,85076,75742,9334,18379,13197,5182,6177,4726,1451,300877,126342,174535,7500,4130,3370
Urban,State - JHARKHAND,Muslim,Total,1347721,701389,646332,298822,268956,29866,64902,47885,17017,36874,30278,6596,983997,384548,599449,89458,46177,43281
Urban,State - JHARKHAND,Muslim,5-9,157111,80831,76280,813,479,334,762,419,343,261,139,122,155536,79933,75603,1356,763,593
Urban,State - JHARKHAND,Muslim,10-14,166090,84994,81096,2948,2225,723,1844,1144,700,784,564,220,161298,81625,79673,4249,2513,1736
Urban,State - JHARKHAND,Muslim,15-19,162774,83081,79693,16408,14052,2356,7136,5173,1963,4378,3468,910,139230,63856,75374,24304,14188,10116
Urban,State - JHARKHAND,Muslim,20-24,138426,71304,67122,33256,29572,3684,10247,7756,2491,6705,5510,1195,94923,33976,60947,25366,14301,11065
Urban,State - JHARKHAND,Muslim,25-29,115760,59798,55962,42224,38204,4020,9789,7500,2289,6182,5195,987,63747,14094,49653,14900,7461,7439
Urban,State - JHARKHAND,Muslim,30-34,92488,48868,43620,41034,37227,3807,8091,6089,2002,4935,4147,788,43363,5552,37811,7087,2892,4195
Urban,State - JHARKHAND,Muslim,35-39,85360,44764,40596,40267,36430,3837,7294,5381,1913,4275,3539,736,37799,2953,34846,4370,1284,3086
Urban,State - JHARKHAND,Muslim,40-49,126796,68728,58068,64136,58192,5944,9954,7234,2720,5281,4348,933,52706,3302,49404,4112,1014,3098
Urban,State - JHARKHAND,Muslim,50-59,77694,41672,36022,37179,33966,3213,5091,3638,1453,2263,1880,383,35424,4068,31356,1573,545,1028
Urban,State - JHARKHAND,Muslim,60-69,50435,27202,23233,14303,12914,1389,3079,2330,749,1201,1005,196,33053,11958,21095,1130,648,482
Urban,State - JHARKHAND,Muslim,70-79,18161,9979,8182,3099,2848,251,827,662,165,241,204,37,14235,6469,7766,332,202,130
Urban,State - JHARKHAND,Muslim,80+,6884,3500,3384,889,806,83,213,146,67,86,64,22,5782,2548,3234,130,64,66
Urban,State - JHARKHAND,Muslim,Age not stated,11118,5929,5189,2266,2041,225,575,413,162,282,215,67,8277,3475,4802,549,302,247
Urban,State - JHARKHAND,Muslim,15-59,799298,418215,381083,274504,247643,26861,57602,42771,14831,34019,28087,5932,467192,127801,339391,81712,41685,40027
Urban,State - JHARKHAND,Muslim,60+,75480,40681,34799,18291,16568,1723,4119,3138,981,1528,1273,255,53070,20975,32095,1592,914,678
Urban,State - JHARKHAND,Christian,Total,223230,107547,115683,63183,39378,23805,12034,6770,5264,6973,4220,2753,148013,61399,86614,26852,12601,14251
Urban,State - JHARKHAND,Christian,5-9,17465,8818,8647,100,58,42,130,59,71,56,27,29,17235,8701,8534,208,109,99
Urban,State - JHARKHAND,Christian,10-14,21868,10620,11248,307,144,163,303,153,150,128,70,58,21258,10323,10935,555,292,263
Urban,State - JHARKHAND,Christian,15-19,24040,11473,12567,1102,645,457,888,439,449,603,300,303,22050,10389,11661,4289,2233,2056
Urban,State - JHARKHAND,Christian,20-24,23024,10962,12062,3305,2046,1259,1499,875,624,1073,638,435,18220,8041,10179,7603,3703,3900
Urban,State - JHARKHAND,Christian,25-29,20471,9784,10687,6808,4217,2591,1810,1049,761,1229,758,471,11853,4518,7335,5982,2795,3187
Urban,State - JHARKHAND,Christian,30-34,17782,8410,9372,8590,5316,3274,1619,942,677,1073,667,406,7573,2152,5421,3313,1497,1816
Urban,State - JHARKHAND,Christian,35-39,16684,7812,8872,9216,5817,3399,1538,890,648,963,611,352,5930,1105,4825,2002,719,1283
Urban,State - JHARKHAND,Christian,40-49,28398,13796,14602,17349,11008,6341,2179,1233,946,1137,720,417,8870,1555,7315,1747,691,1056
Urban,State - JHARKHAND,Christian,50-59,20146,9754,10392,12516,7697,4819,1139,621,518,438,272,166,6491,1436,5055,583,268,315
Urban,State - JHARKHAND,Christian,60-69,11746,5444,6302,2607,1634,973,639,343,296,192,111,81,8500,3467,5033,331,174,157
Urban,State - JHARKHAND,Christian,70-79,4789,2264,2525,634,407,227,145,81,64,29,17,12,4010,1776,2234,61,33,28
Urban,State - JHARKHAND,Christian,80+,1666,731,935,171,106,65,52,31,21,15,8,7,1443,594,849,27,9,18
Urban,State - JHARKHAND,Christian,Age not stated,1732,847,885,478,283,195,93,54,39,37,21,16,1161,510,651,151,78,73
Urban,State - JHARKHAND,Christian,15-59,150545,71991,78554,58886,36746,22140,10672,6049,4623,6516,3966,2550,80987,29196,51791,25519,11906,13613
Urban,State - JHARKHAND,Christian,60+,18201,8439,9762,3412,2147,1265,836,455,381,236,136,100,13953,5837,8116,419,216,203
Urban,State - JHARKHAND,Sikh,Total,66489,35537,30952,20955,18732,2223,1299,945,354,628,491,137,44235,15860,28375,3904,1912,1992
Urban,State - JHARKHAND,Sikh,5-9,4606,2526,2080,22,16,6,12,7,5,2,0,2,4572,2503,2069,39,21,18
Urban,State - JHARKHAND,Sikh,10-14,5126,2758,2368,58,47,11,26,15,11,10,6,4,5042,2696,2346,112,67,45
Urban,State - JHARKHAND,Sikh,15-19,6369,3652,2717,920,892,28,98,75,23,62,49,13,5351,2685,2666,693,398,295
Urban,State - JHARKHAND,Sikh,20-24,6963,3864,3099,1996,1786,210,186,134,52,121,89,32,4781,1944,2837,1213,677,536
Urban,State - JHARKHAND,Sikh,25-29,6051,3132,2919,2608,2256,352,191,143,48,105,82,23,3252,733,2519,778,390,388
Urban,State - JHARKHAND,Sikh,30-34,5511,3031,2480,2883,2623,260,162,126,36,78,63,15,2466,282,2184,373,132,241
Urban,State - JHARKHAND,Sikh,35-39,5152,2667,2485,2699,2398,301,153,107,46,78,59,19,2300,162,2138,249,78,171
Urban,State - JHARKHAND,Sikh,40-49,9119,4741,4378,4897,4338,559,209,145,64,88,71,17,4013,258,3755,256,64,192
Urban,State - JHARKHAND,Sikh,50-59,6420,3433,2987,3363,3008,355,121,92,29,39,36,3,2936,333,2603,97,34,63
Urban,State - JHARKHAND,Sikh,60-69,4124,2029,2095,1056,955,101,88,64,24,28,24,4,2980,1010,1970,58,34,24
Urban,State - JHARKHAND,Sikh,70-79,1905,981,924,287,266,21,20,14,6,4,2,2,1598,701,897,16,10,6
Urban,State - JHARKHAND,Sikh,80+,795,395,400,76,66,10,10,8,2,2,2,0,709,321,388,6,3,3
Urban,State - JHARKHAND,Sikh,Age not stated,346,184,162,90,81,9,23,15,8,11,8,3,233,88,145,14,4,10
Urban,State - JHARKHAND,Sikh,15-59,45585,24520,21065,19366,17301,2065,1120,822,298,571,449,122,25099,6397,18702,3659,1773,1886
Urban,State - JHARKHAND,Sikh,60+,6824,3405,3419,1419,1287,132,118,86,32,34,28,6,5287,2032,3255,80,47,33
Urban,State - JHARKHAND,Buddhist,Total,2759,1434,1325,773,638,135,110,73,37,56,39,17,1876,723,1153,250,137,113
Urban,State - JHARKHAND,Buddhist,5-9,227,111,116,2,0,2,2,1,1,2,1,1,223,110,113,5,4,1
Urban,State - JHARKHAND,Buddhist,10-14,250,112,138,0,0,0,3,1,2,1,0,1,247,111,136,5,3,2
Urban,State - JHARKHAND,Buddhist,15-19,252,123,129,9,8,1,7,3,4,3,2,1,236,112,124,39,26,13
Urban,State - JHARKHAND,Buddhist,20-24,273,141,132,69,49,20,16,10,6,12,7,5,188,82,106,75,47,28
Urban,State - JHARKHAND,Buddhist,25-29,280,141,139,99,81,18,19,14,5,9,8,1,162,46,116,54,27,27
Urban,State - JHARKHAND,Buddhist,30-34,213,115,98,105,90,15,13,12,1,7,7,0,95,13,82,20,7,13
Urban,State - JHARKHAND,Buddhist,35-39,205,99,106,102,82,20,16,9,7,6,2,4,87,8,79,19,7,12
Urban,State - JHARKHAND,Buddhist,40-49,364,206,158,213,178,35,15,10,5,10,8,2,136,18,118,21,9,12
Urban,State - JHARKHAND,Buddhist,50-59,212,120,92,113,97,16,10,6,4,2,1,1,89,17,72,5,2,3
Urban,State - JHARKHAND,Buddhist,60-69,141,77,64,39,35,4,4,3,1,1,1,0,98,39,59,2,2,0
Urban,State - JHARKHAND,Buddhist,70-79,66,32,34,10,9,1,1,1,0,1,1,0,55,22,33,2,1,1
Urban,State - JHARKHAND,Buddhist,80+,24,12,12,6,5,1,0,0,0,0,0,0,18,7,11,0,0,0
Urban,State - JHARKHAND,Buddhist,Age not stated,42,20,22,6,4,2,4,3,1,2,1,1,32,13,19,3,2,1
Urban,State - JHARKHAND,Buddhist,15-59,1799,945,854,710,585,125,96,64,32,49,35,14,993,296,697,233,125,108
Urban,State - JHARKHAND,Buddhist,60+,231,121,110,55,49,6,5,4,1,2,2,0,171,68,103,4,3,1
Urban,State - JHARKHAND,Jain,Total,11432,5926,5506,3610,3306,304,182,115,67,87,55,32,7640,2505,5135,640,328,312
Urban,State - JHARKHAND,Jain,5-9,782,387,395,6,5,1,5,1,4,3,1,2,771,381,390,10,4,6
Urban,State - JHARKHAND,Jain,10-14,855,472,383,4,3,1,6,5,1,4,3,1,845,464,381,16,10,6
Urban,State - JHARKHAND,Jain,15-19,876,455,421,17,14,3,9,6,3,7,4,3,850,435,415,102,61,41
Urban,State - JHARKHAND,Jain,20-24,999,539,460,159,121,38,22,13,9,14,8,6,818,405,413,241,148,93
Urban,State - JHARKHAND,Jain,25-29,915,443,472,354,305,49,34,25,9,21,16,5,527,113,414,128,61,67
Urban,State - JHARKHAND,Jain,30-34,895,457,438,436,405,31,21,13,8,9,5,4,438,39,399,42,14,28
Urban,State - JHARKHAND,Jain,35-39,891,457,434,465,426,39,21,12,9,13,6,7,405,19,386,30,7,23
Urban,State - JHARKHAND,Jain,40-49,1781,914,867,938,861,77,29,19,10,9,6,3,814,34,780,39,10,29
Urban,State - JHARKHAND,Jain,50-59,1262,678,584,684,637,47,17,9,8,3,2,1,561,32,529,18,7,11
Urban,State - JHARKHAND,Jain,60-69,842,448,394,367,354,13,11,8,3,0,0,0,464,86,378,9,4,5
Urban,State - JHARKHAND,Jain,70-79,440,210,230,129,127,2,3,1,2,1,1,0,308,82,226,3,1,2
Urban,State - JHARKHAND,Jain,80+,155,67,88,20,19,1,0,0,0,0,0,0,135,48,87,1,0,1
Urban,State - JHARKHAND,Jain,Age not stated,90,55,35,31,29,2,4,3,1,3,3,0,55,23,32,1,1,0
Urban,State - JHARKHAND,Jain,15-59,7619,3943,3676,3053,2769,284,153,97,56,76,47,29,4413,1077,3336,600,308,292
Urban,State - JHARKHAND,Jain,60+,1437,725,712,516,500,16,14,9,5,1,1,0,907,216,691,13,5,8
Urban,State - JHARKHAND,Other religious communities,Total,352454,176759,175695,83921,61380,22541,31745,18049,13696,18578,11744,6834,236788,97330,139458,28992,13450,15542
Urban,State - JHARKHAND,Other religious communities,5-9,38509,19750,18759,195,106,89,273,141,132,69,33,36,38041,19503,18538,428,221,207
Urban,State - JHARKHAND,Other religious communities,10-14,42472,21325,21147,698,383,315,886,441,445,295,162,133,40888,20501,20387,1063,554,509
Urban,State - JHARKHAND,Other religious communities,15-19,41837,21063,20774,3875,2573,1302,3110,1789,1321,1883,1152,731,34852,16701,18151,6769,3710,3059
Urban,State - JHARKHAND,Other religious communities,20-24,37615,17949,19666,8456,6156,2300,4580,2693,1887,3066,1960,1106,24579,9100,15479,8245,3975,4270
Urban,State - JHARKHAND,Other religious communities,25-29,32700,16341,16359,12325,9256,3069,4814,2935,1879,3139,2121,1018,15561,4150,11411,5374,2363,3011
Urban,State - JHARKHAND,Other religious communities,30-34,26473,13108,13365,12335,8924,3411,4147,2388,1759,2640,1717,923,9991,1796,8195,2707,1062,1645
Urban,State - JHARKHAND,Other religious communities,35-39,24243,12117,12126,12297,8892,3405,3890,2155,1735,2453,1526,927,8056,1070,6986,1716,560,1156
Urban,State - JHARKHAND,Other religious communities,40-49,36740,18990,17750,19628,14505,5123,5649,3067,2582,3123,1923,1200,11463,1418,10045,1600,513,1087
Urban,State - JHARKHAND,Other religious communities,50-59,21013,10630,10383,10178,7748,2430,2676,1426,1250,1285,785,500,8159,1456,6703,606,251,355
Urban,State - JHARKHAND,Other religious communities,60-69,11897,5659,6238,2784,2011,773,1234,716,518,450,256,194,7879,2932,4947,290,143,147
Urban,State - JHARKHAND,Other religious communities,70-79,3557,1741,1816,543,398,145,238,150,88,70,43,27,2776,1193,1583,67,34,33
Urban,State - JHARKHAND,Other religious communities,80+,1214,560,654,167,130,37,48,29,19,16,11,5,999,401,598,30,12,18
Urban,State - JHARKHAND,Other religious communities,Age not stated,1856,958,898,440,298,142,200,119,81,89,55,34,1216,541,675,97,52,45
Urban,State - JHARKHAND,Other religious communities,15-59,220621,110198,110423,79094,58054,21040,28866,16453,12413,17589,11184,6405,112661,35691,76970,27017,12434,14583
Urban,State - JHARKHAND,Other religious communities,60+,16668,7960,8708,3494,2539,955,1520,895,625,536,310,226,11654,4526,7128,387,189,198
Total,State - ODISHA,All religious communities,Total,41974218,21212136,20762082,10707543,8794413,1913130,6834046,3108242,3725804,3725906,2025159,1700747,24432629,9309481,15123148,2647989,1118027,1529962
Total,State - ODISHA,All religious communities,5-9,4074768,2085339,1989429,20538,11417,9121,41862,20343,21519,9683,4844,4839,4012368,2053579,1958789,33571,17473,16098
Total,State - ODISHA,All religious communities,10-14,4348625,2203535,2145090,71549,44908,26641,200467,95096,105371,81447,40616,40831,4076609,2063531,2013078,114443,62061,52382
Total,State - ODISHA,All religious communities,15-19,3925398,1972684,1952714,453042,332573,120469,772932,398372,374560,494144,281014,213130,2699424,1241739,1457685,719947,392206,327741
Total,State - ODISHA,All religious communities,20-24,3783527,1870939,1912588,976844,777589,199255,982738,503620,479118,643389,382108,261281,1823945,589730,1234215,696179,342288,353891
Total,State - ODISHA,All religious communities,25-29,3574037,1772876,1801161,1343396,1102230,241166,907972,432023,475949,568983,323901,245082,1322669,238623,1084046,408669,156236,252433
Total,State - ODISHA,All religious communities,30-34,3102991,1542233,1560758,1374459,1131486,242973,753231,317280,435951,443030,230680,212350,975301,93467,881834,215931,54967,160964
Total,State - ODISHA,All religious communities,35-39,3051188,1528685,1522503,1450006,1186718,263288,733277,289941,443336,414514,205812,208702,867905,52026,815879,149556,24393,125163
Total,State - ODISHA,All religious communities,40-49,5025504,2600286,2425218,2500197,2062988,437209,1160929,458087,702842,601578,300457,301121,1364378,79211,1285167,161279,25308,135971
Total,State - ODISHA,All religious communities,50-59,3331532,1701815,1629717,1534666,1299118,235548,702336,285755,416581,297140,153233,143907,1094530,116942,977588,76285,15671,60614
Total,State - ODISHA,All religious communities,60-69,2453586,1225484,1228102,723824,621172,102652,425918,215499,210419,133291,78319,54972,1303844,388813,915031,49549,17662,31887
Total,State - ODISHA,All religious communities,70-79,1132870,563929,568941,191768,168034,23734,111205,69279,41926,24531,16062,8469,829897,326616,503281,14049,5886,8163
Total,State - ODISHA,All religious communities,80+,397992,204857,193135,41423,35485,5938,23782,14577,9205,6268,3775,2493,332787,154795,177992,3762,1619,2143
Total,State - ODISHA,All religious communities,Age not stated,119171,61347,57824,25831,20695,5136,17397,8370,9027,7908,4338,3570,75943,32282,43661,4769,2257,2512
Total,State - ODISHA,All religious communities,15-59,25794177,12989518,12804659,9632610,7892702,1739908,6013415,2685078,3328337,3462778,1877205,1585573,10148152,2411738,7736414,2427846,1011069,1416777
Total,State - ODISHA,All religious communities,60+,3984448,1994270,1990178,957015,824691,132324,560905,299355,261550,164090,98156,65934,2466528,870224,1596304,67360,25167,42193
Total,State - ODISHA,Hindu,Total,39300341,19877014,19423327,10066377,8293590,1772787,6371054,2905054,3466000,3461392,1894675,1566717,22862910,8678370,14184540,2499196,1053988,1445208
Total,State - ODISHA,Hindu,5-9,3764879,1927586,1837293,18853,10490,8363,37796,18409,19387,8610,4337,4273,3708230,1898687,1809543,30655,15928,14727
Total,State - ODISHA,Hindu,10-14,4038267,2047323,1990944,65398,41038,24360,184295,87632,96663,74802,37481,37321,3788574,1918653,1869921,106273,57453,48820
Total,State - ODISHA,Hindu,15-19,3652491,1837531,1814960,417188,306824,110364,716223,370176,346047,457754,261807,195947,2519080,1160531,1358549,676043,368508,307535
Total,State - ODISHA,Hindu,20-24,3531615,1749277,1782338,906671,724563,182108,911543,469939,441604,595911,357251,238660,1713401,554775,1158626,657903,323940,333963
Total,State - ODISHA,Hindu,25-29,3347967,1661050,1686917,1254777,1032501,222276,844069,403154,440915,527958,302948,225010,1249121,225395,1023726,387502,148495,239007
Total,State - ODISHA,Hindu,30-34,2919190,1450929,1468261,1291839,1066272,225567,703233,296529,406704,412247,216016,196231,924118,88128,835990,205256,52151,153105
Total,State - ODISHA,Hindu,35-39,2872937,1439935,1433002,1364949,1120047,244902,685115,271091,414024,386191,192994,193197,822873,48797,774076,142089,23027,119062
Total,State - ODISHA,Hindu,40-49,4738992,2453517,2285475,2357778,1950782,406996,1085300,428462,656838,559773,281367,278406,1295914,74273,1221641,153024,23858,129166
Total,State - ODISHA,Hindu,50-59,3155391,1613168,1542223,1454585,1235080,219505,658686,268262,390424,277130,143806,133324,1042120,109826,932294,72357,14767,57590
Total,State - ODISHA,Hindu,60-69,2328182,1165271,1162911,688165,592122,96043,400973,203770,197203,124917,73888,51029,1239044,369379,869665,46773,16672,30101
Total,State - ODISHA,Hindu,70-79,1083138,540567,542571,183584,161295,22289,105714,66223,39491,23152,15295,7857,793840,313049,480791,13342,5589,7753
Total,State - ODISHA,Hindu,80+,381197,196891,184306,39404,33894,5510,22515,13892,8623,5860,3554,2306,319278,149105,170173,3590,1550,2040
Total,State - ODISHA,Hindu,Age not stated,105551,54337,51214,23186,18682,4504,15592,7515,8077,7087,3931,3156,66773,28140,38633,4389,2050,2339
Total,State - ODISHA,Hindu,15-59,24218583,12205407,12013176,9047787,7436069,1611718,5604169,2507613,3096556,3216964,1756189,1460775,9566627,2261725,7304902,2294174,954746,1339428
Total,State - ODISHA,Hindu,60+,3792517,1902729,1889788,911153,787311,123842,529202,283885,245317,153929,92737,61192,2352162,831533,1520629,63705,23811,39894
Total,State - ODISHA,Muslim,Total,911670,465992,445678,219798,201569,18229,67569,44700,22869,32186,24329,7857,624303,219723,404580,63148,27846,35302
Total,State - ODISHA,Muslim,5-9,93398,47614,45784,468,280,188,713,379,334,214,118,96,92217,46955,45262,967,524,443
Total,State - ODISHA,Muslim,10-14,104779,53165,51614,1983,1649,334,2366,1432,934,880,595,285,100430,50084,50346,3628,2202,1426
Total,State - ODISHA,Muslim,15-19,106399,53002,53397,14405,12963,1442,9117,6418,2699,5246,3964,1282,82877,33621,49256,20190,11010,9180
Total,State - ODISHA,Muslim,20-24,96916,48580,48336,27574,25355,2219,11231,8086,3145,6715,5295,1420,58111,15139,42972,16744,8122,8622
Total,State - ODISHA,Muslim,25-29,82627,41973,40654,32369,29991,2378,9474,6462,3012,5126,3971,1155,40784,5520,35264,8809,3174,5635
Total,State - ODISHA,Muslim,30-34,65053,33464,31589,29223,26936,2287,7095,4523,2572,3519,2593,926,28735,2005,26730,4231,1000,3231
Total,State - ODISHA,Muslim,35-39,61719,31722,29997,28843,26351,2492,6854,4156,2698,3149,2261,888,26022,1215,24807,3081,465,2616
Total,State - ODISHA,Muslim,40-49,93250,49582,43668,45271,41523,3748,10128,6196,3932,4229,3147,1082,37851,1863,35988,3087,502,2585
Total,State - ODISHA,Muslim,50-59,55126,29353,25773,24818,22977,1841,5591,3540,2051,1892,1438,454,24717,2836,21881,1252,319,933
Total,State - ODISHA,Muslim,60-69,36870,19112,17758,10464,9619,845,3375,2348,1027,866,689,177,23031,7145,15886,726,326,400
Total,State - ODISHA,Muslim,70-79,17918,8998,8920,2908,2628,280,1079,794,285,187,146,41,13931,5576,8355,225,98,127
Total,State - ODISHA,Muslim,80+,7283,3510,3773,802,694,108,290,207,83,64,51,13,6191,2609,3582,68,31,37
Total,State - ODISHA,Muslim,Age not stated,3109,1600,1509,670,603,67,256,159,97,99,61,38,2183,838,1345,140,73,67
Total,State - ODISHA,Muslim,15-59,561090,287676,273414,202503,186096,16407,59490,39381,20109,29876,22669,7207,299097,62199,236898,57394,24592,32802
Total,State - ODISHA,Muslim,60+,62071,31620,30451,14174,12941,1233,4744,3349,1395,1117,886,231,43153,15330,27823,1019,455,564
Total,State - ODISHA,Christian,Total,1161708,570979,590729,287881,202137,85744,246443,98581,147862,141757,64192,77565,627384,270261,357123,58514,24319,34195
Total,State - ODISHA,Christian,5-9,142786,72216,70570,747,376,371,2410,1127,1283,629,266,363,139629,70713,68916,1336,703,633
Total,State - ODISHA,Christian,10-14,137213,68082,69131,2799,1459,1340,8973,3928,5045,3712,1615,2097,125441,62695,62746,2926,1570,1356
Total,State - ODISHA,Christian,15-19,111990,54204,57786,14572,8488,6084,30079,13531,16548,19280,9243,10037,67339,32185,35154,15918,8325,7593
Total,State - ODISHA,Christian,20-24,102762,48180,54582,29091,18541,10550,37064,15718,21346,24746,11723,13023,36607,13921,22686,14971,7039,7932
Total,State - ODISHA,Christian,25-29,94613,45784,48829,38392,26736,11656,33459,13686,19773,21662,10135,11527,22762,5362,17400,8713,3214,5499
Total,State - ODISHA,Christian,30-34,78405,38083,40322,36486,25915,10571,26462,9919,16543,16380,7164,9216,15457,2249,13208,4533,1270,3263
Total,State - ODISHA,Christian,35-39,77841,38022,39819,39019,27663,11356,25723,9084,16639,15297,6320,8977,13099,1275,11824,2998,570,2428
Total,State - ODISHA,Christian,40-49,128584,64937,63647,67052,48340,18712,40657,14708,25949,22906,9805,13101,20875,1889,18986,3457,573,2884
Total,State - ODISHA,Christian,50-59,79128,39077,40051,37508,27712,9796,23325,8649,14676,10909,4848,6061,18295,2716,15579,1721,376,1345
Total,State - ODISHA,Christian,60-69,58491,27387,31104,16764,12825,3939,13844,6044,7800,4758,2354,2404,27883,8518,19365,1398,443,955
Total,State - ODISHA,Christian,70-79,20550,9475,11075,3538,2729,809,2901,1509,1392,792,407,385,14111,5237,8874,319,125,194
Total,State - ODISHA,Christian,80+,5815,2767,3048,812,594,218,604,298,306,224,104,120,4399,1875,2524,66,22,44
Total,State - ODISHA,Christian,Age not stated,4792,2386,2406,1101,759,342,942,380,562,462,208,254,2749,1247,1502,158,89,69
Total,State - ODISHA,Christian,15-59,673323,328287,345036,262120,183395,78725,216769,85295,131474,131180,59238,71942,194434,59597,134837,52311,21367,30944
Total,State - ODISHA,Christian,60+,84856,39629,45227,21114,16148,4966,17349,7851,9498,5774,2865,2909,46393,15630,30763,1783,590,1193
Total,State - ODISHA,Sikh,Total,21991,11561,10430,6962,6058,904,1151,592,559,508,288,220,13878,4911,8967,1285,561,724
Total,State - ODISHA,Sikh,5-9,1585,866,719,15,10,5,9,5,4,0,0,0,1561,851,710,16,10,6
Total,State - ODISHA,Sikh,10-14,1854,1016,838,38,23,15,27,13,14,13,5,8,1789,980,809,38,17,21
Total,State - ODISHA,Sikh,15-19,1949,1003,946,179,144,35,100,49,51,50,27,23,1670,810,860,272,149,123
Total,State - ODISHA,Sikh,20-24,2084,1067,1017,589,498,91,168,96,72,104,65,39,1327,473,854,432,215,217
Total,State - ODISHA,Sikh,25-29,2063,1032,1031,898,748,150,169,101,68,96,60,36,996,183,813,232,96,136
Total,State - ODISHA,Sikh,30-34,1890,991,899,982,864,118,140,68,72,70,41,29,768,59,709,105,21,84
Total,State - ODISHA,Sikh,35-39,1739,900,839,892,786,106,119,62,57,45,25,20,728,52,676,77,20,57
Total,State - ODISHA,Sikh,40-49,3072,1685,1387,1752,1533,219,185,87,98,66,30,36,1135,65,1070,56,15,41
Total,State - ODISHA,Sikh,50-59,1920,1013,907,979,883,96,135,56,79,42,22,20,806,74,732,27,6,21
Total,State - ODISHA,Sikh,60-69,1256,631,625,448,403,45,55,29,26,10,7,3,753,199,554,19,8,11
Total,State - ODISHA,Sikh,70-79,602,301,301,123,111,12,23,14,9,2,2,0,456,176,280,6,2,4
Total,State - ODISHA,Sikh,80+,247,128,119,38,33,5,6,3,3,1,0,1,203,92,111,2,0,2
Total,State - ODISHA,Sikh,Age not stated,150,74,76,29,22,7,15,9,6,9,4,5,106,43,63,3,2,1
Total,State - ODISHA,Sikh,15-59,14717,7691,7026,6271,5456,815,1016,519,497,473,270,203,7430,1716,5714,1201,522,679
Total,State - ODISHA,Sikh,60+,2105,1060,1045,609,547,62,84,46,38,13,9,4,1412,467,945,27,10,17
Total,State - ODISHA,Buddhist,Total,13852,7216,6636,4108,3168,940,1974,740,1234,658,343,315,7770,3308,4462,686,336,350
Total,State - ODISHA,Buddhist,5-9,1349,695,654,6,4,2,23,11,12,2,1,1,1320,680,640,9,2,7
Total,State - ODISHA,Buddhist,10-14,1505,780,725,37,18,19,64,29,35,15,7,8,1404,733,671,45,24,21
Total,State - ODISHA,Buddhist,15-19,1322,678,644,178,114,64,216,107,109,89,55,34,928,457,471,181,110,71
Total,State - ODISHA,Buddhist,20-24,1319,684,635,397,314,83,318,138,180,137,78,59,604,232,372,220,116,104
Total,State - ODISHA,Buddhist,25-29,1197,601,596,538,398,140,281,122,159,125,73,52,378,81,297,117,47,70
Total,State - ODISHA,Buddhist,30-34,1040,560,480,577,443,134,199,76,123,80,39,41,264,41,223,38,15,23
Total,State - ODISHA,Buddhist,35-39,921,478,443,544,408,136,190,49,141,62,25,37,187,21,166,24,6,18
Total,State - ODISHA,Buddhist,40-49,1475,797,678,867,684,183,303,83,220,79,34,45,305,30,275,21,5,16
Total,State - ODISHA,Buddhist,50-59,1030,546,484,546,444,102,194,50,144,41,22,19,290,52,238,8,3,5
Total,State - ODISHA,Buddhist,60-69,775,385,390,277,229,48,109,41,68,18,6,12,389,115,274,19,6,13
Total,State - ODISHA,Buddhist,70-79,451,239,212,97,80,17,51,26,25,5,2,3,303,133,170,2,1,1
Total,State - ODISHA,Buddhist,80+,161,77,84,23,15,8,12,3,9,2,0,2,126,59,67,1,0,1
Total,State - ODISHA,Buddhist,Age not stated,101,60,41,21,17,4,14,5,9,3,1,2,66,38,28,1,1,0
Total,State - ODISHA,Buddhist,15-59,8304,4344,3960,3647,2805,842,1701,625,1076,613,326,287,2956,914,2042,609,302,307
Total,State - ODISHA,Buddhist,60+,1387,701,686,397,324,73,172,70,102,25,8,17,818,307,511,22,7,15
Total,State - ODISHA,Jain,Total,9420,4885,4535,2830,2575,255,491,251,240,244,145,99,6099,2059,4040,575,247,328
Total,State - ODISHA,Jain,5-9,747,397,350,7,3,4,7,4,3,1,1,0,733,390,343,2,0,2
Total,State - ODISHA,Jain,10-14,814,419,395,16,11,5,14,11,3,3,3,0,784,397,387,12,9,3
Total,State - ODISHA,Jain,15-19,758,397,361,42,33,9,55,27,28,37,20,17,661,337,324,140,82,58
Total,State - ODISHA,Jain,20-24,876,445,431,190,168,22,88,48,40,59,35,24,598,229,369,210,97,113
Total,State - ODISHA,Jain,25-29,825,422,403,363,324,39,54,32,22,30,21,9,408,66,342,88,34,54
Total,State - ODISHA,Jain,30-34,825,423,402,396,359,37,61,32,29,31,20,11,368,32,336,35,10,25
Total,State - ODISHA,Jain,35-39,682,350,332,343,317,26,43,20,23,21,12,9,296,13,283,26,3,23
Total,State - ODISHA,Jain,40-49,1324,676,648,701,632,69,62,24,38,33,16,17,561,20,541,39,6,33
Total,State - ODISHA,Jain,50-59,884,480,404,466,439,27,54,24,30,18,12,6,364,17,347,16,3,13
Total,State - ODISHA,Jain,60-69,578,310,268,225,212,13,42,24,18,8,3,5,311,74,237,6,2,4
Total,State - ODISHA,Jain,70-79,254,125,129,61,58,3,10,4,6,2,1,1,183,63,120,0,0,0
Total,State - ODISHA,Jain,80+,114,58,56,16,15,1,0,0,0,0,0,0,98,43,55,0,0,0
Total,State - ODISHA,Jain,Age not stated,22,12,10,4,4,0,1,1,0,1,1,0,17,7,10,1,1,0
Total,State - ODISHA,Jain,15-59,6174,3193,2981,2501,2272,229,417,207,210,229,136,93,3256,714,2542,554,235,319
Total,State - ODISHA,Jain,60+,946,493,453,302,285,17,52,28,24,10,4,6,592,180,412,6,2,4
Total,State - ODISHA,Other religious communities,Total,478317,235607,242710,105233,75020,30213,135406,53771,81635,83629,38317,45312,237678,106816,130862,19202,7983,11219
Total,State - ODISHA,Other religious communities,5-9,60899,31215,29684,304,163,141,731,325,406,183,95,88,59864,30727,29137,469,254,215
Total,State - ODISHA,Other religious communities,10-14,55189,27908,27281,1051,583,468,4315,1847,2468,1857,825,1032,49823,25478,24345,1328,678,650
Total,State - ODISHA,Other religious communities,15-19,43050,22065,20985,5407,3330,2077,15742,7346,8396,10810,5414,5396,21901,11389,10512,5755,3232,2523
Total,State - ODISHA,Other religious communities,20-24,41161,19216,21945,10496,6847,3649,20675,8735,11940,14600,7010,7590,9990,3634,6356,4374,2026,2348
Total,State - ODISHA,Other religious communities,25-29,39146,19094,20052,14020,9999,4021,19140,7820,11320,13145,6228,6917,5986,1275,4711,2395,772,1623
Total,State - ODISHA,Other religious communities,30-34,32199,15669,16530,13171,9390,3781,15032,5722,9310,10109,4530,5579,3996,557,3439,1318,311,1007
Total,State - ODISHA,Other religious communities,35-39,31518,15391,16127,13757,9907,3850,14388,5140,9248,9248,3943,5305,3373,344,3029,939,157,782
Total,State - ODISHA,Other religious communities,40-49,53119,26401,26718,24323,17723,6600,22992,8048,14944,13820,5752,8068,5804,630,5174,1238,182,1056
Total,State - ODISHA,Other religious communities,50-59,34236,16455,17781,14254,10519,3735,13542,4879,8663,6750,2938,3812,6440,1057,5383,756,140,616
Total,State - ODISHA,Other religious communities,60-69,24160,11061,13099,6783,5271,1512,7036,3039,3997,2550,1289,1261,10341,2751,7590,473,158,315
Total,State - ODISHA,Other religious communities,70-79,8193,3488,4705,1270,990,280,1299,640,659,359,192,167,5624,1858,3766,117,55,62
Total,State - ODISHA,Other religious communities,80+,2349,1053,1296,249,183,66,303,146,157,100,58,42,1797,724,1073,25,13,12
Total,State - ODISHA,Other religious communities,Age not stated,1569,766,803,148,115,33,211,84,127,98,43,55,1210,567,643,15,5,10
Total,State - ODISHA,Other religious communities,15-59,274429,134291,140138,95428,67715,27713,121511,47690,73821,78482,35815,42667,57490,18886,38604,16775,6820,9955
Total,State - ODISHA,Other religious communities,60+,34702,15602,19100,8302,6444,1858,8638,3825,4813,3009,1539,1470,17762,5333,12429,615,226,389
Rural,State - ODISHA,All religious communities,Total,34970562,17586203,17384359,8623947,7045991,1577956,6479767,2895583,3584184,3560459,1914028,1646431,19866848,7644629,12222219,2108443,861961,1246482
Rural,State - ODISHA,All religious communities,5-9,3494942,1782516,1712426,16509,8998,7511,36767,17655,19112,8413,4150,4263,3441666,1755863,1685803,28315,14641,13674
Rural,State - ODISHA,All religious communities,10-14,3705396,1872543,1832853,59879,36983,22896,189887,89342,100545,77648,38414,39234,3455630,1746218,1709412,97429,52366,45063
Rural,State - ODISHA,All religious communities,15-19,3240171,1616989,1623182,379590,274738,104852,735256,374919,360337,471675,266217,205458,2125325,967332,1157993,588148,317878,270270
Rural,State - ODISHA,All religious communities,20-24,3078847,1513663,1565184,794553,627920,166633,927816,467731,460085,608564,357779,250785,1356478,418012,938466,528701,253213,275488
Rural,State - ODISHA,All religious communities,25-29,2918990,1446384,1472606,1072539,876551,195988,857058,399810,457248,539767,303598,236169,989393,170023,819370,310490,112601,197889
Rural,State - ODISHA,All religious communities,30-34,2520189,1247203,1272986,1086427,888051,198376,711696,292390,419306,422348,216619,205729,722066,66762,655304,169593,39549,130044
Rural,State - ODISHA,All religious communities,35-39,2487391,1242592,1244799,1151676,936395,215281,694975,268631,426344,397362,194717,202645,640740,37566,603174,120027,17652,102375
Rural,State - ODISHA,All religious communities,40-49,4101912,2109121,1992791,1978717,1624322,354395,1103343,426030,677313,579768,286220,293548,1019852,58769,961083,135807,19186,116621
Rural,State - ODISHA,All religious communities,50-59,2751692,1383940,1367752,1223704,1030890,192814,670871,267933,402938,288420,147539,140881,857117,85117,772000,66993,12320,54673
Rural,State - ODISHA,All religious communities,60-69,2121114,1051971,1069143,637636,547758,89878,408358,204580,203778,129514,75729,53785,1075120,299633,775487,43646,14460,29186
Rural,State - ODISHA,All religious communities,70-79,980596,486817,493779,168626,148218,20408,105664,65526,40138,23710,15488,8222,706306,273073,433233,12611,5167,7444
Rural,State - ODISHA,All religious communities,80+,337943,175428,162515,34530,29685,4845,22189,13594,8595,5946,3590,2356,281224,132149,149075,3125,1328,1797
Rural,State - ODISHA,All religious communities,Age not stated,95210,48470,46740,19561,15482,4079,15887,7442,8445,7324,3968,3356,59762,25546,34216,3558,1600,1958
Rural,State - ODISHA,All religious communities,15-59,21099192,10559892,10539300,7687206,6258867,1428339,5701015,2497444,3203571,3307904,1772689,1535215,7710971,1803581,5907390,1919759,772399,1147360
Rural,State - ODISHA,All religious communities,60+,3439653,1714216,1725437,840792,725661,115131,536211,283700,252511,159170,94807,64363,2062650,704855,1357795,59382,20955,38427
Rural,State - ODISHA,Hindu,Total,32954796,16587340,16367456,8162806,6698600,1464206,6050383,2714252,3336131,3310726,1793806,1516920,18741607,7174488,11567119,2006302,819319,1186983
Rural,State - ODISHA,Hindu,5-9,3248472,1657294,1591178,15254,8331,6923,33282,16042,17240,7474,3719,3755,3199936,1632921,1567015,25967,13403,12564
Rural,State - ODISHA,Hindu,10-14,3466295,1752287,1714008,55249,34290,20959,175025,82682,92343,71429,35553,35876,3236021,1635315,1600706,91258,48943,42315
Rural,State - ODISHA,Hindu,15-19,3040913,1518704,1522209,353645,257324,96321,682788,349588,333200,437583,248567,189016,2004480,911792,1092688,556975,301197,255778
Rural,State - ODISHA,Hindu,20-24,2897531,1427292,1470239,744619,592309,152310,862198,437952,424246,564288,335225,229063,1290714,397031,893683,504213,241642,262571
Rural,State - ODISHA,Hindu,25-29,2754709,1365476,1389233,1009482,828791,180691,798119,374245,423874,501385,284492,216893,947108,162440,784668,297190,108066,189124
Rural,State - ODISHA,Hindu,30-34,2386556,1181671,1204885,1028336,843908,184428,665466,274088,391378,393344,203198,190146,692754,63675,629079,162515,37903,124612
Rural,State - ODISHA,Hindu,35-39,2356488,1178051,1178437,1091044,890404,200640,650331,251941,398390,370480,182884,187596,615113,35706,579407,114979,16835,98144
Rural,State - ODISHA,Hindu,40-49,3889361,2001545,1887816,1876770,1546368,330402,1032671,399443,633228,539712,268322,271390,979920,55734,924186,129691,18265,111426
Rural,State - ODISHA,Hindu,50-59,2619328,1318876,1300452,1166149,986185,179964,629842,252068,377774,269117,138614,130503,823337,80623,742714,63778,11663,52115
Rural,State - ODISHA,Hindu,60-69,2021666,1005028,1016638,609205,524996,84209,384765,193750,191015,121381,71470,49911,1027696,286282,741414,41397,13734,27663
Rural,State - ODISHA,Hindu,70-79,942092,469036,473056,162286,143026,19260,100569,62753,37816,22389,14766,7623,679237,263257,415980,12027,4927,7100
Rural,State - ODISHA,Hindu,80+,325707,169583,156124,33112,28576,4536,21057,12995,8062,5572,3391,2181,271538,128012,143526,2996,1276,1720
Rural,State - ODISHA,Hindu,Age not stated,84807,43141,41666,17655,14092,3563,14270,6705,7565,6572,3605,2967,52882,22344,30538,3316,1465,1851
Rural,State - ODISHA,Hindu,15-59,19944886,9991615,9953271,7270045,5945289,1324756,5321415,2339325,2982090,3075909,1661302,1414607,7353426,1707001,5646425,1829341,735571,1093770
Rural,State - ODISHA,Hindu,60+,3289465,1643647,1645818,804603,696598,108005,506391,269498,236893,149342,89627,59715,1978471,677551,1300920,56420,19937,36483
Rural,State - ODISHA,Muslim,Total,501056,252294,248762,109263,100436,8827,48009,30803,17206,24113,18246,5867,343784,121055,222729,36113,15529,20584
Rural,State - ODISHA,Muslim,5-9,53246,26929,26317,186,108,78,348,182,166,133,72,61,52712,26639,26073,561,296,265
Rural,State - ODISHA,Muslim,10-14,60586,30297,30289,860,709,151,1520,890,630,604,399,205,58206,28698,29508,2145,1299,846
Rural,State - ODISHA,Muslim,15-19,58417,28522,29895,6900,6217,683,6273,4383,1890,3781,2916,865,45244,17922,27322,12037,6484,5553
Rural,State - ODISHA,Muslim,20-24,50827,25193,25634,13401,12409,992,7798,5489,2309,4864,3863,1001,29628,7295,22333,8941,4327,4614
Rural,State - ODISHA,Muslim,25-29,43047,21655,21392,15883,14747,1136,6544,4331,2213,3706,2890,816,20620,2577,18043,4712,1614,3098
Rural,State - ODISHA,Muslim,30-34,33919,17002,16917,14175,13055,1120,5018,3038,1980,2638,1932,706,14726,909,13817,2412,497,1915
Rural,State - ODISHA,Muslim,35-39,32837,16516,16321,14336,13129,1207,4873,2822,2051,2440,1734,706,13628,565,13063,1806,250,1556
Rural,State - ODISHA,Muslim,40-49,50208,26219,23989,22695,20891,1804,7549,4398,3151,3405,2499,906,19964,930,19034,1968,282,1686
Rural,State - ODISHA,Muslim,50-59,30259,15606,14653,12499,11563,936,4224,2574,1650,1530,1152,378,13536,1469,12067,856,197,659
Rural,State - ODISHA,Muslim,60-69,21932,11095,10837,5902,5416,486,2640,1828,812,749,597,152,13390,3851,9539,437,174,263
Rural,State - ODISHA,Muslim,70-79,11219,5568,5651,1695,1555,140,855,625,230,150,116,34,8669,3388,5281,144,61,83
Rural,State - ODISHA,Muslim,80+,4392,2139,2253,426,364,62,199,142,57,44,34,10,3767,1633,2134,42,19,23
Rural,State - ODISHA,Muslim,Age not stated,1489,768,721,305,273,32,168,101,67,69,42,27,1016,394,622,52,29,23
Rural,State - ODISHA,Muslim,15-59,299514,150713,148801,99889,92011,7878,42279,27035,15244,22364,16986,5378,157346,31667,125679,32732,13651,19081
Rural,State - ODISHA,Muslim,60+,37543,18802,18741,8023,7335,688,3694,2595,1099,943,747,196,25826,8872,16954,623,254,369
Rural,State - ODISHA,Christian,Total,975101,479725,495376,234968,163447,71521,235743,92529,143214,136677,61068,75609,504390,223749,280641,43127,17310,25817
Rural,State - ODISHA,Christian,5-9,125062,63223,61839,650,319,331,2259,1040,1219,608,256,352,122153,61864,60289,1226,650,576
Rural,State - ODISHA,Christian,10-14,116267,58037,58230,2518,1292,1226,8631,3723,4908,3617,1564,2053,105118,53022,52096,2548,1368,1180
Rural,State - ODISHA,Christian,15-19,92348,44907,47441,12789,7330,5459,29075,12947,16128,18671,8877,9794,50484,24630,25854,12340,6390,5950
Rural,State - ODISHA,Christian,20-24,84284,39378,44906,24600,15322,9278,35501,14786,20715,23771,11109,12662,24183,9270,14913,10312,4737,5575
Rural,State - ODISHA,Christian,25-29,77933,37996,39937,31628,21860,9768,31911,12811,19100,20725,9564,11161,14394,3325,11069,5704,1926,3778
Rural,State - ODISHA,Christian,30-34,64118,31161,32957,29312,20622,8690,25136,9160,15976,15686,6719,8967,9670,1379,8291,3088,736,2352
Rural,State - ODISHA,Christian,35-39,63685,31185,32500,31242,21967,9275,24515,8422,16093,14715,5961,8754,7928,796,7132,2111,340,1771
Rural,State - ODISHA,Christian,40-49,105008,52986,52022,53073,38004,15069,38765,13718,25047,22159,9358,12801,13170,1264,11906,2659,351,2308
Rural,State - ODISHA,Christian,50-59,64661,31582,33079,29484,21659,7825,22368,8130,14238,10637,4681,5956,12809,1793,11016,1473,272,1201
Rural,State - ODISHA,Christian,60-69,50291,23541,26750,14970,11500,3470,13360,5745,7615,4661,2290,2371,21961,6296,15665,1205,345,860
Rural,State - ODISHA,Christian,70-79,17293,7948,9345,3115,2438,677,2765,1416,1349,774,395,379,11413,4094,7319,285,107,178
Rural,State - ODISHA,Christian,80+,4704,2277,2427,663,505,158,570,282,288,213,100,113,3471,1490,1981,51,18,33
Rural,State - ODISHA,Christian,Age not stated,4059,2036,2023,924,629,295,887,349,538,440,194,246,2248,1058,1190,125,70,55
Rural,State - ODISHA,Christian,15-59,552037,269195,282842,212128,146764,65364,207271,79974,127297,126364,56269,70095,132638,42457,90181,37687,14752,22935
Rural,State - ODISHA,Christian,60+,72288,33766,38522,18748,14443,4305,16695,7443,9252,5648,2785,2863,36845,11880,24965,1541,470,1071
Rural,State - ODISHA,Sikh,Total,5102,2671,2431,1426,1191,235,724,344,380,365,190,175,2952,1136,1816,316,130,186
Rural,State - ODISHA,Sikh,5-9,460,252,208,6,4,2,6,3,3,0,0,0,448,245,203,7,5,2
Rural,State - ODISHA,Sikh,10-14,475,248,227,4,4,0,16,7,9,8,2,6,455,237,218,9,4,5
Rural,State - ODISHA,Sikh,15-19,395,192,203,54,42,12,59,22,37,38,17,21,282,128,154,79,43,36
Rural,State - ODISHA,Sikh,20-24,459,227,232,135,110,25,99,52,47,64,38,26,225,65,160,93,41,52
Rural,State - ODISHA,Sikh,25-29,461,234,227,190,152,38,99,51,48,66,36,30,172,31,141,53,17,36
Rural,State - ODISHA,Sikh,30-34,428,220,208,196,164,32,95,44,51,50,29,21,137,12,125,20,5,15
Rural,State - ODISHA,Sikh,35-39,382,220,162,197,176,21,74,36,38,36,17,19,111,8,103,17,4,13
Rural,State - ODISHA,Sikh,40-49,599,354,245,347,289,58,116,54,62,50,23,27,136,11,125,14,5,9
Rural,State - ODISHA,Sikh,50-59,405,196,209,172,146,26,86,33,53,35,18,17,147,17,130,12,2,10
Rural,State - ODISHA,Sikh,60-69,277,130,147,84,69,15,41,22,19,8,6,2,152,39,113,6,1,5
Rural,State - ODISHA,Sikh,70-79,141,65,76,23,20,3,14,10,4,1,1,0,104,35,69,3,2,1
Rural,State - ODISHA,Sikh,80+,51,30,21,6,6,0,5,2,3,1,0,1,40,22,18,1,0,1
Rural,State - ODISHA,Sikh,Age not stated,91,47,44,12,9,3,14,8,6,8,3,5,65,30,35,2,1,1
Rural,State - ODISHA,Sikh,15-59,3129,1643,1486,1291,1079,212,628,292,336,339,178,161,1210,272,938,288,117,171
Rural,State - ODISHA,Sikh,60+,469,225,244,113,95,18,60,34,26,10,7,3,296,96,200,10,3,7
Rural,State - ODISHA,Buddhist,Total,11726,6119,5607,3477,2651,826,1870,677,1193,612,310,302,6379,2791,3588,500,247,253
Rural,State - ODISHA,Buddhist,5-9,1150,596,554,3,3,0,23,11,12,2,1,1,1124,582,542,8,2,6
Rural,State - ODISHA,Buddhist,10-14,1285,664,621,31,16,15,58,26,32,15,7,8,1196,622,574,34,18,16
Rural,State - ODISHA,Buddhist,15-19,1113,569,544,157,99,58,204,97,107,82,49,33,752,373,379,144,88,56
Rural,State - ODISHA,Buddhist,20-24,1099,576,523,344,273,71,299,125,174,126,71,55,456,178,278,149,84,65
Rural,State - ODISHA,Buddhist,25-29,999,511,488,458,338,120,262,111,151,113,65,48,279,62,217,82,33,49
Rural,State - ODISHA,Buddhist,30-34,861,463,398,486,366,120,192,71,121,77,36,41,183,26,157,22,5,17
Rural,State - ODISHA,Buddhist,35-39,770,391,379,449,330,119,180,44,136,57,21,36,141,17,124,18,4,14
Rural,State - ODISHA,Buddhist,40-49,1208,644,564,705,546,159,285,73,212,73,31,42,218,25,193,15,4,11
Rural,State - ODISHA,Buddhist,50-59,886,461,425,466,372,94,186,47,139,39,20,19,234,42,192,8,3,5
Rural,State - ODISHA,Buddhist,60-69,671,335,336,245,204,41,105,38,67,18,6,12,321,93,228,16,4,12
Rural,State - ODISHA,Buddhist,70-79,405,219,186,91,74,17,50,26,24,5,2,3,264,119,145,2,1,1
Rural,State - ODISHA,Buddhist,80+,142,70,72,22,14,8,12,3,9,2,0,2,108,53,55,1,0,1
Rural,State - ODISHA,Buddhist,Age not stated,93,57,36,20,16,4,14,5,9,3,1,2,59,36,23,1,1,0
Rural,State - ODISHA,Buddhist,15-59,6936,3615,3321,3065,2324,741,1608,568,1040,567,293,274,2263,723,1540,438,221,217
Rural,State - ODISHA,Buddhist,60+,1218,624,594,358,292,66,167,67,100,25,8,17,693,265,428,19,5,14
Rural,State - ODISHA,Jain,Total,3154,1620,1534,810,727,83,298,124,174,162,83,79,2046,769,1277,191,87,104
Rural,State - ODISHA,Jain,5-9,308,163,145,2,0,2,0,0,0,0,0,0,306,163,143,1,0,1
Rural,State - ODISHA,Jain,10-14,335,164,171,7,4,3,8,5,3,3,3,0,320,155,165,4,2,2
Rural,State - ODISHA,Jain,15-19,267,138,129,22,16,6,34,13,21,23,9,14,211,109,102,48,31,17
Rural,State - ODISHA,Jain,20-24,290,139,151,63,57,6,50,24,26,31,18,13,177,58,119,69,33,36
Rural,State - ODISHA,Jain,25-29,239,125,114,99,92,7,31,15,16,17,12,5,109,18,91,19,9,10
Rural,State - ODISHA,Jain,30-34,270,140,130,117,107,10,41,19,22,24,14,10,112,14,98,15,5,10
Rural,State - ODISHA,Jain,35-39,208,115,93,104,96,8,33,14,19,19,10,9,71,5,66,11,2,9
Rural,State - ODISHA,Jain,40-49,361,178,183,183,160,23,43,10,33,24,8,16,135,8,127,12,3,9
Rural,State - ODISHA,Jain,50-59,230,119,111,118,107,11,27,9,18,13,7,6,85,3,82,8,1,7
Rural,State - ODISHA,Jain,60-69,209,108,101,71,65,6,24,14,10,7,2,5,114,29,85,4,1,3
Rural,State - ODISHA,Jain,70-79,79,42,37,19,19,0,7,1,6,1,0,1,53,22,31,0,0,0
Rural,State - ODISHA,Jain,80+,40,23,17,3,2,1,0,0,0,0,0,0,37,21,16,0,0,0
Rural,State - ODISHA,Jain,Age not stated,10,5,5,2,2,0,0,0,0,0,0,0,8,3,5,0,0,0
Rural,State - ODISHA,Jain,15-59,1865,954,911,706,635,71,259,104,155,151,78,73,900,215,685,182,84,98
Rural,State - ODISHA,Jain,60+,328,173,155,93,86,7,31,15,16,8,2,6,204,72,132,4,1,3
Rural,State - ODISHA,Other religious communities,Total,461854,227641,234213,101041,71913,29128,133837,52907,80930,82721,37756,44965,226976,102821,124155,18104,7469,10635
Rural,State - ODISHA,Other religious communities,5-9,59096,30326,28770,297,160,137,703,308,395,162,81,81,58096,29858,28238,455,249,206
Rural,State - ODISHA,Other religious communities,10-14,53080,27010,26070,1022,566,456,4262,1822,2440,1822,807,1015,47796,24622,23174,1276,643,633
Rural,State - ODISHA,Other religious communities,15-19,41163,21156,20007,5205,3200,2005,15546,7228,8318,10685,5343,5342,20412,10728,9684,5462,3077,2385
Rural,State - ODISHA,Other religious communities,20-24,39455,18410,21045,10057,6542,3515,20409,8570,11839,14416,6885,7531,8989,3298,5691,4030,1858,2172
Rural,State - ODISHA,Other religious communities,25-29,37757,18426,19331,13439,9590,3849,18934,7699,11235,12997,6130,6867,5384,1137,4247,2201,683,1518
Rural,State - ODISHA,Other religious communities,30-34,30999,15106,15893,12605,8972,3633,14856,5627,9229,9988,4450,5538,3538,507,3031,1243,281,962
Rural,State - ODISHA,Other religious communities,35-39,30382,14852,15530,13175,9475,3700,14216,5057,9159,9148,3881,5267,2991,320,2671,887,145,742
Rural,State - ODISHA,Other religious communities,40-49,51188,25392,25796,23246,16894,6352,22738,7917,14821,13703,5691,8012,5204,581,4623,1195,170,1025
Rural,State - ODISHA,Other religious communities,50-59,33198,15932,17266,13757,10125,3632,13409,4818,8591,6713,2914,3799,6032,989,5043,736,136,600
Rural,State - ODISHA,Other religious communities,60-69,23556,10754,12802,6624,5145,1479,6971,3000,3971,2535,1282,1253,9961,2609,7352,466,156,310
Rural,State - ODISHA,Other religious communities,70-79,7998,3401,4597,1243,967,276,1286,632,654,359,192,167,5469,1802,3667,113,53,60
Rural,State - ODISHA,Other religious communities,80+,2292,1029,1263,239,176,63,300,146,154,98,58,40,1753,707,1046,25,13,12
Rural,State - ODISHA,Other religious communities,Age not stated,1513,741,772,132,101,31,207,83,124,95,42,53,1174,557,617,15,5,10
Rural,State - ODISHA,Other religious communities,15-59,264142,129274,134868,91484,64798,26686,120108,46916,73192,77650,35294,42356,52550,17560,34990,15754,6350,9404
Rural,State - ODISHA,Other religious communities,60+,33846,15184,18662,8106,6288,1818,8557,3778,4779,2992,1532,1460,17183,5118,12065,604,222,382
Urban,State - ODISHA,All religious communities,Total,7003656,3625933,3377723,2083596,1748422,335174,354279,212659,141620,165447,111131,54316,4565781,1664852,2900929,539546,256066,283480
Urban,State - ODISHA,All religious communities,5-9,579826,302823,277003,4029,2419,1610,5095,2688,2407,1270,694,576,570702,297716,272986,5256,2832,2424
Urban,State - ODISHA,All religious communities,10-14,643229,330992,312237,11670,7925,3745,10580,5754,4826,3799,2202,1597,620979,317313,303666,17014,9695,7319
Urban,State - ODISHA,All religious communities,15-19,685227,355695,329532,73452,57835,15617,37676,23453,14223,22469,14797,7672,574099,274407,299692,131799,74328,57471
Urban,State - ODISHA,All religious communities,20-24,704680,357276,347404,182291,149669,32622,54922,35889,19033,34825,24329,10496,467467,171718,295749,167478,89075,78403
Urban,State - ODISHA,All religious communities,25-29,655047,326492,328555,270857,225679,45178,50914,32213,18701,29216,20303,8913,333276,68600,264676,98179,43635,54544
Urban,State - ODISHA,All religious communities,30-34,582802,295030,287772,288032,243435,44597,41535,24890,16645,20682,14061,6621,253235,26705,226530,46338,15418,30920
Urban,State - ODISHA,All religious communities,35-39,563797,286093,277704,298330,250323,48007,38302,21310,16992,17152,11095,6057,227165,14460,212705,29529,6741,22788
Urban,State - ODISHA,All religious communities,40-49,923592,491165,432427,521480,438666,82814,57586,32057,25529,21810,14237,7573,344526,20442,324084,25472,6122,19350
Urban,State - ODISHA,All religious communities,50-59,579840,317875,261965,310962,268228,42734,31465,17822,13643,8720,5694,3026,237413,31825,205588,9292,3351,5941
Urban,State - ODISHA,All religious communities,60-69,332472,173513,158959,86188,73414,12774,17560,10919,6641,3777,2590,1187,228724,89180,139544,5903,3202,2701
Urban,State - ODISHA,All religious communities,70-79,152274,77112,75162,23142,19816,3326,5541,3753,1788,821,574,247,123591,53543,70048,1438,719,719
Urban,State - ODISHA,All religious communities,80+,60049,29429,30620,6893,5800,1093,1593,983,610,322,185,137,51563,22646,28917,637,291,346
Urban,State - ODISHA,All religious communities,Age not stated,23961,12877,11084,6270,5213,1057,1510,928,582,584,370,214,16181,6736,9445,1211,657,554
Urban,State - ODISHA,All religious communities,15-59,4694985,2429626,2265359,1945404,1633835,311569,312400,187634,124766,154874,104516,50358,2437181,608157,1829024,508087,238670,269417
Urban,State - ODISHA,All religious communities,60+,544795,280054,264741,116223,99030,17193,24694,15655,9039,4920,3349,1571,403878,165369,238509,7978,4212,3766
Urban,State - ODISHA,Hindu,Total,6345545,3289674,3055871,1903571,1594990,308581,320671,190802,129869,150666,100869,49797,4121303,1503882,2617421,492894,234669,258225
Urban,State - ODISHA,Hindu,5-9,516407,270292,246115,3599,2159,1440,4514,2367,2147,1136,618,518,508294,265766,242528,4688,2525,2163
Urban,State - ODISHA,Hindu,10-14,571972,295036,276936,10149,6748,3401,9270,4950,4320,3373,1928,1445,552553,283338,269215,15015,8510,6505
Urban,State - ODISHA,Hindu,15-19,611578,318827,292751,63543,49500,14043,33435,20588,12847,20171,13240,6931,514600,248739,265861,119068,67311,51757
Urban,State - ODISHA,Hindu,20-24,634084,321985,312099,162052,132254,29798,49345,31987,17358,31623,22026,9597,422687,157744,264943,153690,82298,71392
Urban,State - ODISHA,Hindu,25-29,593258,295574,297684,245295,203710,41585,45950,28909,17041,26573,18456,8117,302013,62955,239058,90312,40429,49883
Urban,State - ODISHA,Hindu,30-34,532634,269258,263376,263503,222364,41139,37767,22441,15326,18903,12818,6085,231364,24453,206911,42741,14248,28493
Urban,State - ODISHA,Hindu,35-39,516449,261884,254565,273905,229643,44262,34784,19150,15634,15711,10110,5601,207760,13091,194669,27110,6192,20918
Urban,State - ODISHA,Hindu,40-49,849631,451972,397659,481008,404414,76594,52629,29019,23610,20061,13045,7016,315994,18539,297455,23333,5593,17740
Urban,State - ODISHA,Hindu,50-59,536063,294292,241771,288436,248895,39541,28844,16194,12650,8013,5192,2821,218783,29203,189580,8579,3104,5475
Urban,State - ODISHA,Hindu,60-69,306516,160243,146273,78960,67126,11834,16208,10020,6188,3536,2418,1118,211348,83097,128251,5376,2938,2438
Urban,State - ODISHA,Hindu,70-79,141046,71531,69515,21298,18269,3029,5145,3470,1675,763,529,234,114603,49792,64811,1315,662,653
Urban,State - ODISHA,Hindu,80+,55490,27308,28182,6292,5318,974,1458,897,561,288,163,125,47740,21093,26647,594,274,320
Urban,State - ODISHA,Hindu,Age not stated,20744,11196,9548,5531,4590,941,1322,810,512,515,326,189,13891,5796,8095,1073,585,488
Urban,State - ODISHA,Hindu,15-59,4273697,2213792,2059905,1777742,1490780,286962,282754,168288,114466,141055,94887,46168,2213201,554724,1658477,464833,219175,245658
Urban,State - ODISHA,Hindu,60+,503052,259082,243970,106550,90713,15837,22811,14387,8424,4587,3110,1477,373691,153982,219709,7285,3874,3411
Urban,State - ODISHA,Muslim,Total,410614,213698,196916,110535,101133,9402,19560,13897,5663,8073,6083,1990,280519,98668,181851,27035,12317,14718
Urban,State - ODISHA,Muslim,5-9,40152,20685,19467,282,172,110,365,197,168,81,46,35,39505,20316,19189,406,228,178
Urban,State - ODISHA,Muslim,10-14,44193,22868,21325,1123,940,183,846,542,304,276,196,80,42224,21386,20838,1483,903,580
Urban,State - ODISHA,Muslim,15-19,47982,24480,23502,7505,6746,759,2844,2035,809,1465,1048,417,37633,15699,21934,8153,4526,3627
Urban,State - ODISHA,Muslim,20-24,46089,23387,22702,14173,12946,1227,3433,2597,836,1851,1432,419,28483,7844,20639,7803,3795,4008
Urban,State - ODISHA,Muslim,25-29,39580,20318,19262,16486,15244,1242,2930,2131,799,1420,1081,339,20164,2943,17221,4097,1560,2537
Urban,State - ODISHA,Muslim,30-34,31134,16462,14672,15048,13881,1167,2077,1485,592,881,661,220,14009,1096,12913,1819,503,1316
Urban,State - ODISHA,Muslim,35-39,28882,15206,13676,14507,13222,1285,1981,1334,647,709,527,182,12394,650,11744,1275,215,1060
Urban,State - ODISHA,Muslim,40-49,43042,23363,19679,22576,20632,1944,2579,1798,781,824,648,176,17887,933,16954,1119,220,899
Urban,State - ODISHA,Muslim,50-59,24867,13747,11120,12319,11414,905,1367,966,401,362,286,76,11181,1367,9814,396,122,274
Urban,State - ODISHA,Muslim,60-69,14938,8017,6921,4562,4203,359,735,520,215,117,92,25,9641,3294,6347,289,152,137
Urban,State - ODISHA,Muslim,70-79,6699,3430,3269,1213,1073,140,224,169,55,37,30,7,5262,2188,3074,81,37,44
Urban,State - ODISHA,Muslim,80+,2891,1371,1520,376,330,46,91,65,26,20,17,3,2424,976,1448,26,12,14
Urban,State - ODISHA,Muslim,Age not stated,1620,832,788,365,330,35,88,58,30,30,19,11,1167,444,723,88,44,44
Urban,State - ODISHA,Muslim,15-59,261576,136963,124613,102614,94085,8529,17211,12346,4865,7512,5683,1829,141751,30532,111219,24662,10941,13721
Urban,State - ODISHA,Muslim,60+,24528,12818,11710,6151,5606,545,1050,754,296,174,139,35,17327,6458,10869,396,201,195
Urban,State - ODISHA,Christian,Total,186607,91254,95353,52913,38690,14223,10700,6052,4648,5080,3124,1956,122994,46512,76482,15387,7009,8378
Urban,State - ODISHA,Christian,5-9,17724,8993,8731,97,57,40,151,87,64,21,10,11,17476,8849,8627,110,53,57
Urban,State - ODISHA,Christian,10-14,20946,10045,10901,281,167,114,342,205,137,95,51,44,20323,9673,10650,378,202,176
Urban,State - ODISHA,Christian,15-19,19642,9297,10345,1783,1158,625,1004,584,420,609,366,243,16855,7555,9300,3578,1935,1643
Urban,State - ODISHA,Christian,20-24,18478,8802,9676,4491,3219,1272,1563,932,631,975,614,361,12424,4651,7773,4659,2302,2357
Urban,State - ODISHA,Christian,25-29,16680,7788,8892,6764,4876,1888,1548,875,673,937,571,366,8368,2037,6331,3009,1288,1721
Urban,State - ODISHA,Christian,30-34,14287,6922,7365,7174,5293,1881,1326,759,567,694,445,249,5787,870,4917,1445,534,911
Urban,State - ODISHA,Christian,35-39,14156,6837,7319,7777,5696,2081,1208,662,546,582,359,223,5171,479,4692,887,230,657
Urban,State - ODISHA,Christian,40-49,23576,11951,11625,13979,10336,3643,1892,990,902,747,447,300,7705,625,7080,798,222,576
Urban,State - ODISHA,Christian,50-59,14467,7495,6972,8024,6053,1971,957,519,438,272,167,105,5486,923,4563,248,104,144
Urban,State - ODISHA,Christian,60-69,8200,3846,4354,1794,1325,469,484,299,185,97,64,33,5922,2222,3700,193,98,95
Urban,State - ODISHA,Christian,70-79,3257,1527,1730,423,291,132,136,93,43,18,12,6,2698,1143,1555,34,18,16
Urban,State - ODISHA,Christian,80+,1111,490,621,149,89,60,34,16,18,11,4,7,928,385,543,15,4,11
Urban,State - ODISHA,Christian,Age not stated,733,350,383,177,130,47,55,31,24,22,14,8,501,189,312,33,19,14
Urban,State - ODISHA,Christian,15-59,121286,59092,62194,49992,36631,13361,9498,5321,4177,4816,2969,1847,61796,17140,44656,14624,6615,8009
Urban,State - ODISHA,Christian,60+,12568,5863,6705,2366,1705,661,654,408,246,126,80,46,9548,3750,5798,242,120,122
Urban,State - ODISHA,Sikh,Total,16889,8890,7999,5536,4867,669,427,248,179,143,98,45,10926,3775,7151,969,431,538
Urban,State - ODISHA,Sikh,5-9,1125,614,511,9,6,3,3,2,1,0,0,0,1113,606,507,9,5,4
Urban,State - ODISHA,Sikh,10-14,1379,768,611,34,19,15,11,6,5,5,3,2,1334,743,591,29,13,16
Urban,State - ODISHA,Sikh,15-19,1554,811,743,125,102,23,41,27,14,12,10,2,1388,682,706,193,106,87
Urban,State - ODISHA,Sikh,20-24,1625,840,785,454,388,66,69,44,25,40,27,13,1102,408,694,339,174,165
Urban,State - ODISHA,Sikh,25-29,1602,798,804,708,596,112,70,50,20,30,24,6,824,152,672,179,79,100
Urban,State - ODISHA,Sikh,30-34,1462,771,691,786,700,86,45,24,21,20,12,8,631,47,584,85,16,69
Urban,State - ODISHA,Sikh,35-39,1357,680,677,695,610,85,45,26,19,9,8,1,617,44,573,60,16,44
Urban,State - ODISHA,Sikh,40-49,2473,1331,1142,1405,1244,161,69,33,36,16,7,9,999,54,945,42,10,32
Urban,State - ODISHA,Sikh,50-59,1515,817,698,807,737,70,49,23,26,7,4,3,659,57,602,15,4,11
Urban,State - ODISHA,Sikh,60-69,979,501,478,364,334,30,14,7,7,2,1,1,601,160,441,13,7,6
Urban,State - ODISHA,Sikh,70-79,461,236,225,100,91,9,9,4,5,1,1,0,352,141,211,3,0,3
Urban,State - ODISHA,Sikh,80+,196,98,98,32,27,5,1,1,0,0,0,0,163,70,93,1,0,1
Urban,State - ODISHA,Sikh,Age not stated,59,27,32,17,13,4,1,1,0,1,1,0,41,13,28,1,1,0
Urban,State - ODISHA,Sikh,15-59,11588,6048,5540,4980,4377,603,388,227,161,134,92,42,6220,1444,4776,913,405,508
Urban,State - ODISHA,Sikh,60+,1636,835,801,496,452,44,24,12,12,3,2,1,1116,371,745,17,7,10
Urban,State - ODISHA,Buddhist,Total,2126,1097,1029,631,517,114,104,63,41,46,33,13,1391,517,874,186,89,97
Urban,State - ODISHA,Buddhist,5-9,199,99,100,3,1,2,0,0,0,0,0,0,196,98,98,1,0,1
Urban,State - ODISHA,Buddhist,10-14,220,116,104,6,2,4,6,3,3,0,0,0,208,111,97,11,6,5
Urban,State - ODISHA,Buddhist,15-19,209,109,100,21,15,6,12,10,2,7,6,1,176,84,92,37,22,15
Urban,State - ODISHA,Buddhist,20-24,220,108,112,53,41,12,19,13,6,11,7,4,148,54,94,71,32,39
Urban,State - ODISHA,Buddhist,25-29,198,90,108,80,60,20,19,11,8,12,8,4,99,19,80,35,14,21
Urban,State - ODISHA,Buddhist,30-34,179,97,82,91,77,14,7,5,2,3,3,0,81,15,66,16,10,6
Urban,State - ODISHA,Buddhist,35-39,151,87,64,95,78,17,10,5,5,5,4,1,46,4,42,6,2,4
Urban,State - ODISHA,Buddhist,40-49,267,153,114,162,138,24,18,10,8,6,3,3,87,5,82,6,1,5
Urban,State - ODISHA,Buddhist,50-59,144,85,59,80,72,8,8,3,5,2,2,0,56,10,46,0,0,0
Urban,State - ODISHA,Buddhist,60-69,104,50,54,32,25,7,4,3,1,0,0,0,68,22,46,3,2,1
Urban,State - ODISHA,Buddhist,70-79,46,20,26,6,6,0,1,0,1,0,0,0,39,14,25,0,0,0
Urban,State - ODISHA,Buddhist,80+,19,7,12,1,1,0,0,0,0,0,0,0,18,6,12,0,0,0
Urban,State - ODISHA,Buddhist,Age not stated,8,3,5,1,1,0,0,0,0,0,0,0,7,2,5,0,0,0
Urban,State - ODISHA,Buddhist,15-59,1368,729,639,582,481,101,93,57,36,46,33,13,693,191,502,171,81,90
Urban,State - ODISHA,Buddhist,60+,169,77,92,39,32,7,5,3,2,0,0,0,125,42,83,3,2,1
Urban,State - ODISHA,Jain,Total,6266,3265,3001,2020,1848,172,193,127,66,82,62,20,4053,1290,2763,384,160,224
Urban,State - ODISHA,Jain,5-9,439,234,205,5,3,2,7,4,3,1,1,0,427,227,200,1,0,1
Urban,State - ODISHA,Jain,10-14,479,255,224,9,7,2,6,6,0,0,0,0,464,242,222,8,7,1
Urban,State - ODISHA,Jain,15-19,491,259,232,20,17,3,21,14,7,14,11,3,450,228,222,92,51,41
Urban,State - ODISHA,Jain,20-24,586,306,280,127,111,16,38,24,14,28,17,11,421,171,250,141,64,77
Urban,State - ODISHA,Jain,25-29,586,297,289,264,232,32,23,17,6,13,9,4,299,48,251,69,25,44
Urban,State - ODISHA,Jain,30-34,555,283,272,279,252,27,20,13,7,7,6,1,256,18,238,20,5,15
Urban,State - ODISHA,Jain,35-39,474,235,239,239,221,18,10,6,4,2,2,0,225,8,217,15,1,14
Urban,State - ODISHA,Jain,40-49,963,498,465,518,472,46,19,14,5,9,8,1,426,12,414,27,3,24
Urban,State - ODISHA,Jain,50-59,654,361,293,348,332,16,27,15,12,5,5,0,279,14,265,8,2,6
Urban,State - ODISHA,Jain,60-69,369,202,167,154,147,7,18,10,8,1,1,0,197,45,152,2,1,1
Urban,State - ODISHA,Jain,70-79,175,83,92,42,39,3,3,3,0,1,1,0,130,41,89,0,0,0
Urban,State - ODISHA,Jain,80+,74,35,39,13,13,0,0,0,0,0,0,0,61,22,39,0,0,0
Urban,State - ODISHA,Jain,Age not stated,12,7,5,2,2,0,1,1,0,1,1,0,9,4,5,1,1,0
Urban,State - ODISHA,Jain,15-59,4309,2239,2070,1795,1637,158,158,103,55,78,58,20,2356,499,1857,372,151,221
Urban,State - ODISHA,Jain,60+,618,320,298,209,199,10,21,13,8,2,2,0,388,108,280,2,1,1
Urban,State - ODISHA,Other religious communities,Total,16463,7966,8497,4192,3107,1085,1569,864,705,908,561,347,10702,3995,6707,1098,514,584
Urban,State - ODISHA,Other religious communities,5-9,1803,889,914,7,3,4,28,17,11,21,14,7,1768,869,899,14,5,9
Urban,State - ODISHA,Other religious communities,10-14,2109,898,1211,29,17,12,53,25,28,35,18,17,2027,856,1171,52,35,17
Urban,State - ODISHA,Other religious communities,15-19,1887,909,978,202,130,72,196,118,78,125,71,54,1489,661,828,293,155,138
Urban,State - ODISHA,Other religious communities,20-24,1706,806,900,439,305,134,266,165,101,184,125,59,1001,336,665,344,168,176
Urban,State - ODISHA,Other religious communities,25-29,1389,668,721,581,409,172,206,121,85,148,98,50,602,138,464,194,89,105
Urban,State - ODISHA,Other religious communities,30-34,1200,563,637,566,418,148,176,95,81,121,80,41,458,50,408,75,30,45
Urban,State - ODISHA,Other religious communities,35-39,1136,539,597,582,432,150,172,83,89,100,62,38,382,24,358,52,12,40
Urban,State - ODISHA,Other religious communities,40-49,1931,1009,922,1077,829,248,254,131,123,117,61,56,600,49,551,43,12,31
Urban,State - ODISHA,Other religious communities,50-59,1038,523,515,497,394,103,133,61,72,37,24,13,408,68,340,20,4,16
Urban,State - ODISHA,Other religious communities,60-69,604,307,297,159,126,33,65,39,26,15,7,8,380,142,238,7,2,5
Urban,State - ODISHA,Other religious communities,70-79,195,87,108,27,23,4,13,8,5,0,0,0,155,56,99,4,2,2
Urban,State - ODISHA,Other religious communities,80+,57,24,33,10,7,3,3,0,3,2,0,2,44,17,27,0,0,0
Urban,State - ODISHA,Other religious communities,Age not stated,56,25,31,16,14,2,4,1,3,3,1,2,36,10,26,0,0,0
Urban,State - ODISHA,Other religious communities,15-59,10287,5017,5270,3944,2917,1027,1403,774,629,832,521,311,4940,1326,3614,1021,470,551
Urban,State - ODISHA,Other religious communities,60+,856,418,438,196,156,40,81,47,34,17,7,10,579,215,364,11,4,7
Total,State - CHHATTISGARH,All religious communities,Total,25545198,12832895,12712303,8241714,5597454,2644260,3938511,1536412,2402099,2014640,983642,1030998,13364973,5699029,7665944,760563,331498,429065
Total,State - CHHATTISGARH,All religious communities,5-9,2758758,1404079,1354679,9970,5322,4648,30428,14774,15654,3098,1577,1521,2718360,1383983,1334377,12286,6404,5882
Total,State - CHHATTISGARH,All religious communities,10-14,2884013,1461185,1422828,53914,31121,22793,163461,76687,86774,36664,17972,18692,2666638,1353377,1313261,37118,19803,17315
Total,State - CHHATTISGARH,All religious communities,15-19,2599842,1319451,1280391,433244,270022,163222,487440,227213,260227,257362,134441,122921,1679158,822216,856942,204359,111286,93073
Total,State - CHHATTISGARH,All religious communities,20-24,2389497,1193378,1196119,957506,634549,322957,608150,260572,347578,371672,195585,176087,823841,298257,525584,224060,112120,111940
Total,State - CHHATTISGARH,All religious communities,25-29,2057300,1049238,1008062,1106769,769329,337440,495123,197540,297583,295263,150137,145126,455408,82369,373039,108041,41169,66872
Total,State - CHHATTISGARH,All religious communities,30-34,1815058,898023,917035,1066115,717562,348553,423388,149041,274347,243176,111876,131300,325555,31420,294135,55678,14127,41551
Total,State - CHHATTISGARH,All religious communities,35-39,1779414,891265,888149,1097201,733460,363741,402876,137675,265201,225225,101448,123777,279337,20130,259207,36666,7044,29622
Total,State - CHHATTISGARH,All religious communities,40-49,2910927,1489376,1421551,1832530,1246150,586380,628344,211356,416988,325892,146604,179288,450053,31870,418183,40426,7263,33163
Total,State - CHHATTISGARH,All religious communities,50-59,1782300,899664,882636,1044124,731455,312669,369485,124659,244826,159111,73976,85135,368691,43550,325141,19617,4144,15473
Total,State - CHHATTISGARH,All religious communities,60-69,1277552,593292,684260,483877,340718,143159,242064,94136,147928,76101,38096,38005,551611,158438,393173,15522,5376,10146
Total,State - CHHATTISGARH,All religious communities,70-79,539578,249794,289784,121234,91806,29428,68367,33089,35278,15550,8895,6655,349977,124899,225078,4767,1855,2912
Total,State - CHHATTISGARH,All religious communities,80+,186779,85073,101706,29319,21870,7449,17020,8567,8453,4416,2437,1979,140440,54636,85804,1570,694,876
Total,State - CHHATTISGARH,All religious communities,Age not stated,23115,12107,11008,5911,4090,1821,2365,1103,1262,1110,598,512,14839,6914,7925,453,213,240
Total,State - CHHATTISGARH,All religious communities,15-59,15334338,7740395,7593943,7537489,5102527,2434962,3414806,1308056,2106750,1877701,914067,963634,4382043,1329812,3052231,688847,297153,391694
Total,State - CHHATTISGARH,All religious communities,60+,2003909,928159,1075750,634430,454394,180036,327451,135792,191659,96067,49428,46639,1042028,337973,704055,21859,7925,13934
Total,State - CHHATTISGARH,Hindu,Total,23819789,11968245,11851544,7684457,5201852,2482605,3702562,1449425,2253137,1903583,931654,971929,12432770,5316968,7115802,701422,305911,395511
Total,State - CHHATTISGARH,Hindu,5-9,2581583,1313575,1268008,9289,4941,4348,27323,13302,14021,2843,1456,1387,2544971,1295332,1249639,11529,6010,5519
Total,State - CHHATTISGARH,Hindu,10-14,2699992,1367347,1332645,50538,29069,21469,148866,69850,79016,34137,16766,17371,2500588,1268428,1232160,34918,18650,16268
Total,State - CHHATTISGARH,Hindu,15-19,2427581,1232533,1195048,408558,253614,154944,456040,212512,243528,242130,126636,115494,1562983,766407,796576,190963,104143,86820
Total,State - CHHATTISGARH,Hindu,20-24,2223771,1112222,1111549,897788,593545,304243,570977,245011,325966,349121,184094,165027,755006,273666,481340,205765,103270,102495
Total,State - CHHATTISGARH,Hindu,25-29,1912482,976797,935685,1032674,716058,316616,465994,186457,279537,278307,141830,136477,413814,74282,339532,97949,37057,60892
Total,State - CHHATTISGARH,Hindu,30-34,1690379,836577,853802,994683,666783,327900,400029,141371,258658,230230,106088,124142,295667,28423,267244,50602,12632,37970
Total,State - CHHATTISGARH,Hindu,35-39,1656708,830012,826696,1022615,680812,341803,381163,130926,250237,213846,96501,117345,252930,18274,234656,33330,6312,27018
Total,State - CHHATTISGARH,Hindu,40-49,2704614,1384553,1320061,1702853,1154244,548609,593093,201340,391753,309172,139822,169350,408668,28969,379699,37101,6495,30606
Total,State - CHHATTISGARH,Hindu,50-59,1654196,834579,819617,967940,676073,291867,348046,118591,229455,151025,70527,80498,338210,39915,298295,18284,3753,14531
Total,State - CHHATTISGARH,Hindu,60-69,1192712,553629,639083,451931,317391,134540,228519,89658,138861,72683,36524,36159,512262,146580,365682,14614,5010,9604
Total,State - CHHATTISGARH,Hindu,70-79,502990,232568,270422,112890,85318,27572,64381,31356,33025,14875,8552,6323,325719,115894,209825,4506,1746,2760
Total,State - CHHATTISGARH,Hindu,80+,173919,79209,94710,27290,20286,7004,15959,8054,7905,4174,2298,1876,130670,50869,79801,1459,644,815
Total,State - CHHATTISGARH,Hindu,Age not stated,20721,10769,9952,5408,3718,1690,2172,997,1175,1040,560,480,13141,6054,7087,402,189,213
Total,State - CHHATTISGARH,Hindu,15-59,14269731,7207273,7062458,7027111,4741129,2285982,3215342,1236208,1979134,1773831,865498,908333,4027278,1229936,2797342,633994,273662,360332
Total,State - CHHATTISGARH,Hindu,60+,1869621,865406,1004215,592111,422995,169116,308859,129068,179791,91732,47374,44358,968651,313343,655308,20579,7400,13179
Total,State - CHHATTISGARH,Muslim,Total,514998,263834,251164,147765,123402,24363,34933,16663,18270,17049,10068,6981,332300,123769,208531,25924,11374,14550
Total,State - CHHATTISGARH,Muslim,5-9,51740,26670,25070,195,104,91,283,140,143,25,16,9,51262,26426,24836,265,148,117
Total,State - CHHATTISGARH,Muslim,10-14,54040,28178,25862,841,636,205,1250,630,620,270,161,109,51949,26912,25037,870,489,381
Total,State - CHHATTISGARH,Muslim,15-19,53934,27841,26093,7018,5861,1157,4089,2317,1772,2073,1338,735,42827,19663,23164,5992,3353,2639
Total,State - CHHATTISGARH,Muslim,20-24,55048,27593,27455,17372,14777,2595,5816,3094,2722,3359,2152,1207,31860,9722,22138,8211,4089,4122
Total,State - CHHATTISGARH,Muslim,25-29,48372,24673,23699,22038,18864,3174,4957,2474,2483,2768,1676,1092,21377,3335,18042,4547,1763,2784
Total,State - CHHATTISGARH,Muslim,30-34,39950,20440,19510,20666,17479,3187,3977,1768,2209,2136,1216,920,15307,1193,14114,2164,563,1601
Total,State - CHHATTISGARH,Muslim,35-39,37085,18897,18188,20129,16652,3477,3628,1536,2092,1840,1022,818,13328,709,12619,1484,287,1197
Total,State - CHHATTISGARH,Muslim,40-49,56937,30009,26928,32312,26658,5654,5430,2270,3160,2673,1430,1243,19195,1081,18114,1369,291,1078
Total,State - CHHATTISGARH,Muslim,50-59,32784,17183,15601,17645,14688,2957,2833,1169,1664,1158,629,529,12306,1326,10980,508,154,354
Total,State - CHHATTISGARH,Muslim,60-69,22152,10649,11503,7116,5662,1454,1886,844,1042,571,320,251,13150,4143,9007,350,162,188
Total,State - CHHATTISGARH,Muslim,70-79,9422,4636,4786,1758,1462,296,546,288,258,118,72,46,7118,2886,4232,99,46,53
Total,State - CHHATTISGARH,Muslim,80+,3415,1550,1865,495,410,85,189,98,91,45,26,19,2731,1042,1689,46,20,26
Total,State - CHHATTISGARH,Muslim,Age not stated,788,403,385,180,149,31,49,35,14,13,10,3,559,219,340,19,9,10
Total,State - CHHATTISGARH,Muslim,15-59,324110,166636,157474,137180,114979,22201,30730,14628,16102,16007,9463,6544,156200,37029,119171,24275,10500,13775
Total,State - CHHATTISGARH,Muslim,60+,34989,16835,18154,9369,7534,1835,2621,1230,1391,734,418,316,22999,8071,14928,495,228,267
Total,State - CHHATTISGARH,Christian,Total,490542,241799,248743,164247,109186,55061,83055,27989,55066,31684,14274,17410,243240,104624,138616,16525,6958,9567
Total,State - CHHATTISGARH,Christian,5-9,48317,24483,23834,135,82,53,1387,653,734,59,30,29,46795,23748,23047,171,89,82
Total,State - CHHATTISGARH,Christian,10-14,53218,26555,26663,735,430,305,6091,2870,3221,671,313,358,46392,23255,23137,486,237,249
Total,State - CHHATTISGARH,Christian,15-19,49116,24582,24534,5298,3567,1731,11208,5304,5904,4184,2163,2021,32610,15711,16899,3225,1621,1604
Total,State - CHHATTISGARH,Christian,20-24,44907,21399,23508,15088,9584,5504,12117,4865,7252,6446,3220,3226,17702,6950,10752,5226,2340,2886
Total,State - CHHATTISGARH,Christian,25-29,39549,19251,20298,20575,13353,7222,9643,3339,6304,4946,2382,2564,9331,2559,6772,3076,1308,1768
Total,State - CHHATTISGARH,Christian,30-34,34103,16350,17753,20558,13267,7291,7529,2132,5397,3556,1522,2034,6016,951,5065,1612,546,1066
Total,State - CHHATTISGARH,Christian,35-39,34408,16941,17467,22004,14472,7532,7283,1906,5377,3197,1350,1847,5121,563,4558,987,265,722
Total,State - CHHATTISGARH,Christian,40-49,61453,30333,31120,40303,26668,13635,12283,2756,9527,4756,1746,3010,8867,909,7958,1016,299,717
Total,State - CHHATTISGARH,Christian,50-59,40557,20384,20173,25562,17596,7966,8047,1786,6261,2473,959,1514,6948,1002,5946,394,118,276
Total,State - CHHATTISGARH,Christian,60-69,26745,12438,14307,10445,7445,3000,5418,1514,3904,1127,452,675,10882,3479,7403,235,88,147
Total,State - CHHATTISGARH,Christian,70-79,11836,5720,6116,2853,2193,660,1655,677,978,201,100,101,7328,2850,4478,57,27,30
Total,State - CHHATTISGARH,Christian,80+,3918,1860,2058,619,484,135,376,175,201,63,35,28,2923,1201,1722,33,16,17
Total,State - CHHATTISGARH,Christian,Age not stated,250,135,115,72,45,27,18,12,6,5,2,3,160,78,82,7,4,3
Total,State - CHHATTISGARH,Christian,15-59,304093,149240,154853,149388,98507,50881,68110,22088,46022,29558,13342,16216,86595,28645,57950,15536,6497,9039
Total,State - CHHATTISGARH,Christian,60+,42499,20018,22481,13917,10122,3795,7449,2366,5083,1391,587,804,21133,7530,13603,325,131,194
Total,State - CHHATTISGARH,Sikh,Total,70036,36750,33286,22668,19874,2794,1318,772,546,518,346,172,46050,16104,29946,2884,1348,1536
Total,State - CHHATTISGARH,Sikh,5-9,5449,3015,2434,13,11,2,26,16,10,3,2,1,5410,2988,2422,26,12,14
Total,State - CHHATTISGARH,Sikh,10-14,5968,3240,2728,63,46,17,54,25,29,12,2,10,5851,3169,2682,65,41,24
Total,State - CHHATTISGARH,Sikh,15-19,6181,3334,2847,475,401,74,133,83,50,46,33,13,5573,2850,2723,504,298,206
Total,State - CHHATTISGARH,Sikh,20-24,6540,3367,3173,1929,1654,275,218,130,88,111,77,34,4393,1583,2810,950,509,441
Total,State - CHHATTISGARH,Sikh,25-29,6110,3139,2971,2924,2550,374,170,108,62,87,55,32,3016,481,2535,533,235,298
Total,State - CHHATTISGARH,Sikh,30-34,5756,2957,2799,3055,2687,368,120,71,49,60,40,20,2581,199,2382,283,96,187
Total,State - CHHATTISGARH,Sikh,35-39,5825,2919,2906,3138,2716,422,132,70,62,58,37,21,2555,133,2422,183,42,141
Total,State - CHHATTISGARH,Sikh,40-49,10216,5431,4785,5813,5088,725,229,121,108,87,62,25,4174,222,3952,204,52,152
Total,State - CHHATTISGARH,Sikh,50-59,6447,3442,3005,3476,3104,372,127,79,48,38,24,14,2844,259,2585,74,31,43
Total,State - CHHATTISGARH,Sikh,60-69,3869,1883,1986,1264,1144,120,70,42,28,14,12,2,2535,697,1838,46,24,22
Total,State - CHHATTISGARH,Sikh,70-79,2009,1008,1001,380,344,36,29,19,10,1,1,0,1600,645,955,9,3,6
Total,State - CHHATTISGARH,Sikh,80+,767,400,367,117,108,9,9,7,2,1,1,0,641,285,356,6,4,2
Total,State - CHHATTISGARH,Sikh,Age not stated,90,48,42,21,21,0,1,1,0,0,0,0,68,26,42,1,1,0
Total,State - CHHATTISGARH,Sikh,15-59,47075,24589,22486,20810,18200,2610,1129,662,467,487,328,159,25136,5727,19409,2731,1263,1468
Total,State - CHHATTISGARH,Sikh,60+,6645,3291,3354,1761,1596,165,108,68,40,16,14,2,4776,1627,3149,61,31,30
Total,State - CHHATTISGARH,Buddhist,Total,70467,34947,35520,25185,16773,8412,5923,2582,3341,3623,1845,1778,39359,15592,23767,3386,1478,1908
Total,State - CHHATTISGARH,Buddhist,5-9,5716,2930,2786,16,9,7,24,15,9,5,1,4,5676,2906,2770,22,13,9
Total,State - CHHATTISGARH,Buddhist,10-14,6447,3263,3184,56,38,18,118,62,56,21,11,10,6273,3163,3110,55,32,23
Total,State - CHHATTISGARH,Buddhist,15-19,6293,3182,3111,689,440,249,418,229,189,269,155,114,5186,2513,2673,631,337,294
Total,State - CHHATTISGARH,Buddhist,20-24,6441,3239,3202,2089,1406,683,893,435,458,662,357,305,3459,1398,2061,1040,534,506
Total,State - CHHATTISGARH,Buddhist,25-29,6226,3038,3188,3142,2094,1048,851,396,455,622,328,294,2233,548,1685,716,312,404
Total,State - CHHATTISGARH,Buddhist,30-34,5779,2787,2992,3416,2253,1163,753,321,432,521,258,263,1610,213,1397,387,121,266
Total,State - CHHATTISGARH,Buddhist,35-39,5827,2805,3022,3740,2438,1302,645,252,393,413,196,217,1442,115,1327,210,41,169
Total,State - CHHATTISGARH,Buddhist,40-49,9898,5095,4803,6689,4519,2170,1063,425,638,655,317,338,2146,151,1995,186,30,156
Total,State - CHHATTISGARH,Buddhist,50-59,5948,2896,3052,3570,2458,1112,649,226,423,303,140,163,1729,212,1517,71,21,50
Total,State - CHHATTISGARH,Buddhist,60-69,4195,1897,2298,1330,817,513,372,155,217,122,64,58,2493,925,1568,40,24,16
Total,State - CHHATTISGARH,Buddhist,70-79,1741,787,954,350,237,113,103,52,51,22,14,8,1288,498,790,21,9,12
Total,State - CHHATTISGARH,Buddhist,80+,574,224,350,80,52,28,27,11,16,5,2,3,467,161,306,3,2,1
Total,State - CHHATTISGARH,Buddhist,Age not stated,70,36,34,18,12,6,7,3,4,3,2,1,45,21,24,4,2,2
Total,State - CHHATTISGARH,Buddhist,15-59,46412,23042,23370,23335,15608,7727,5272,2284,2988,3445,1751,1694,17805,5150,12655,3241,1396,1845
Total,State - CHHATTISGARH,Buddhist,60+,6510,2908,3602,1760,1106,654,502,218,284,149,80,69,4248,1584,2664,64,35,29
Total,State - CHHATTISGARH,Jain,Total,61510,31592,29918,20022,17993,2029,858,436,422,281,163,118,40630,13163,27467,2012,801,1211
Total,State - CHHATTISGARH,Jain,5-9,4715,2471,2244,10,6,4,10,4,6,1,1,0,4695,2461,2234,34,17,17
Total,State - CHHATTISGARH,Jain,10-14,4905,2511,2394,40,28,12,31,17,14,5,3,2,4834,2466,2368,54,33,21
Total,State - CHHATTISGARH,Jain,15-19,4936,2571,2365,138,113,25,64,44,20,20,11,9,4734,2414,2320,303,154,149
Total,State - CHHATTISGARH,Jain,20-24,5275,2661,2614,1163,981,182,114,69,45,64,42,22,3998,1611,2387,733,338,395
Total,State - CHHATTISGARH,Jain,25-29,5107,2541,2566,2406,2132,274,107,62,45,51,28,23,2594,347,2247,371,145,226
Total,State - CHHATTISGARH,Jain,30-34,5339,2655,2684,2749,2470,279,108,52,56,41,26,15,2482,133,2349,186,51,135
Total,State - CHHATTISGARH,Jain,35-39,5227,2655,2572,2857,2522,335,87,38,49,23,10,13,2283,95,2188,135,27,108
Total,State - CHHATTISGARH,Jain,40-49,9240,4810,4430,5129,4624,505,166,62,104,46,23,23,3945,124,3821,117,19,98
Total,State - CHHATTISGARH,Jain,50-59,6100,3252,2848,3342,3070,272,82,38,44,23,16,7,2676,144,2532,40,8,32
Total,State - CHHATTISGARH,Jain,60-69,3817,1970,1847,1540,1440,100,62,34,28,6,3,3,2215,496,1719,24,4,20
Total,State - CHHATTISGARH,Jain,70-79,1762,852,910,491,463,28,23,15,8,0,0,0,1248,374,874,12,3,9
Total,State - CHHATTISGARH,Jain,80+,735,317,418,135,122,13,1,1,0,0,0,0,599,194,405,2,1,1
Total,State - CHHATTISGARH,Jain,Age not stated,91,47,44,22,22,0,3,0,3,1,0,1,66,25,41,1,1,0
Total,State - CHHATTISGARH,Jain,15-59,41224,21145,20079,17784,15912,1872,728,365,363,268,156,112,22712,4868,17844,1885,742,1143
Total,State - CHHATTISGARH,Jain,60+,6314,3139,3175,2166,2025,141,86,50,36,6,3,3,4062,1064,2998,38,8,30
Total,State - CHHATTISGARH,Other religious communities,Total,494594,244162,250432,172838,105597,67241,106430,37295,69135,56097,24502,31595,215326,101270,114056,7539,3198,4341
Total,State - CHHATTISGARH,Other religious communities,5-9,58119,29332,28787,268,149,119,1256,588,668,97,40,57,56595,28595,28000,173,90,83
Total,State - CHHATTISGARH,Other religious communities,10-14,56655,28611,28044,1552,818,734,6835,3121,3714,1461,674,787,48268,24672,23596,592,288,304
Total,State - CHHATTISGARH,Other religious communities,15-19,49416,24144,25272,10655,5776,4879,15005,6490,8515,8348,3953,4395,23756,11878,11878,2514,1258,1256
Total,State - CHHATTISGARH,Other religious communities,20-24,45479,21832,23647,21334,12124,9210,17480,6723,10757,11557,5460,6097,6665,2985,3680,1930,925,1005
Total,State - CHHATTISGARH,Other religious communities,25-29,37960,19063,18897,22362,13840,8522,12970,4545,8425,8212,3709,4503,2628,678,1950,747,297,450
Total,State - CHHATTISGARH,Other religious communities,30-34,32634,15790,16844,20451,12312,8139,10537,3234,7303,6432,2663,3769,1646,244,1402,382,88,294
Total,State - CHHATTISGARH,Other religious communities,35-39,33330,16607,16723,22200,13531,8669,9647,2860,6787,5700,2271,3429,1483,216,1267,312,58,254
Total,State - CHHATTISGARH,Other religious communities,40-49,57080,28584,28496,38706,23934,14772,15649,4289,11360,8297,3140,5157,2725,361,2364,395,63,332
Total,State - CHHATTISGARH,Other religious communities,50-59,35337,17582,17755,22201,14249,7952,9448,2712,6736,4000,1652,2348,3688,621,3067,218,45,173
Total,State - CHHATTISGARH,Other religious communities,60-69,23175,10523,12652,10012,6668,3344,5555,1841,3714,1525,707,818,7608,2014,5594,189,58,131
Total,State - CHHATTISGARH,Other religious communities,70-79,9374,4067,5307,2449,1752,697,1566,663,903,322,150,172,5359,1652,3707,58,19,39
Total,State - CHHATTISGARH,Other religious communities,80+,3277,1453,1824,568,400,168,439,213,226,126,74,52,2270,840,1430,20,7,13
Total,State - CHHATTISGARH,Other religious communities,Age not stated,237,116,121,80,44,36,43,16,27,20,9,11,114,56,58,9,2,7
Total,State - CHHATTISGARH,Other religious communities,15-59,291236,143602,147634,157909,95766,62143,90736,30853,59883,52546,22848,29698,42591,16983,25608,6498,2734,3764
Total,State - CHHATTISGARH,Other religious communities,60+,35826,16043,19783,13029,8820,4209,7560,2717,4843,1973,931,1042,15237,4506,10731,267,84,183
Rural,State - CHHATTISGARH,All religious communities,Total,19607961,9797426,9810535,6365271,4114031,2251240,3697843,1408227,2289616,1894857,910029,984828,9544847,4275168,5269679,468164,198433,269731
Rural,State - CHHATTISGARH,All religious communities,5-9,2206437,1117796,1088641,7720,4053,3667,28576,13835,14741,2808,1431,1377,2170141,1099908,1070233,9431,4901,4530
Rural,State - CHHATTISGARH,All religious communities,10-14,2289627,1155074,1134553,44542,24832,19710,156904,73068,83836,35049,17031,18018,2088181,1057174,1031007,28449,14759,13690
Rural,State - CHHATTISGARH,All religious communities,15-19,1998051,1009334,988717,360002,214425,145577,462134,212024,250110,244360,126015,118345,1175915,582885,593030,144055,76944,67111
Rural,State - CHHATTISGARH,All religious communities,20-24,1773929,885162,888767,765948,481286,284662,570756,238168,332588,349367,180679,168688,437225,165708,271517,127391,62942,64449
Rural,State - CHHATTISGARH,All religious communities,25-29,1508182,770527,737655,839999,554943,285056,460785,177737,283048,275479,137250,138229,207398,37847,169551,52514,17616,34898
Rural,State - CHHATTISGARH,All religious communities,30-34,1340001,656456,683545,800786,507263,293523,394020,133937,260083,227275,102293,124982,145195,15256,129939,28882,5957,22925
Rural,State - CHHATTISGARH,All religious communities,35-39,1329416,663342,666074,831973,527966,304007,375498,124518,250980,210853,93230,117623,121945,10858,111087,20441,3331,17110
Rural,State - CHHATTISGARH,All religious communities,40-49,2177475,1106658,1070817,1386556,895552,491004,588170,192495,395675,306448,135715,170733,202749,18611,184138,25649,3908,21741
Rural,State - CHHATTISGARH,All religious communities,50-59,1344622,667591,677031,791404,526186,265218,348498,114723,233775,150975,69346,81629,204720,26682,178038,14262,2495,11767
Rural,State - CHHATTISGARH,All religious communities,60-69,1017723,468696,549027,406333,281070,125263,229494,87759,141735,72325,35850,36475,381896,99867,282029,11891,3568,8323
Rural,State - CHHATTISGARH,All religious communities,70-79,431583,197992,233591,102675,76824,25851,64961,31098,33863,14795,8420,6375,263947,90070,173877,3852,1419,2433
Rural,State - CHHATTISGARH,All religious communities,80+,149241,68761,80480,23991,17558,6433,16129,8048,8081,4183,2290,1893,109121,43155,65966,1115,489,626
Rural,State - CHHATTISGARH,All religious communities,Age not stated,13987,7242,6745,3342,2073,1269,1918,817,1101,940,479,461,8727,4352,4375,232,104,128
Rural,State - CHHATTISGARH,All religious communities,15-59,11471676,5759070,5712606,5776668,3707621,2069047,3199861,1193602,2006259,1764757,844528,920229,2495147,857847,1637300,413194,173193,240001
Rural,State - CHHATTISGARH,All religious communities,60+,1598547,735449,863098,532999,375452,157547,310584,126905,183679,91303,46560,44743,754964,233092,521872,16858,5476,11382
Rural,State - CHHATTISGARH,Hindu,Total,18564147,9279003,9285144,6019257,3889592,2129665,3480659,1332046,2148613,1792192,863668,928524,9064231,4057365,5006866,444806,188997,255809
Rural,State - CHHATTISGARH,Hindu,5-9,2089918,1059070,1030848,7244,3798,3446,25644,12448,13196,2577,1324,1253,2057030,1042824,1014206,8965,4669,4296
Rural,State - CHHATTISGARH,Hindu,10-14,2170517,1095076,1075441,42016,23419,18597,143037,66628,76409,32661,15903,16758,1985464,1005029,980435,27113,14111,13002
Rural,State - CHHATTISGARH,Hindu,15-19,1893390,957176,936214,342216,203755,138461,432869,198595,234274,230103,118835,111268,1118305,554826,563479,137492,73644,63848
Rural,State - CHHATTISGARH,Hindu,20-24,1678665,838703,839962,726485,456880,269605,536664,224533,312131,328578,170413,158165,415516,157290,258226,120894,60007,60887
Rural,State - CHHATTISGARH,Hindu,25-29,1426635,729511,697124,795192,525490,269702,434381,168407,265974,260018,130001,130017,197062,35614,161448,49541,16574,32967
Rural,State - CHHATTISGARH,Hindu,30-34,1269916,622342,647574,758843,480451,278392,372779,127505,245274,215425,97265,118160,138294,14386,123908,27268,5558,21710
Rural,State - CHHATTISGARH,Hindu,35-39,1258914,628104,630810,787018,499036,287982,355832,118837,236995,200409,88871,111538,116064,10231,105833,19268,3092,16176
Rural,State - CHHATTISGARH,Hindu,40-49,2057700,1046505,1011195,1308518,844930,463588,555888,184032,371856,290979,129743,161236,193294,17543,175751,24258,3639,20619
Rural,State - CHHATTISGARH,Hindu,50-59,1269333,630249,639084,745313,495477,249836,328565,109446,219119,143343,66190,77153,195455,25326,170129,13624,2356,11268
Rural,State - CHHATTISGARH,Hindu,60-69,965144,444504,520640,383898,265518,118380,216839,83775,133064,69105,34419,34686,364407,95211,269196,11405,3419,7986
Rural,State - CHHATTISGARH,Hindu,70-79,409149,187619,221530,96729,72337,24392,61226,29510,31716,14155,8098,6057,251194,85772,165422,3707,1364,2343
Rural,State - CHHATTISGARH,Hindu,80+,141284,65109,76175,22684,16585,6099,15154,7581,7573,3957,2159,1798,103446,40943,62503,1058,468,590
Rural,State - CHHATTISGARH,Hindu,Age not stated,12783,6527,6256,3101,1916,1185,1781,749,1032,882,447,435,7901,3862,4039,213,96,117
Rural,State - CHHATTISGARH,Hindu,15-59,10854553,5452590,5401963,5463585,3506019,1957566,3016978,1131355,1885623,1668855,801318,867537,2373990,815216,1558774,392345,164870,227475
Rural,State - CHHATTISGARH,Hindu,60+,1515577,697232,818345,503311,354440,148871,293219,120866,172353,87217,44676,42541,719047,221926,497121,16170,5251,10919
Rural,State - CHHATTISGARH,Muslim,Total,156540,79398,77142,43975,32919,11056,25850,10665,15185,12859,7009,5850,86715,35814,50901,6597,2452,4145
Rural,State - CHHATTISGARH,Muslim,5-9,17353,8897,8456,57,21,36,192,101,91,9,7,2,17104,8775,8329,97,49,48
Rural,State - CHHATTISGARH,Muslim,10-14,18306,9371,8935,296,197,99,993,462,531,199,110,89,17017,8712,8305,303,153,150
Rural,State - CHHATTISGARH,Muslim,15-19,16743,8491,8252,2224,1627,597,3106,1597,1509,1592,978,614,11413,5267,6146,1792,907,885
Rural,State - CHHATTISGARH,Muslim,20-24,15826,7963,7863,5457,4147,1310,4323,2000,2323,2520,1487,1033,6046,1816,4230,1877,805,1072
Rural,State - CHHATTISGARH,Muslim,25-29,13485,7018,6467,6392,5028,1364,3565,1491,2074,2024,1125,899,3528,499,3029,906,252,654
Rural,State - CHHATTISGARH,Muslim,30-34,11161,5604,5557,5792,4370,1422,2906,1073,1833,1570,795,775,2463,161,2302,458,70,388
Rural,State - CHHATTISGARH,Muslim,35-39,10570,5374,5196,5842,4321,1521,2596,924,1672,1386,707,679,2132,129,2003,365,54,311
Rural,State - CHHATTISGARH,Muslim,40-49,16334,8451,7883,9320,6845,2475,3982,1401,2581,2021,990,1031,3032,205,2827,440,68,372
Rural,State - CHHATTISGARH,Muslim,50-59,9275,4703,4572,5023,3721,1302,2158,761,1397,945,490,455,2094,221,1873,172,26,146
Rural,State - CHHATTISGARH,Muslim,60-69,7014,3251,3763,2671,1923,748,1465,573,892,455,236,219,2878,755,2123,123,43,80
Rural,State - CHHATTISGARH,Muslim,70-79,2926,1437,1489,696,561,135,408,202,206,94,56,38,1822,674,1148,41,19,22
Rural,State - CHHATTISGARH,Muslim,80+,1155,533,622,167,129,38,139,68,71,37,21,16,849,336,513,20,5,15
Rural,State - CHHATTISGARH,Muslim,Age not stated,160,87,73,38,29,9,17,12,5,7,7,0,105,46,59,3,1,2
Rural,State - CHHATTISGARH,Muslim,15-59,93394,47604,45790,40050,30059,9991,22636,9247,13389,12058,6572,5486,30708,8298,22410,6010,2182,3828
Rural,State - CHHATTISGARH,Muslim,60+,11095,5221,5874,3534,2613,921,2012,843,1169,586,313,273,5549,1765,3784,184,67,117
Rural,State - CHHATTISGARH,Christian,Total,356014,176500,179514,118093,78777,39316,78862,25795,53067,29701,13073,16628,159059,71928,87131,7934,3185,4749
Rural,State - CHHATTISGARH,Christian,5-9,37599,18944,18655,109,66,43,1363,642,721,56,28,28,36127,18236,17891,131,66,65
Rural,State - CHHATTISGARH,Christian,10-14,40621,20240,20381,614,357,257,5945,2795,3150,645,301,344,34062,17088,16974,343,156,187
Rural,State - CHHATTISGARH,Christian,15-19,35450,17918,17532,4433,2977,1456,10692,5070,5622,3963,2052,1911,20325,9871,10454,1880,956,924
Rural,State - CHHATTISGARH,Christian,20-24,30971,15127,15844,11536,7407,4129,11413,4500,6913,6015,2973,3042,8022,3220,4802,2381,1033,1348
Rural,State - CHHATTISGARH,Christian,25-29,27438,13509,13929,14697,9642,5055,9033,2962,6071,4581,2137,2444,3708,905,2803,1167,419,748
Rural,State - CHHATTISGARH,Christian,30-34,23783,11515,12268,14339,9272,5067,7042,1854,5188,3283,1347,1936,2402,389,2013,687,207,480
Rural,State - CHHATTISGARH,Christian,35-39,24162,12052,12110,15371,10121,5250,6850,1689,5161,2977,1216,1761,1941,242,1699,438,105,333
Rural,State - CHHATTISGARH,Christian,40-49,42435,21154,21281,27546,18274,9272,11655,2450,9205,4497,1586,2911,3234,430,2804,501,125,376
Rural,State - CHHATTISGARH,Christian,50-59,28125,13891,14234,17516,11885,5631,7653,1584,6069,2337,876,1461,2956,422,2534,215,56,159
Rural,State - CHHATTISGARH,Christian,60-69,20196,9466,10730,8874,6393,2481,5236,1422,3814,1092,427,665,6086,1651,4435,142,41,101
Rural,State - CHHATTISGARH,Christian,70-79,8988,4343,4645,2508,1955,553,1609,654,955,195,97,98,4871,1734,3137,33,13,20
Rural,State - CHHATTISGARH,Christian,80+,3095,1498,1597,514,408,106,359,166,193,57,32,25,2222,924,1298,15,7,8
Rural,State - CHHATTISGARH,Christian,Age not stated,123,70,53,36,20,16,12,7,5,3,1,2,75,43,32,1,1,0
Rural,State - CHHATTISGARH,Christian,15-59,212364,105166,107198,105438,69578,35860,64338,20109,44229,27653,12187,15466,42588,15479,27109,7269,2901,4368
Rural,State - CHHATTISGARH,Christian,60+,32279,15307,16972,11896,8756,3140,7204,2242,4962,1344,556,788,13179,4309,8870,190,61,129
Rural,State - CHHATTISGARH,Sikh,Total,5453,3088,2365,2006,1718,288,397,199,198,213,132,81,3050,1171,1879,231,106,125
Rural,State - CHHATTISGARH,Sikh,5-9,452,234,218,1,0,1,2,1,1,0,0,0,449,233,216,2,2,0
Rural,State - CHHATTISGARH,Sikh,10-14,494,258,236,6,3,3,9,3,6,4,0,4,479,252,227,3,2,1
Rural,State - CHHATTISGARH,Sikh,15-19,483,262,221,68,56,12,41,22,19,20,12,8,374,184,190,48,27,21
Rural,State - CHHATTISGARH,Sikh,20-24,515,303,212,210,182,28,69,35,34,45,31,14,236,86,150,66,37,29
Rural,State - CHHATTISGARH,Sikh,25-29,450,278,172,254,230,24,47,26,21,31,17,14,149,22,127,38,15,23
Rural,State - CHHATTISGARH,Sikh,30-34,454,269,185,276,237,39,41,19,22,25,15,10,137,13,124,31,9,22
Rural,State - CHHATTISGARH,Sikh,35-39,448,254,194,278,228,50,41,19,22,22,14,8,129,7,122,12,4,8
Rural,State - CHHATTISGARH,Sikh,40-49,764,474,290,500,434,66,67,26,41,34,20,14,197,14,183,18,5,13
Rural,State - CHHATTISGARH,Sikh,50-59,443,247,196,245,205,40,45,27,18,22,14,8,153,15,138,6,2,4
Rural,State - CHHATTISGARH,Sikh,60-69,283,151,132,113,91,22,22,12,10,9,8,1,148,48,100,7,3,4
Rural,State - CHHATTISGARH,Sikh,70-79,138,75,63,42,40,2,11,7,4,0,0,0,85,28,57,0,0,0
Rural,State - CHHATTISGARH,Sikh,80+,56,28,28,10,9,1,2,2,0,1,1,0,44,17,27,0,0,0
Rural,State - CHHATTISGARH,Sikh,Age not stated,9,5,4,3,3,0,0,0,0,0,0,0,6,2,4,0,0,0
Rural,State - CHHATTISGARH,Sikh,15-59,3557,2087,1470,1831,1572,259,351,174,177,199,123,76,1375,341,1034,219,99,120
Rural,State - CHHATTISGARH,Sikh,60+,477,254,223,165,140,25,35,21,14,10,9,1,277,93,184,7,3,4
Rural,State - CHHATTISGARH,Buddhist,Total,24360,12065,12295,8610,5206,3404,4770,1893,2877,3029,1434,1595,10980,4966,6014,781,360,421
Rural,State - CHHATTISGARH,Buddhist,5-9,2065,1051,1014,7,4,3,13,7,6,4,1,3,2045,1040,1005,6,3,3
Rural,State - CHHATTISGARH,Buddhist,10-14,2475,1254,1221,23,13,10,91,44,47,14,7,7,2361,1197,1164,32,18,14
Rural,State - CHHATTISGARH,Buddhist,15-19,2208,1144,1064,261,157,104,358,186,172,239,130,109,1589,801,788,228,118,110
Rural,State - CHHATTISGARH,Buddhist,20-24,2176,1080,1096,788,461,327,734,333,401,566,291,275,654,286,368,236,125,111
Rural,State - CHHATTISGARH,Buddhist,25-29,1992,1003,989,1047,633,414,661,276,385,503,243,260,284,94,190,124,58,66
Rural,State - CHHATTISGARH,Buddhist,30-34,1839,867,972,1036,602,434,605,230,375,438,198,240,198,35,163,51,16,35
Rural,State - CHHATTISGARH,Buddhist,35-39,1897,907,990,1233,717,516,488,165,323,322,139,183,176,25,151,39,9,30
Rural,State - CHHATTISGARH,Buddhist,40-49,3246,1673,1573,2141,1326,815,857,303,554,549,243,306,248,44,204,29,4,25
Rural,State - CHHATTISGARH,Buddhist,50-59,2017,963,1054,1192,740,452,548,177,371,265,116,149,277,46,231,17,1,16
Rural,State - CHHATTISGARH,Buddhist,60-69,1504,675,829,628,374,254,305,117,188,102,50,52,571,184,387,10,4,6
Rural,State - CHHATTISGARH,Buddhist,70-79,702,335,367,211,155,56,85,43,42,21,13,8,406,137,269,7,2,5
Rural,State - CHHATTISGARH,Buddhist,80+,241,97,144,37,20,17,21,11,10,4,2,2,183,66,117,2,2,0
Rural,State - CHHATTISGARH,Buddhist,Age not stated,18,9,9,6,4,2,4,1,3,2,1,1,8,4,4,0,0,0
Rural,State - CHHATTISGARH,Buddhist,15-59,15375,7637,7738,7698,4636,3062,4251,1670,2581,2882,1360,1522,3426,1331,2095,724,331,393
Rural,State - CHHATTISGARH,Buddhist,60+,2447,1107,1340,876,549,327,411,171,240,127,65,62,1160,387,773,19,8,11
Rural,State - CHHATTISGARH,Jain,Total,6143,3209,2934,2015,1734,281,343,142,201,125,63,62,3785,1333,2452,242,98,144
Rural,State - CHHATTISGARH,Jain,5-9,585,302,283,2,2,0,3,1,2,0,0,0,580,299,281,0,0,0
Rural,State - CHHATTISGARH,Jain,10-14,508,244,264,4,3,1,10,7,3,1,1,0,494,234,260,3,2,1
Rural,State - CHHATTISGARH,Jain,15-19,457,247,210,21,14,7,30,24,6,10,7,3,406,209,197,42,26,16
Rural,State - CHHATTISGARH,Jain,20-24,548,266,282,153,125,28,41,18,23,22,14,8,354,123,231,80,39,41
Rural,State - CHHATTISGARH,Jain,25-29,542,276,266,268,229,39,34,14,20,18,8,10,240,33,207,44,15,29
Rural,State - CHHATTISGARH,Jain,30-34,569,287,282,286,251,35,56,19,37,24,11,13,227,17,210,28,6,22
Rural,State - CHHATTISGARH,Jain,35-39,516,283,233,305,264,41,35,12,23,12,5,7,176,7,169,21,6,15
Rural,State - CHHATTISGARH,Jain,40-49,758,424,334,464,398,66,59,17,42,21,9,12,235,9,226,16,2,14
Rural,State - CHHATTISGARH,Jain,50-59,522,268,254,288,244,44,33,12,21,12,7,5,201,12,189,4,1,3
Rural,State - CHHATTISGARH,Jain,60-69,367,190,177,163,151,12,28,12,16,4,1,3,176,27,149,2,0,2
Rural,State - CHHATTISGARH,Jain,70-79,165,79,86,42,38,4,12,5,7,0,0,0,111,36,75,2,1,1
Rural,State - CHHATTISGARH,Jain,80+,75,36,39,17,13,4,1,1,0,0,0,0,57,22,35,0,0,0
Rural,State - CHHATTISGARH,Jain,Age not stated,5,2,3,2,2,0,1,0,1,1,0,1,2,0,2,0,0,0
Rural,State - CHHATTISGARH,Jain,15-59,3912,2051,1861,1785,1525,260,288,116,172,119,61,58,1839,410,1429,235,95,140
Rural,State - CHHATTISGARH,Jain,60+,607,305,302,222,202,20,41,18,23,4,1,3,344,85,259,4,1,3
Rural,State - CHHATTISGARH,Other religious communities,Total,477073,235118,241955,167589,101906,65683,103778,36369,67409,55055,23925,31130,205706,96843,108863,6952,2938,4014
Rural,State - CHHATTISGARH,Other religious communities,5-9,55996,28052,27944,261,145,116,1251,585,666,97,40,57,54484,27322,27162,172,90,82
Rural,State - CHHATTISGARH,Other religious communities,10-14,54479,27434,27045,1506,795,711,6613,3021,3592,1441,668,773,46360,23618,22742,582,286,296
Rural,State - CHHATTISGARH,Other religious communities,15-19,47457,23123,24334,10423,5630,4793,14586,6316,8270,8158,3860,4298,22448,11177,11271,2389,1171,1218
Rural,State - CHHATTISGARH,Other religious communities,20-24,43694,20921,22773,20712,11711,9001,17017,6528,10489,11290,5301,5989,5965,2682,3283,1725,823,902
Rural,State - CHHATTISGARH,Other religious communities,25-29,36526,18378,18148,21630,13352,8278,12667,4424,8243,8055,3606,4449,2229,602,1627,643,257,386
Rural,State - CHHATTISGARH,Other religious communities,30-34,31433,15242,16191,19795,11861,7934,10287,3159,7128,6328,2606,3722,1351,222,1129,327,76,251
Rural,State - CHHATTISGARH,Other religious communities,35-39,32114,16028,16086,21502,13031,8471,9387,2797,6590,5590,2222,3368,1225,200,1025,280,53,227
Rural,State - CHHATTISGARH,Other religious communities,40-49,55073,27537,27536,37466,23015,14451,15265,4187,11078,8158,3068,5090,2342,335,2007,361,58,303
Rural,State - CHHATTISGARH,Other religious communities,50-59,34167,16992,17175,21499,13739,7760,9251,2662,6589,3963,1625,2338,3417,591,2826,201,41,160
Rural,State - CHHATTISGARH,Other religious communities,60-69,22497,10212,12285,9770,6486,3284,5431,1806,3625,1510,697,813,7296,1920,5376,185,55,130
Rural,State - CHHATTISGARH,Other religious communities,70-79,9146,3970,5176,2394,1709,685,1550,659,891,320,150,170,5202,1602,3600,58,19,39
Rural,State - CHHATTISGARH,Other religious communities,80+,3195,1416,1779,552,389,163,434,211,223,126,74,52,2209,816,1393,20,7,13
Rural,State - CHHATTISGARH,Other religious communities,Age not stated,221,107,114,79,43,36,39,14,25,19,8,11,103,50,53,9,2,7
Rural,State - CHHATTISGARH,Other religious communities,15-59,280464,138221,142243,153027,92339,60688,88460,30073,58387,51542,22288,29254,38977,15809,23168,5926,2479,3447
Rural,State - CHHATTISGARH,Other religious communities,60+,34838,15598,19240,12716,8584,4132,7415,2676,4739,1956,921,1035,14707,4338,10369,263,81,182
Urban,State - CHHATTISGARH,All religious communities,Total,5937237,3035469,2901768,1876443,1483423,393020,240668,128185,112483,119783,73613,46170,3820126,1423861,2396265,292399,133065,159334
Urban,State - CHHATTISGARH,All religious communities,5-9,552321,286283,266038,2250,1269,981,1852,939,913,290,146,144,548219,284075,264144,2855,1503,1352
Urban,State - CHHATTISGARH,All religious communities,10-14,594386,306111,288275,9372,6289,3083,6557,3619,2938,1615,941,674,578457,296203,282254,8669,5044,3625
Urban,State - CHHATTISGARH,All religious communities,15-19,601791,310117,291674,73242,55597,17645,25306,15189,10117,13002,8426,4576,503243,239331,263912,60304,34342,25962
Urban,State - CHHATTISGARH,All religious communities,20-24,615568,308216,307352,191558,153263,38295,37394,22404,14990,22305,14906,7399,386616,132549,254067,96669,49178,47491
Urban,State - CHHATTISGARH,All religious communities,25-29,549118,278711,270407,266770,214386,52384,34338,19803,14535,19784,12887,6897,248010,44522,203488,55527,23553,31974
Urban,State - CHHATTISGARH,All religious communities,30-34,475057,241567,233490,265329,210299,55030,29368,15104,14264,15901,9583,6318,180360,16164,164196,26796,8170,18626
Urban,State - CHHATTISGARH,All religious communities,35-39,449998,227923,222075,265228,205494,59734,27378,13157,14221,14372,8218,6154,157392,9272,148120,16225,3713,12512
Urban,State - CHHATTISGARH,All religious communities,40-49,733452,382718,350734,445974,350598,95376,40174,18861,21313,19444,10889,8555,247304,13259,234045,14777,3355,11422
Urban,State - CHHATTISGARH,All religious communities,50-59,437678,232073,205605,252720,205269,47451,20987,9936,11051,8136,4630,3506,163971,16868,147103,5355,1649,3706
Urban,State - CHHATTISGARH,All religious communities,60-69,259829,124596,135233,77544,59648,17896,12570,6377,6193,3776,2246,1530,169715,58571,111144,3631,1808,1823
Urban,State - CHHATTISGARH,All religious communities,70-79,107995,51802,56193,18559,14982,3577,3406,1991,1415,755,475,280,86030,34829,51201,915,436,479
Urban,State - CHHATTISGARH,All religious communities,80+,37538,16312,21226,5328,4312,1016,891,519,372,233,147,86,31319,11481,19838,455,205,250
Urban,State - CHHATTISGARH,All religious communities,Age not stated,9128,4865,4263,2569,2017,552,447,286,161,170,119,51,6112,2562,3550,221,109,112
Urban,State - CHHATTISGARH,All religious communities,15-59,3862662,1981325,1881337,1760821,1394906,365915,214945,114454,100491,112944,69539,43405,1886896,471965,1414931,275653,123960,151693
Urban,State - CHHATTISGARH,All religious communities,60+,405362,192710,212652,101431,78942,22489,16867,8887,7980,4764,2868,1896,287064,104881,182183,5001,2449,2552
Urban,State - CHHATTISGARH,Hindu,Total,5255642,2689242,2566400,1665200,1312260,352940,221903,117379,104524,111391,67986,43405,3368539,1259603,2108936,256616,116914,139702
Urban,State - CHHATTISGARH,Hindu,5-9,491665,254505,237160,2045,1143,902,1679,854,825,266,132,134,487941,252508,235433,2564,1341,1223
Urban,State - CHHATTISGARH,Hindu,10-14,529475,272271,257204,8522,5650,2872,5829,3222,2607,1476,863,613,515124,263399,251725,7805,4539,3266
Urban,State - CHHATTISGARH,Hindu,15-19,534191,275357,258834,66342,49859,16483,23171,13917,9254,12027,7801,4226,444678,211581,233097,53471,30499,22972
Urban,State - CHHATTISGARH,Hindu,20-24,545106,273519,271587,171303,136665,34638,34313,20478,13835,20543,13681,6862,339490,116376,223114,84871,43263,41608
Urban,State - CHHATTISGARH,Hindu,25-29,485847,247286,238561,237482,190568,46914,31613,18050,13563,18289,11829,6460,216752,38668,178084,48408,20483,27925
Urban,State - CHHATTISGARH,Hindu,30-34,420463,214235,206228,235840,186332,49508,27250,13866,13384,14805,8823,5982,157373,14037,143336,23334,7074,16260
Urban,State - CHHATTISGARH,Hindu,35-39,397794,201908,195886,235597,181776,53821,25331,12089,13242,13437,7630,5807,136866,8043,128823,14062,3220,10842
Urban,State - CHHATTISGARH,Hindu,40-49,646914,338048,308866,394335,309314,85021,37205,17308,19897,18193,10079,8114,215374,11426,203948,12843,2856,9987
Urban,State - CHHATTISGARH,Hindu,50-59,384863,204330,180533,222627,180596,42031,19481,9145,10336,7682,4337,3345,142755,14589,128166,4660,1397,3263
Urban,State - CHHATTISGARH,Hindu,60-69,227568,109125,118443,68033,51873,16160,11680,5883,5797,3578,2105,1473,147855,51369,96486,3209,1591,1618
Urban,State - CHHATTISGARH,Hindu,70-79,93841,44949,48892,16161,12981,3180,3155,1846,1309,720,454,266,74525,30122,44403,799,382,417
Urban,State - CHHATTISGARH,Hindu,80+,32635,14100,18535,4606,3701,905,805,473,332,217,139,78,27224,9926,17298,401,176,225
Urban,State - CHHATTISGARH,Hindu,Age not stated,7938,4242,3696,2307,1802,505,391,248,143,158,113,45,5240,2192,3048,189,93,96
Urban,State - CHHATTISGARH,Hindu,15-59,3415178,1754683,1660495,1563526,1235110,328416,198364,104853,93511,104976,64180,40796,1653288,414720,1238568,241649,108792,132857
Urban,State - CHHATTISGARH,Hindu,60+,354044,168174,185870,88800,68555,20245,15640,8202,7438,4515,2698,1817,249604,91417,158187,4409,2149,2260
Urban,State - CHHATTISGARH,Muslim,Total,358458,184436,174022,103790,90483,13307,9083,5998,3085,4190,3059,1131,245585,87955,157630,19327,8922,10405
Urban,State - CHHATTISGARH,Muslim,5-9,34387,17773,16614,138,83,55,91,39,52,16,9,7,34158,17651,16507,168,99,69
Urban,State - CHHATTISGARH,Muslim,10-14,35734,18807,16927,545,439,106,257,168,89,71,51,20,34932,18200,16732,567,336,231
Urban,State - CHHATTISGARH,Muslim,15-19,37191,19350,17841,4794,4234,560,983,720,263,481,360,121,31414,14396,17018,4200,2446,1754
Urban,State - CHHATTISGARH,Muslim,20-24,39222,19630,19592,11915,10630,1285,1493,1094,399,839,665,174,25814,7906,17908,6334,3284,3050
Urban,State - CHHATTISGARH,Muslim,25-29,34887,17655,17232,15646,13836,1810,1392,983,409,744,551,193,17849,2836,15013,3641,1511,2130
Urban,State - CHHATTISGARH,Muslim,30-34,28789,14836,13953,14874,13109,1765,1071,695,376,566,421,145,12844,1032,11812,1706,493,1213
Urban,State - CHHATTISGARH,Muslim,35-39,26515,13523,12992,14287,12331,1956,1032,612,420,454,315,139,11196,580,10616,1119,233,886
Urban,State - CHHATTISGARH,Muslim,40-49,40603,21558,19045,22992,19813,3179,1448,869,579,652,440,212,16163,876,15287,929,223,706
Urban,State - CHHATTISGARH,Muslim,50-59,23509,12480,11029,12622,10967,1655,675,408,267,213,139,74,10212,1105,9107,336,128,208
Urban,State - CHHATTISGARH,Muslim,60-69,15138,7398,7740,4445,3739,706,421,271,150,116,84,32,10272,3388,6884,227,119,108
Urban,State - CHHATTISGARH,Muslim,70-79,6496,3199,3297,1062,901,161,138,86,52,24,16,8,5296,2212,3084,58,27,31
Urban,State - CHHATTISGARH,Muslim,80+,2260,1017,1243,328,281,47,50,30,20,8,5,3,1882,706,1176,26,15,11
Urban,State - CHHATTISGARH,Muslim,Age not stated,628,316,312,142,120,22,32,23,9,6,3,3,454,173,281,16,8,8
Urban,State - CHHATTISGARH,Muslim,15-59,230716,119032,111684,97130,84920,12210,8094,5381,2713,3949,2891,1058,125492,28731,96761,18265,8318,9947
Urban,State - CHHATTISGARH,Muslim,60+,23894,11614,12280,5835,4921,914,609,387,222,148,105,43,17450,6306,11144,311,161,150
Urban,State - CHHATTISGARH,Christian,Total,134528,65299,69229,46154,30409,15745,4193,2194,1999,1983,1201,782,84181,32696,51485,8591,3773,4818
Urban,State - CHHATTISGARH,Christian,5-9,10718,5539,5179,26,16,10,24,11,13,3,2,1,10668,5512,5156,40,23,17
Urban,State - CHHATTISGARH,Christian,10-14,12597,6315,6282,121,73,48,146,75,71,26,12,14,12330,6167,6163,143,81,62
Urban,State - CHHATTISGARH,Christian,15-19,13666,6664,7002,865,590,275,516,234,282,221,111,110,12285,5840,6445,1345,665,680
Urban,State - CHHATTISGARH,Christian,20-24,13936,6272,7664,3552,2177,1375,704,365,339,431,247,184,9680,3730,5950,2845,1307,1538
Urban,State - CHHATTISGARH,Christian,25-29,12111,5742,6369,5878,3711,2167,610,377,233,365,245,120,5623,1654,3969,1909,889,1020
Urban,State - CHHATTISGARH,Christian,30-34,10320,4835,5485,6219,3995,2224,487,278,209,273,175,98,3614,562,3052,925,339,586
Urban,State - CHHATTISGARH,Christian,35-39,10246,4889,5357,6633,4351,2282,433,217,216,220,134,86,3180,321,2859,549,160,389
Urban,State - CHHATTISGARH,Christian,40-49,19018,9179,9839,12757,8394,4363,628,306,322,259,160,99,5633,479,5154,515,174,341
Urban,State - CHHATTISGARH,Christian,50-59,12432,6493,5939,8046,5711,2335,394,202,192,136,83,53,3992,580,3412,179,62,117
Urban,State - CHHATTISGARH,Christian,60-69,6549,2972,3577,1571,1052,519,182,92,90,35,25,10,4796,1828,2968,93,47,46
Urban,State - CHHATTISGARH,Christian,70-79,2848,1377,1471,345,238,107,46,23,23,6,3,3,2457,1116,1341,24,14,10
Urban,State - CHHATTISGARH,Christian,80+,823,362,461,105,76,29,17,9,8,6,3,3,701,277,424,18,9,9
Urban,State - CHHATTISGARH,Christian,Age not stated,127,65,62,36,25,11,6,5,1,2,1,1,85,35,50,6,3,3
Urban,State - CHHATTISGARH,Christian,15-59,91729,44074,47655,43950,28929,15021,3772,1979,1793,1905,1155,750,44007,13166,30841,8267,3596,4671
Urban,State - CHHATTISGARH,Christian,60+,10220,4711,5509,2021,1366,655,245,124,121,47,31,16,7954,3221,4733,135,70,65
Urban,State - CHHATTISGARH,Sikh,Total,64583,33662,30921,20662,18156,2506,921,573,348,305,214,91,43000,14933,28067,2653,1242,1411
Urban,State - CHHATTISGARH,Sikh,5-9,4997,2781,2216,12,11,1,24,15,9,3,2,1,4961,2755,2206,24,10,14
Urban,State - CHHATTISGARH,Sikh,10-14,5474,2982,2492,57,43,14,45,22,23,8,2,6,5372,2917,2455,62,39,23
Urban,State - CHHATTISGARH,Sikh,15-19,5698,3072,2626,407,345,62,92,61,31,26,21,5,5199,2666,2533,456,271,185
Urban,State - CHHATTISGARH,Sikh,20-24,6025,3064,2961,1719,1472,247,149,95,54,66,46,20,4157,1497,2660,884,472,412
Urban,State - CHHATTISGARH,Sikh,25-29,5660,2861,2799,2670,2320,350,123,82,41,56,38,18,2867,459,2408,495,220,275
Urban,State - CHHATTISGARH,Sikh,30-34,5302,2688,2614,2779,2450,329,79,52,27,35,25,10,2444,186,2258,252,87,165
Urban,State - CHHATTISGARH,Sikh,35-39,5377,2665,2712,2860,2488,372,91,51,40,36,23,13,2426,126,2300,171,38,133
Urban,State - CHHATTISGARH,Sikh,40-49,9452,4957,4495,5313,4654,659,162,95,67,53,42,11,3977,208,3769,186,47,139
Urban,State - CHHATTISGARH,Sikh,50-59,6004,3195,2809,3231,2899,332,82,52,30,16,10,6,2691,244,2447,68,29,39
Urban,State - CHHATTISGARH,Sikh,60-69,3586,1732,1854,1151,1053,98,48,30,18,5,4,1,2387,649,1738,39,21,18
Urban,State - CHHATTISGARH,Sikh,70-79,1871,933,938,338,304,34,18,12,6,1,1,0,1515,617,898,9,3,6
Urban,State - CHHATTISGARH,Sikh,80+,711,372,339,107,99,8,7,5,2,0,0,0,597,268,329,6,4,2
Urban,State - CHHATTISGARH,Sikh,Age not stated,81,43,38,18,18,0,1,1,0,0,0,0,62,24,38,1,1,0
Urban,State - CHHATTISGARH,Sikh,15-59,43518,22502,21016,18979,16628,2351,778,488,290,288,205,83,23761,5386,18375,2512,1164,1348
Urban,State - CHHATTISGARH,Sikh,60+,6168,3037,3131,1596,1456,140,73,47,26,6,5,1,4499,1534,2965,54,28,26
Urban,State - CHHATTISGARH,Buddhist,Total,46107,22882,23225,16575,11567,5008,1153,689,464,594,411,183,28379,10626,17753,2605,1118,1487
Urban,State - CHHATTISGARH,Buddhist,5-9,3651,1879,1772,9,5,4,11,8,3,1,0,1,3631,1866,1765,16,10,6
Urban,State - CHHATTISGARH,Buddhist,10-14,3972,2009,1963,33,25,8,27,18,9,7,4,3,3912,1966,1946,23,14,9
Urban,State - CHHATTISGARH,Buddhist,15-19,4085,2038,2047,428,283,145,60,43,17,30,25,5,3597,1712,1885,403,219,184
Urban,State - CHHATTISGARH,Buddhist,20-24,4265,2159,2106,1301,945,356,159,102,57,96,66,30,2805,1112,1693,804,409,395
Urban,State - CHHATTISGARH,Buddhist,25-29,4234,2035,2199,2095,1461,634,190,120,70,119,85,34,1949,454,1495,592,254,338
Urban,State - CHHATTISGARH,Buddhist,30-34,3940,1920,2020,2380,1651,729,148,91,57,83,60,23,1412,178,1234,336,105,231
Urban,State - CHHATTISGARH,Buddhist,35-39,3930,1898,2032,2507,1721,786,157,87,70,91,57,34,1266,90,1176,171,32,139
Urban,State - CHHATTISGARH,Buddhist,40-49,6652,3422,3230,4548,3193,1355,206,122,84,106,74,32,1898,107,1791,157,26,131
Urban,State - CHHATTISGARH,Buddhist,50-59,3931,1933,1998,2378,1718,660,101,49,52,38,24,14,1452,166,1286,54,20,34
Urban,State - CHHATTISGARH,Buddhist,60-69,2691,1222,1469,702,443,259,67,38,29,20,14,6,1922,741,1181,30,20,10
Urban,State - CHHATTISGARH,Buddhist,70-79,1039,452,587,139,82,57,18,9,9,1,1,0,882,361,521,14,7,7
Urban,State - CHHATTISGARH,Buddhist,80+,333,127,206,43,32,11,6,0,6,1,0,1,284,95,189,1,0,1
Urban,State - CHHATTISGARH,Buddhist,Age not stated,52,27,25,12,8,4,3,2,1,1,1,0,37,17,20,4,2,2
Urban,State - CHHATTISGARH,Buddhist,15-59,31037,15405,15632,15637,10972,4665,1021,614,407,563,391,172,14379,3819,10560,2517,1065,1452
Urban,State - CHHATTISGARH,Buddhist,60+,4063,1801,2262,884,557,327,91,47,44,22,15,7,3088,1197,1891,45,27,18
Urban,State - CHHATTISGARH,Jain,Total,55367,28383,26984,18007,16259,1748,515,294,221,156,100,56,36845,11830,25015,1770,703,1067
Urban,State - CHHATTISGARH,Jain,5-9,4130,2169,1961,8,4,4,7,3,4,1,1,0,4115,2162,1953,34,17,17
Urban,State - CHHATTISGARH,Jain,10-14,4397,2267,2130,36,25,11,21,10,11,4,2,2,4340,2232,2108,51,31,20
Urban,State - CHHATTISGARH,Jain,15-19,4479,2324,2155,117,99,18,34,20,14,10,4,6,4328,2205,2123,261,128,133
Urban,State - CHHATTISGARH,Jain,20-24,4727,2395,2332,1010,856,154,73,51,22,42,28,14,3644,1488,2156,653,299,354
Urban,State - CHHATTISGARH,Jain,25-29,4565,2265,2300,2138,1903,235,73,48,25,33,20,13,2354,314,2040,327,130,197
Urban,State - CHHATTISGARH,Jain,30-34,4770,2368,2402,2463,2219,244,52,33,19,17,15,2,2255,116,2139,158,45,113
Urban,State - CHHATTISGARH,Jain,35-39,4711,2372,2339,2552,2258,294,52,26,26,11,5,6,2107,88,2019,114,21,93
Urban,State - CHHATTISGARH,Jain,40-49,8482,4386,4096,4665,4226,439,107,45,62,25,14,11,3710,115,3595,101,17,84
Urban,State - CHHATTISGARH,Jain,50-59,5578,2984,2594,3054,2826,228,49,26,23,11,9,2,2475,132,2343,36,7,29
Urban,State - CHHATTISGARH,Jain,60-69,3450,1780,1670,1377,1289,88,34,22,12,2,2,0,2039,469,1570,22,4,18
Urban,State - CHHATTISGARH,Jain,70-79,1597,773,824,449,425,24,11,10,1,0,0,0,1137,338,799,10,2,8
Urban,State - CHHATTISGARH,Jain,80+,660,281,379,118,109,9,0,0,0,0,0,0,542,172,370,2,1,1
Urban,State - CHHATTISGARH,Jain,Age not stated,86,45,41,20,20,0,2,0,2,0,0,0,64,25,39,1,1,0
Urban,State - CHHATTISGARH,Jain,15-59,37312,19094,18218,15999,14387,1612,440,249,191,149,95,54,20873,4458,16415,1650,647,1003
Urban,State - CHHATTISGARH,Jain,60+,5707,2834,2873,1944,1823,121,45,32,13,2,2,0,3718,979,2739,34,7,27
Urban,State - CHHATTISGARH,Other religious communities,Total,17521,9044,8477,5249,3691,1558,2652,926,1726,1042,577,465,9620,4427,5193,587,260,327
Urban,State - CHHATTISGARH,Other religious communities,5-9,2123,1280,843,7,4,3,5,3,2,0,0,0,2111,1273,838,1,0,1
Urban,State - CHHATTISGARH,Other religious communities,10-14,2176,1177,999,46,23,23,222,100,122,20,6,14,1908,1054,854,10,2,8
Urban,State - CHHATTISGARH,Other religious communities,15-19,1959,1021,938,232,146,86,419,174,245,190,93,97,1308,701,607,125,87,38
Urban,State - CHHATTISGARH,Other religious communities,20-24,1785,911,874,622,413,209,463,195,268,267,159,108,700,303,397,205,102,103
Urban,State - CHHATTISGARH,Other religious communities,25-29,1434,685,749,732,488,244,303,121,182,157,103,54,399,76,323,104,40,64
Urban,State - CHHATTISGARH,Other religious communities,30-34,1201,548,653,656,451,205,250,75,175,104,57,47,295,22,273,55,12,43
Urban,State - CHHATTISGARH,Other religious communities,35-39,1216,579,637,698,500,198,260,63,197,110,49,61,258,16,242,32,5,27
Urban,State - CHHATTISGARH,Other religious communities,40-49,2007,1047,960,1240,919,321,384,102,282,139,72,67,383,26,357,34,5,29
Urban,State - CHHATTISGARH,Other religious communities,50-59,1170,590,580,702,510,192,197,50,147,37,27,10,271,30,241,17,4,13
Urban,State - CHHATTISGARH,Other religious communities,60-69,678,311,367,242,182,60,124,35,89,15,10,5,312,94,218,4,3,1
Urban,State - CHHATTISGARH,Other religious communities,70-79,228,97,131,55,43,12,16,4,12,2,0,2,157,50,107,0,0,0
Urban,State - CHHATTISGARH,Other religious communities,80+,82,37,45,16,11,5,5,2,3,0,0,0,61,24,37,0,0,0
Urban,State - CHHATTISGARH,Other religious communities,Age not stated,16,9,7,1,1,0,4,2,2,1,1,0,11,6,5,0,0,0
Urban,State - CHHATTISGARH,Other religious communities,15-59,10772,5381,5391,4882,3427,1455,2276,780,1496,1004,560,444,3614,1174,2440,572,255,317
Urban,State - CHHATTISGARH,Other religious communities,60+,988,445,543,313,236,77,145,41,104,17,10,7,530,168,362,4,3,1
Total,State - MADHYA PRADESH,All religious communities,Total,72626809,37612306,35014503,22702119,16362065,6340054,8872014,3784905,5087109,4454051,2400133,2053918,41052676,17465336,23587340,2350175,1064309,1285866
Total,State - MADHYA PRADESH,All religious communities,5-9,8266455,4309693,3956762,59120,32195,26925,76610,38380,38230,12596,6593,6003,8130725,4239118,3891607,53123,28125,24998
Total,State - MADHYA PRADESH,All religious communities,10-14,8564501,4439329,4125172,227190,136763,90427,337319,166528,170791,93711,51027,42684,7999992,4136038,3863954,130990,73488,57502
Total,State - MADHYA PRADESH,All religious communities,15-19,7446789,3980072,3466717,1319093,904914,414179,1066691,551842,514849,558899,336210,222689,5061005,2523316,2537689,617238,360413,256825
Total,State - MADHYA PRADESH,All religious communities,20-24,6727579,3554088,3173491,2648195,1912468,735727,1365156,661264,703892,795902,472786,323116,2714228,980356,1733872,641250,335922,305328
Total,State - MADHYA PRADESH,All religious communities,25-29,5787506,2988325,2799181,2988644,2180464,808180,1170686,511794,658892,660861,366939,293922,1628176,296067,1332109,334615,130871,203744
Total,State - MADHYA PRADESH,All religious communities,30-34,5214960,2650705,2564255,2972289,2132963,839326,1025663,400817,624846,560653,286523,274130,1217008,116925,1100083,176643,45377,131266
Total,State - MADHYA PRADESH,All religious communities,35-39,4861671,2493464,2368207,2901257,2068377,832880,929268,351849,577419,497477,247798,249679,1031146,73238,957908,119078,22210,96868
Total,State - MADHYA PRADESH,All religious communities,40-49,7737435,4032686,3704749,4750410,3419357,1331053,1375663,502448,873215,696702,339929,356773,1611362,110881,1500481,136941,24571,112370
Total,State - MADHYA PRADESH,All religious communities,50-59,4752449,2476765,2275684,2813690,2070947,742743,774798,276923,497875,338154,165629,172525,1163961,128895,1035066,65619,15382,50237
Total,State - MADHYA PRADESH,All religious communities,60-69,3414471,1669468,1745003,1429971,1045822,384149,521235,208153,313082,178908,91555,87353,1463265,415493,1047772,49841,17602,32239
Total,State - MADHYA PRADESH,All religious communities,70-79,1630776,790053,840723,449111,348234,100877,173884,86241,87643,44848,26290,18558,1007781,355578,652203,16991,6839,10152
Total,State - MADHYA PRADESH,All religious communities,80+,668069,310035,358034,124033,95452,28581,48084,25199,22885,12534,7224,5310,495952,189384,306568,6059,2641,3418
Total,State - MADHYA PRADESH,All religious communities,Age not stated,82862,43376,39486,19116,14109,5007,6957,3467,3490,2806,1630,1176,56789,25800,30989,1787,868,919
Total,State - MADHYA PRADESH,All religious communities,15-59,42528389,22176105,20352284,20393578,14689490,5704088,7707925,3256937,4450988,4108648,2215814,1892834,14426886,4229678,10197208,2091384,934746,1156638
Total,State - MADHYA PRADESH,All religious communities,60+,5713316,2769556,2943760,2003115,1489508,513607,743203,319593,423610,236290,125069,111221,2966998,960455,2006543,72891,27082,45809
Total,State - MADHYA PRADESH,Hindu,Total,66007121,34225297,31781824,20758517,14844199,5914318,8304205,3508843,4795362,4155759,2229813,1925946,36944399,15872255,21072144,2073098,944451,1128647
Total,State - MADHYA PRADESH,Hindu,5-9,7543876,3936250,3607626,54027,29403,24624,70977,35500,35477,11542,6016,5526,7418872,3871347,3547525,48008,25427,22581
Total,State - MADHYA PRADESH,Hindu,10-14,7814668,4052403,3762265,207079,122946,84133,317067,155891,161176,87641,47370,40271,7290522,3773566,3516956,116257,64667,51590
Total,State - MADHYA PRADESH,Hindu,15-19,6739223,3612302,3126921,1191532,806868,384664,994702,511144,483558,519720,311207,208513,4552989,2294290,2258699,544917,319240,225677
Total,State - MADHYA PRADESH,Hindu,20-24,6073689,3217374,2856315,2411892,1724474,687418,1275335,612504,662831,741976,439175,302801,2386462,880396,1506066,566943,299883,267060
Total,State - MADHYA PRADESH,Hindu,25-29,5237436,2709245,2528191,2729191,1973132,756059,1096095,474043,622052,617467,341289,276178,1412150,262070,1150080,292867,115809,177058
Total,State - MADHYA PRADESH,Hindu,30-34,4737277,2409498,2327779,2720789,1934954,785835,961572,371485,590087,524326,266665,257661,1054916,103059,951857,154900,40087,114813
Total,State - MADHYA PRADESH,Hindu,35-39,4420419,2270204,2150215,2656639,1879647,776992,870340,325866,544474,464723,230558,234165,893440,64691,828749,103978,19539,84439
Total,State - MADHYA PRADESH,Hindu,40-49,7035187,3668613,3366574,4345660,3106457,1239203,1287042,464493,822549,649602,315614,333988,1402485,97663,1304822,120544,21713,98831
Total,State - MADHYA PRADESH,Hindu,50-59,4324499,2255484,2069015,2578307,1886426,691881,725846,256002,469844,315341,153777,161564,1020346,113056,907290,58211,13415,44796
Total,State - MADHYA PRADESH,Hindu,60-69,3114709,1522911,1591798,1317207,958634,358573,490071,194254,295817,167287,85391,81896,1307431,370023,937408,44333,15434,28899
Total,State - MADHYA PRADESH,Hindu,70-79,1493098,724041,769057,415572,321491,94081,164001,81101,82900,42012,24598,17414,913525,321449,592076,15256,6140,9116
Total,State - MADHYA PRADESH,Hindu,80+,608280,283345,324935,113994,87566,26428,44993,23514,21479,11640,6703,4937,449293,172265,277028,5369,2337,3032
Total,State - MADHYA PRADESH,Hindu,Age not stated,71729,37707,34022,16628,12201,4427,6164,3046,3118,2482,1450,1032,48937,22460,26477,1515,760,755
Total,State - MADHYA PRADESH,Hindu,15-59,38567730,20142720,18425010,18634010,13311958,5322052,7210932,3015537,4195395,3833155,2058285,1774870,12722788,3815225,8907563,1842360,829686,1012674
Total,State - MADHYA PRADESH,Hindu,60+,5216087,2530297,2685790,1846773,1367691,479082,699065,298869,400196,220939,116692,104247,2670249,863737,1806512,64958,23911,41047
Total,State - MADHYA PRADESH,Muslim,Total,4774695,2454832,2319863,1366124,1106414,259710,339171,175413,163758,166041,105030,61011,3069400,1173005,1896395,207338,88158,119180
Total,State - MADHYA PRADESH,Muslim,5-9,547113,282651,264462,3451,1943,1508,3358,1723,1635,719,400,319,540304,278985,261319,4008,2122,1886
Total,State - MADHYA PRADESH,Muslim,10-14,564768,292291,272477,16123,11507,4616,13031,7113,5918,4219,2676,1543,535614,273671,261943,12451,7585,4866
Total,State - MADHYA PRADESH,Muslim,15-19,532574,277865,254709,106172,84688,21484,47525,28620,18905,24959,17475,7484,378877,164557,214320,57103,32679,24424
Total,State - MADHYA PRADESH,Muslim,20-24,487607,252406,235201,184293,153617,30676,55528,32553,22975,31426,21864,9562,247786,66236,181550,52806,24860,27946
Total,State - MADHYA PRADESH,Muslim,25-29,402711,203924,198787,188867,157069,31798,44873,23959,20914,23946,15532,8414,168971,22896,146075,30017,9948,20069
Total,State - MADHYA PRADESH,Muslim,30-34,341652,173376,168276,178086,145326,32760,38320,18448,19872,19817,11943,7874,125246,9602,115644,16161,3534,12627
Total,State - MADHYA PRADESH,Muslim,35-39,309293,157749,151544,170025,136013,34012,34484,15816,18668,17356,10029,7327,104784,5920,98864,11331,1779,9552
Total,State - MADHYA PRADESH,Muslim,40-49,469081,246492,222589,267587,214730,52857,49882,22514,27368,23830,13638,10192,151612,9248,142364,12212,1924,10288
Total,State - MADHYA PRADESH,Muslim,50-59,273252,142471,130781,147548,119260,28288,26617,11980,14637,11232,6432,4800,99087,11231,87856,5414,1367,4047
Total,State - MADHYA PRADESH,Muslim,60-69,197430,97507,99923,74186,58322,15864,17355,8134,9221,6162,3541,2621,105889,31051,74838,3895,1557,2338
Total,State - MADHYA PRADESH,Muslim,70-79,89799,43573,46226,21762,17517,4245,5845,3230,2615,1673,1064,609,62192,22826,39366,1251,516,735
Total,State - MADHYA PRADESH,Muslim,80+,40443,18048,22395,6661,5337,1324,1956,1097,859,553,338,215,31826,11614,20212,517,230,287
Total,State - MADHYA PRADESH,Muslim,Age not stated,6149,3078,3071,1363,1085,278,397,226,171,149,98,51,4389,1767,2622,172,57,115
Total,State - MADHYA PRADESH,Muslim,15-59,2816170,1454283,1361887,1242578,1010703,231875,297229,153890,143339,152566,96913,55653,1276363,289690,986673,185044,76091,108953
Total,State - MADHYA PRADESH,Muslim,60+,327672,159128,168544,102609,81176,21433,25156,12461,12695,8388,4943,3445,199907,65491,134416,5663,2303,3360
Total,State - MADHYA PRADESH,Christian,Total,213282,105297,107985,76069,46572,29497,17862,8060,9802,9532,4875,4657,119351,50665,68686,10517,4836,5681
Total,State - MADHYA PRADESH,Christian,5-9,20298,10473,9825,185,103,82,281,134,147,40,18,22,19832,10236,9596,125,65,60
Total,State - MADHYA PRADESH,Christian,10-14,21325,10892,10433,531,308,223,1141,552,589,290,129,161,19653,10032,9621,341,179,162
Total,State - MADHYA PRADESH,Christian,15-19,19800,9770,10030,2617,1514,1103,2168,1029,1139,1202,603,599,15015,7227,7788,1940,1088,852
Total,State - MADHYA PRADESH,Christian,20-24,19646,9319,10327,6317,3647,2670,2636,1227,1409,1655,863,792,10693,4445,6248,3103,1525,1578
Total,State - MADHYA PRADESH,Christian,25-29,17323,8433,8890,8980,5464,3516,2350,1105,1245,1480,793,687,5993,1864,4129,1947,863,1084
Total,State - MADHYA PRADESH,Christian,30-34,16022,7767,8255,9903,6165,3738,1973,878,1095,1243,635,608,4146,724,3422,1006,357,649
Total,State - MADHYA PRADESH,Christian,35-39,15632,7627,8005,10534,6403,4131,1715,781,934,1028,532,496,3383,443,2940,664,202,462
Total,State - MADHYA PRADESH,Christian,40-49,27717,13652,14065,19314,11875,7439,2658,1076,1582,1390,681,709,5745,701,5044,710,229,481
Total,State - MADHYA PRADESH,Christian,50-59,18811,9502,9309,12540,7871,4669,1622,700,922,744,380,364,4649,931,3718,333,149,184
Total,State - MADHYA PRADESH,Christian,60-69,11284,5305,5979,3712,2298,1414,905,392,513,348,181,167,6667,2615,4052,251,133,118
Total,State - MADHYA PRADESH,Christian,70-79,5007,2312,2695,977,646,331,297,130,167,78,42,36,3733,1536,2197,64,34,30
Total,State - MADHYA PRADESH,Christian,80+,1852,783,1069,326,198,128,90,45,45,23,14,9,1436,540,896,21,7,14
Total,State - MADHYA PRADESH,Christian,Age not stated,377,198,179,133,80,53,26,11,15,11,4,7,218,107,111,12,5,7
Total,State - MADHYA PRADESH,Christian,15-59,134951,66070,68881,70205,42939,27266,15122,6796,8326,8742,4487,4255,49624,16335,33289,9703,4413,5290
Total,State - MADHYA PRADESH,Christian,60+,18143,8400,9743,5015,3142,1873,1292,567,725,449,237,212,11836,4691,7145,336,174,162
Total,State - MADHYA PRADESH,Sikh,Total,151412,80341,71071,49400,42265,7135,6331,3117,3214,2314,1429,885,95681,34959,60722,5865,2565,3300
Total,State - MADHYA PRADESH,Sikh,5-9,12182,6737,5445,74,42,32,77,43,34,23,13,10,12031,6652,5379,78,41,37
Total,State - MADHYA PRADESH,Sikh,10-14,13671,7454,6217,239,176,63,170,100,70,49,32,17,13262,7178,6084,204,117,87
Total,State - MADHYA PRADESH,Sikh,15-19,14265,7733,6532,1609,1342,267,635,377,258,274,190,84,12021,6014,6007,1194,719,475
Total,State - MADHYA PRADESH,Sikh,20-24,14539,7761,6778,4735,4052,683,961,520,441,465,299,166,8843,3189,5654,1797,915,882
Total,State - MADHYA PRADESH,Sikh,25-29,13229,7096,6133,6620,5721,899,881,447,434,385,247,138,5728,928,4800,929,345,584
Total,State - MADHYA PRADESH,Sikh,30-34,12044,6418,5626,6653,5695,958,716,335,381,282,173,109,4675,388,4287,461,125,336
Total,State - MADHYA PRADESH,Sikh,35-39,11086,5689,5397,6113,5141,972,677,274,403,216,106,110,4296,274,4022,376,71,305
Total,State - MADHYA PRADESH,Sikh,40-49,19650,10166,9484,10960,9290,1670,1008,434,574,310,187,123,7682,442,7240,404,88,316
Total,State - MADHYA PRADESH,Sikh,50-59,13378,6942,6436,7177,6227,950,596,273,323,193,113,80,5605,442,5163,194,49,145
Total,State - MADHYA PRADESH,Sikh,60-69,9134,4653,4481,3485,3051,434,382,183,199,76,44,32,5267,1419,3848,161,67,94
Total,State - MADHYA PRADESH,Sikh,70-79,4549,2415,2134,1233,1099,134,160,92,68,22,13,9,3156,1224,1932,41,16,25
Total,State - MADHYA PRADESH,Sikh,80+,2171,1038,1133,392,336,56,38,21,17,11,8,3,1741,681,1060,16,8,8
Total,State - MADHYA PRADESH,Sikh,Age not stated,351,202,149,110,93,17,30,18,12,8,4,4,211,91,120,10,4,6
Total,State - MADHYA PRADESH,Sikh,15-59,98191,51805,46386,43867,37468,6399,5474,2660,2814,2125,1315,810,48850,11677,37173,5355,2312,3043
Total,State - MADHYA PRADESH,Sikh,60+,15854,8106,7748,5110,4486,624,580,296,284,109,65,44,10164,3324,6840,218,91,127
Total,State - MADHYA PRADESH,Buddhist,Total,216052,109813,106239,68748,46589,22159,27676,12815,14861,15360,8479,6881,119628,50409,69219,10047,4661,5386
Total,State - MADHYA PRADESH,Buddhist,5-9,19781,10282,9499,122,60,62,119,63,56,18,12,6,19540,10159,9381,100,43,57
Total,State - MADHYA PRADESH,Buddhist,10-14,21928,11336,10592,317,201,116,438,227,211,126,75,51,21173,10908,10265,261,165,96
Total,State - MADHYA PRADESH,Buddhist,15-19,21696,11406,10290,2707,1934,773,2074,1176,898,1164,734,430,16915,8296,8619,2086,1210,876
Total,State - MADHYA PRADESH,Buddhist,20-24,21344,11120,10224,6587,4725,1862,3939,2165,1774,2557,1592,965,10818,4230,6588,3184,1588,1596
Total,State - MADHYA PRADESH,Buddhist,25-29,18376,9552,8824,8456,5901,2555,3791,1929,1862,2373,1416,957,6129,1722,4407,2018,953,1065
Total,State - MADHYA PRADESH,Buddhist,30-34,16323,8215,8108,9040,6064,2976,3367,1530,1837,2068,1133,935,3916,621,3295,892,329,563
Total,State - MADHYA PRADESH,Buddhist,35-39,15525,7895,7630,9277,6171,3106,3182,1423,1759,1877,1009,868,3066,301,2765,523,115,408
Total,State - MADHYA PRADESH,Buddhist,40-49,25721,13152,12569,16017,10762,5255,4867,1979,2888,2718,1345,1373,4837,411,4426,491,105,386
Total,State - MADHYA PRADESH,Buddhist,50-59,17015,8496,8519,9972,6732,3240,3089,1180,1909,1428,676,752,3954,584,3370,210,55,155
Total,State - MADHYA PRADESH,Buddhist,60-69,12800,5775,7025,4707,2986,1721,2126,808,1318,808,372,436,5967,1981,3986,179,63,116
Total,State - MADHYA PRADESH,Buddhist,70-79,5431,2428,3003,1154,781,373,546,264,282,179,95,84,3731,1383,2348,60,19,41
Total,State - MADHYA PRADESH,Buddhist,80+,1769,790,979,271,186,85,114,60,54,30,14,16,1384,544,840,23,10,13
Total,State - MADHYA PRADESH,Buddhist,Age not stated,377,197,180,121,86,35,24,11,13,14,6,8,232,100,132,20,6,14
Total,State - MADHYA PRADESH,Buddhist,15-59,136000,69836,66164,62056,42289,19767,24309,11382,12927,14185,7905,6280,49635,16165,33470,9404,4355,5049
Total,State - MADHYA PRADESH,Buddhist,60+,20000,8993,11007,6132,3953,2179,2786,1132,1654,1017,481,536,11082,3908,7174,262,92,170
Total,State - MADHYA PRADESH,Jain,Total,567028,291937,275091,181451,157791,23660,14676,7991,6685,5548,3685,1863,370901,126155,244746,28436,12501,15935
Total,State - MADHYA PRADESH,Jain,5-9,40122,21098,19024,239,131,108,199,105,94,25,12,13,39684,20862,18822,296,149,147
Total,State - MADHYA PRADESH,Jain,10-14,46516,24386,22130,431,295,136,325,181,144,73,50,23,45760,23910,21850,638,343,295
Total,State - MADHYA PRADESH,Jain,15-19,48445,25212,23233,1817,1485,332,905,556,349,458,317,141,45723,23171,22552,4924,2750,2174
Total,State - MADHYA PRADESH,Jain,20-24,49068,25402,23666,10352,8421,1931,2103,1341,762,1161,792,369,36613,15640,20973,9877,5163,4714
Total,State - MADHYA PRADESH,Jain,25-29,47407,24589,22818,21200,18220,2980,2055,1336,719,1034,760,274,24152,5033,19119,5383,2313,3070
Total,State - MADHYA PRADESH,Jain,30-34,46300,23692,22608,23823,20935,2888,1730,948,782,700,478,222,20747,1809,18938,2454,687,1767
Total,State - MADHYA PRADESH,Jain,35-39,44479,22093,22386,23544,20258,3286,1569,763,806,591,358,233,19366,1072,18294,1650,333,1317
Total,State - MADHYA PRADESH,Jain,40-49,83997,43294,40703,47040,40517,6523,2587,1161,1426,846,523,323,34370,1616,32754,1849,314,1535
Total,State - MADHYA PRADESH,Jain,50-59,60187,31602,28585,32753,29094,3659,1574,717,857,378,224,154,25860,1791,24069,737,181,556
Total,State - MADHYA PRADESH,Jain,60-69,37143,18872,18271,13825,12577,1248,1056,551,505,206,122,84,22262,5744,16518,422,167,255
Total,State - MADHYA PRADESH,Jain,70-79,19228,9523,9705,4880,4484,396,415,236,179,53,32,21,13933,4803,9130,118,58,60
Total,State - MADHYA PRADESH,Jain,80+,8022,3655,4367,1306,1175,131,131,84,47,20,15,5,6585,2396,4189,68,29,39
Total,State - MADHYA PRADESH,Jain,Age not stated,870,440,430,241,199,42,27,12,15,3,2,1,602,229,373,20,14,6
Total,State - MADHYA PRADESH,Jain,15-59,379883,195884,183999,160529,138930,21599,12523,6822,5701,5168,3452,1716,206831,50132,156699,26874,11741,15133
Total,State - MADHYA PRADESH,Jain,60+,64393,32050,32343,20011,18236,1775,1602,871,731,279,169,110,42780,12943,29837,608,254,354
Total,State - MADHYA PRADESH,Other religious communities,Total,599594,296614,302980,183240,106544,76696,151405,64292,87113,93929,44246,49683,264949,125778,139171,10515,4922,5593
Total,State - MADHYA PRADESH,Other religious communities,5-9,69291,34831,34460,743,364,379,1312,657,655,141,72,69,67236,33810,33426,381,202,179
Total,State - MADHYA PRADESH,Other religious communities,10-14,68846,33831,35015,2022,1092,930,4576,2194,2382,1115,597,518,62248,30545,31703,660,327,333
Total,State - MADHYA PRADESH,Other religious communities,15-19,59982,30069,29913,10918,6003,4915,17046,8072,8974,10210,5161,5049,32018,15994,16024,3829,1956,1873
Total,State - MADHYA PRADESH,Other religious communities,20-24,52947,26192,26755,21202,11632,9570,22760,10033,12727,15508,7570,7938,8985,4527,4458,2415,1360,1055
Total,State - MADHYA PRADESH,Other religious communities,25-29,44724,22452,22272,22601,13127,9474,19297,8389,10908,13375,6504,6871,2826,936,1890,860,375,485
Total,State - MADHYA PRADESH,Other religious communities,30-34,40497,19611,20886,21761,12375,9386,16921,6818,10103,11622,5251,6371,1815,418,1397,477,149,328
Total,State - MADHYA PRADESH,Other religious communities,35-39,41058,20491,20567,23126,13525,9601,16361,6641,9720,11183,5024,6159,1571,325,1246,339,96,243
Total,State - MADHYA PRADESH,Other religious communities,40-49,70118,34973,35145,40910,24006,16904,26343,10435,15908,17342,7734,9608,2865,532,2333,494,128,366
Total,State - MADHYA PRADESH,Other religious communities,50-59,41736,20929,20807,23744,14390,9354,14703,5875,8828,8501,3920,4581,3289,664,2625,386,129,257
Total,State - MADHYA PRADESH,Other religious communities,60-69,28949,13312,15637,11925,7396,4529,8820,3663,5157,3823,1832,1991,8204,2253,5951,483,139,344
Total,State - MADHYA PRADESH,Other religious communities,70-79,11886,5045,6841,3189,1980,1209,2444,1117,1327,790,427,363,6253,1948,4305,151,44,107
Total,State - MADHYA PRADESH,Other religious communities,80+,4564,1991,2573,959,574,385,687,340,347,237,119,118,2918,1077,1841,36,16,20
Total,State - MADHYA PRADESH,Other religious communities,Age not stated,631,314,317,140,80,60,135,58,77,82,35,47,356,176,180,4,1,3
Total,State - MADHYA PRADESH,Other religious communities,15-59,351062,174717,176345,164262,95058,69204,133431,56263,77168,87741,41164,46577,53369,23396,29973,8800,4193,4607
Total,State - MADHYA PRADESH,Other religious communities,60+,45399,20348,25051,16073,9950,6123,11951,5120,6831,4850,2378,2472,17375,5278,12097,670,199,471
Rural,State - MADHYA PRADESH,All religious communities,Total,52557404,27149388,25408016,16729558,11488183,5241375,7985640,3253794,4731846,3996063,2092901,1903162,27842206,12407411,15434795,1259563,567113,692450
Rural,State - MADHYA PRADESH,All religious communities,5-9,6347575,3292243,3055332,45515,24435,21080,65572,32532,33040,9762,5040,4722,6236488,3235276,3001212,37605,19681,17924
Rural,State - MADHYA PRADESH,All religious communities,10-14,6481035,3338101,3142934,185004,106851,78153,312032,151794,160238,84522,45168,39354,5983999,3079456,2904543,90977,49894,41083
Rural,State - MADHYA PRADESH,All religious communities,15-19,5359720,2862347,2497373,1066417,699331,367086,978222,492009,486213,508877,299728,209149,3315081,1671007,1644074,380929,222059,158870
Rural,State - MADHYA PRADESH,All religious communities,20-24,4678759,2481628,2197131,2045391,1407773,637618,1230961,569819,661142,713562,412392,301170,1402407,504036,898371,306647,161271,145376
Rural,State - MADHYA PRADESH,All religious communities,25-29,3990858,2067454,1923404,2179013,1508368,670645,1043384,430066,613318,586883,315089,271794,768461,129020,639441,139856,50370,89486
Rural,State - MADHYA PRADESH,All religious communities,30-34,3638969,1841507,1797462,2138444,1451545,686899,915034,335614,579420,499664,246125,253539,585491,54348,531143,81405,17806,63599
Rural,State - MADHYA PRADESH,All religious communities,35-39,3407607,1750469,1657138,2087907,1417032,670875,828007,296239,531768,443871,214269,229602,491693,37198,454495,58578,9958,48620
Rural,State - MADHYA PRADESH,All religious communities,40-49,5362768,2788138,2574630,3374750,2306479,1068271,1230995,424332,806663,626483,296212,330271,757023,57327,699696,74579,12158,62421
Rural,State - MADHYA PRADESH,All religious communities,50-59,3284637,1692072,1592565,1993108,1390743,602365,698956,236410,462546,306194,146092,160102,592573,64919,527654,40009,7922,32087
Rural,State - MADHYA PRADESH,All religious communities,60-69,2491555,1209565,1281990,1137528,812282,325246,474643,182863,291780,162246,81580,80666,879384,214420,664964,32467,9497,22970
Rural,State - MADHYA PRADESH,All religious communities,70-79,1211625,586682,624943,367887,281669,86218,159284,77445,81839,40694,23670,17024,684454,227568,456886,12045,4520,7525
Rural,State - MADHYA PRADESH,All religious communities,80+,491426,232111,259315,98452,74751,23701,43490,22344,21146,11138,6317,4821,349484,135016,214468,3708,1587,2121
Rural,State - MADHYA PRADESH,All religious communities,Age not stated,47310,24875,22435,10142,6924,3218,5060,2327,2733,2167,1219,948,32108,15624,16484,758,390,368
Rural,State - MADHYA PRADESH,All religious communities,15-59,29723318,15483615,14239703,14885030,10181271,4703759,6925559,2784489,4141070,3685534,1929907,1755627,7912729,2517855,5394874,1082003,481544,600459
Rural,State - MADHYA PRADESH,All religious communities,60+,4194606,2028358,2166248,1603867,1168702,435165,677417,282652,394765,214078,111567,102511,1913322,577004,1336318,48220,15604,32616
Rural,State - MADHYA PRADESH,Hindu,Total,49827046,25757448,24069598,15918515,10922342,4996173,7570173,3074380,4495793,3771579,1974803,1796776,26338358,11760726,14577632,1185464,535337,650127
Rural,State - MADHYA PRADESH,Hindu,5-9,6015855,3121157,2894698,43236,23244,19992,62350,30934,31416,9348,4819,4529,5910269,3066979,2843290,35776,18741,17035
Rural,State - MADHYA PRADESH,Hindu,10-14,6144858,3166181,2978677,176021,101386,74635,297337,144575,152762,80544,42923,37621,5671500,2920220,2751280,85988,47061,38927
Rural,State - MADHYA PRADESH,Hindu,15-19,5071690,2711826,2359864,1008603,659157,349446,925246,464338,460908,480124,282404,197720,3137841,1588331,1549510,358705,209547,149158
Rural,State - MADHYA PRADESH,Hindu,20-24,4426332,2350820,2075512,1942474,1334663,607811,1165746,538378,627368,673969,389592,284377,1318112,477779,840333,288835,152724,136111
Rural,State - MADHYA PRADESH,Hindu,25-29,3784280,1961503,1822777,2074161,1433732,640429,989545,406305,583240,554775,297658,257117,720574,121466,599108,131052,47320,83732
Rural,State - MADHYA PRADESH,Hindu,30-34,3454925,1749912,1705013,2037498,1381536,655962,868259,317167,551092,472153,232472,239681,549168,51209,497959,76312,16709,59603
Rural,State - MADHYA PRADESH,Hindu,35-39,3235054,1663046,1572008,1988170,1348451,639719,784857,279503,505354,418732,202117,216615,462027,35092,426935,54962,9357,45605
Rural,State - MADHYA PRADESH,Hindu,40-49,5087963,2647432,2440531,3210780,2193680,1017100,1165529,399778,765751,589657,278808,310849,711654,53974,657680,70024,11392,58632
Rural,State - MADHYA PRADESH,Hindu,50-59,3119868,1608393,1511475,1898320,1324576,573744,662258,222671,439587,288128,137428,150700,559290,61146,498144,37666,7393,30273
Rural,State - MADHYA PRADESH,Hindu,60-69,2370983,1152049,1218934,1084904,774990,309914,451253,173537,277716,153144,77054,76090,834826,203522,631304,30600,8940,21660
Rural,State - MADHYA PRADESH,Hindu,70-79,1154618,560203,594415,351431,269449,81982,151906,73872,78034,38533,22443,16090,651281,216882,434399,11355,4295,7060
Rural,State - MADHYA PRADESH,Hindu,80+,466286,220652,245634,93504,71048,22456,41282,21210,20072,10516,5970,4546,331500,128394,203106,3479,1490,1989
Rural,State - MADHYA PRADESH,Hindu,Age not stated,43565,22883,20682,9413,6430,2983,4605,2112,2493,1956,1115,841,29547,14341,15206,710,368,342
Rural,State - MADHYA PRADESH,Hindu,15-59,28180112,14692932,13487180,14160006,9675795,4484211,6561440,2628140,3933300,3477538,1820479,1657059,7458666,2388997,5069669,1017556,454442,563114
Rural,State - MADHYA PRADESH,Hindu,60+,3991887,1932904,2058983,1529839,1115487,414352,644441,268619,375822,202193,105467,96726,1817607,548798,1268809,45434,14725,30709
Rural,State - MADHYA PRADESH,Muslim,Total,1683683,866891,816792,492041,363340,128701,208256,91348,116908,101849,59024,42825,983386,412203,571183,47671,19333,28338
Rural,State - MADHYA PRADESH,Muslim,5-9,215415,111526,103889,1117,591,526,1333,654,679,166,94,72,212965,110281,102684,1183,600,583
Rural,State - MADHYA PRADESH,Muslim,10-14,218486,112787,105699,5936,3797,2139,8092,4040,4052,2291,1365,926,204458,104950,99508,3754,2183,1571
Rural,State - MADHYA PRADESH,Muslim,15-19,183508,97255,86253,40819,30170,10649,30079,16608,13471,15400,10394,5006,112610,50477,62133,14430,8193,6237
Rural,State - MADHYA PRADESH,Muslim,20-24,158696,83337,75359,67842,51780,16062,33974,17158,16816,18909,12245,6664,56880,14399,42481,10711,4705,6006
Rural,State - MADHYA PRADESH,Muslim,25-29,127364,65293,62071,65384,49342,16042,27186,11914,15272,14390,8477,5913,34794,4037,30757,5534,1504,4030
Rural,State - MADHYA PRADESH,Muslim,30-34,112624,56427,56197,62106,45511,16595,23641,9117,14524,12287,6587,5700,26877,1799,25078,3449,588,2861
Rural,State - MADHYA PRADESH,Muslim,35-39,102180,52130,50050,59380,43007,16373,21103,7907,13196,10846,5612,5234,21697,1216,20481,2454,325,2129
Rural,State - MADHYA PRADESH,Muslim,40-49,155830,80984,74846,93475,67981,25494,30311,11007,19304,14975,7608,7367,32044,1996,30048,3071,433,2638
Rural,State - MADHYA PRADESH,Muslim,50-59,91043,46947,44096,52515,38648,13867,16521,6008,10513,7155,3672,3483,22007,2291,19716,1467,292,1175
Rural,State - MADHYA PRADESH,Muslim,60-69,67657,33073,34584,30357,22403,7954,10851,4295,6556,3975,2104,1871,26449,6375,20074,1030,298,732
Rural,State - MADHYA PRADESH,Muslim,70-79,33051,15773,17278,9811,7537,2274,3764,1922,1842,1077,645,432,19476,6314,13162,410,139,271
Rural,State - MADHYA PRADESH,Muslim,80+,15760,7249,8511,3049,2403,646,1237,641,596,318,187,131,11474,4205,7269,152,63,89
Rural,State - MADHYA PRADESH,Muslim,Age not stated,1414,718,696,250,170,80,164,77,87,60,34,26,1000,471,529,26,10,16
Rural,State - MADHYA PRADESH,Muslim,15-59,931245,482373,448872,441521,326439,115082,182815,79719,103096,93962,54595,39367,306909,76215,230694,41116,16040,25076
Rural,State - MADHYA PRADESH,Muslim,60+,116468,56095,60373,43217,32343,10874,15852,6858,8994,5370,2936,2434,57399,16894,40505,1592,500,1092
Rural,State - MADHYA PRADESH,Christian,Total,89125,44309,44816,30172,17656,12516,14018,5773,8245,7658,3633,4025,44935,20880,24055,2417,1091,1326
Rural,State - MADHYA PRADESH,Christian,5-9,11153,5773,5380,96,58,38,219,99,120,26,11,15,10838,5616,5222,59,32,27
Rural,State - MADHYA PRADESH,Christian,10-14,10881,5431,5450,346,188,158,1031,491,540,260,110,150,9504,4752,4752,147,76,71
Rural,State - MADHYA PRADESH,Christian,15-19,8638,4249,4389,1734,920,814,1887,862,1025,1036,498,538,5017,2467,2550,641,356,285
Rural,State - MADHYA PRADESH,Christian,20-24,7786,3794,3992,3354,1884,1470,2145,938,1207,1357,673,684,2287,972,1315,625,301,324
Rural,State - MADHYA PRADESH,Christian,25-29,6761,3367,3394,3904,2274,1630,1784,755,1029,1140,570,570,1073,338,735,292,112,180
Rural,State - MADHYA PRADESH,Christian,30-34,6112,2985,3127,3902,2291,1611,1463,576,887,967,448,519,747,118,629,170,46,124
Rural,State - MADHYA PRADESH,Christian,35-39,5807,2892,2915,3925,2301,1624,1242,489,753,772,364,408,640,102,538,140,43,97
Rural,State - MADHYA PRADESH,Christian,40-49,9493,4678,4815,6544,3845,2699,1994,678,1316,1094,473,621,955,155,800,159,53,106
Rural,State - MADHYA PRADESH,Christian,50-59,5832,2922,2910,3846,2299,1547,1215,459,756,628,297,331,771,164,607,82,28,54
Rural,State - MADHYA PRADESH,Christian,60-69,3889,1838,2051,1842,1150,692,719,291,428,292,147,145,1328,397,931,73,29,44
Rural,State - MADHYA PRADESH,Christian,70-79,1677,751,926,483,327,156,237,97,140,64,33,31,957,327,630,21,11,10
Rural,State - MADHYA PRADESH,Christian,80+,700,306,394,163,103,60,70,32,38,14,6,8,467,171,296,7,3,4
Rural,State - MADHYA PRADESH,Christian,Age not stated,120,60,60,33,16,17,12,6,6,8,3,5,75,38,37,1,1,0
Rural,State - MADHYA PRADESH,Christian,15-59,50429,24887,25542,27209,15814,11395,11730,4757,6973,6994,3323,3671,11490,4316,7174,2109,939,1170
Rural,State - MADHYA PRADESH,Christian,60+,6266,2895,3371,2488,1580,908,1026,420,606,370,186,184,2752,895,1857,101,43,58
Rural,State - MADHYA PRADESH,Sikh,Total,55152,29484,25668,17251,14880,2371,3901,1641,2260,1341,813,528,34000,12963,21037,1506,686,820
Rural,State - MADHYA PRADESH,Sikh,5-9,5152,2849,2303,22,15,7,25,17,8,5,3,2,5105,2817,2288,28,14,14
Rural,State - MADHYA PRADESH,Sikh,10-14,5865,3200,2665,104,70,34,112,58,54,32,19,13,5649,3072,2577,77,44,33
Rural,State - MADHYA PRADESH,Sikh,15-19,5975,3201,2774,921,765,156,450,253,197,188,123,65,4604,2183,2421,439,261,178
Rural,State - MADHYA PRADESH,Sikh,20-24,5515,2961,2554,2064,1809,255,636,317,319,285,186,99,2815,835,1980,384,217,167
Rural,State - MADHYA PRADESH,Sikh,25-29,4612,2509,2103,2314,2038,276,529,235,294,202,135,67,1769,236,1533,190,67,123
Rural,State - MADHYA PRADESH,Sikh,30-34,4043,2118,1925,2170,1853,317,423,161,262,143,83,60,1450,104,1346,93,23,70
Rural,State - MADHYA PRADESH,Sikh,35-39,3744,1962,1782,2073,1773,300,407,127,280,125,56,69,1264,62,1202,85,18,67
Rural,State - MADHYA PRADESH,Sikh,40-49,6020,3158,2862,3358,2865,493,612,206,406,186,108,78,2050,87,1963,104,11,93
Rural,State - MADHYA PRADESH,Sikh,50-59,3802,1970,1832,2025,1773,252,351,119,232,111,61,50,1426,78,1348,55,13,42
Rural,State - MADHYA PRADESH,Sikh,60-69,2989,1563,1426,1415,1228,187,233,87,146,41,25,16,1341,248,1093,36,14,22
Rural,State - MADHYA PRADESH,Sikh,70-79,1537,842,695,589,521,68,97,49,48,14,9,5,851,272,579,11,1,10
Rural,State - MADHYA PRADESH,Sikh,80+,793,402,391,183,158,25,22,10,12,7,4,3,588,234,354,0,0,0
Rural,State - MADHYA PRADESH,Sikh,Age not stated,79,46,33,13,12,1,4,2,2,2,1,1,62,32,30,4,3,1
Rural,State - MADHYA PRADESH,Sikh,15-59,33711,17879,15832,14925,12876,2049,3408,1418,1990,1240,752,488,15378,3585,11793,1350,610,740
Rural,State - MADHYA PRADESH,Sikh,60+,5319,2807,2512,2187,1907,280,352,146,206,62,38,24,2780,754,2026,47,15,32
Rural,State - MADHYA PRADESH,Buddhist,Total,132419,67210,65209,42173,27219,14954,22748,10032,12716,12595,6767,5828,67498,29959,37539,4254,2117,2137
Rural,State - MADHYA PRADESH,Buddhist,5-9,12522,6497,6025,56,24,32,69,35,34,3,2,1,12397,6438,5959,46,19,27
Rural,State - MADHYA PRADESH,Buddhist,10-14,13754,7137,6617,146,88,58,308,157,151,85,52,33,13300,6892,6408,132,79,53
Rural,State - MADHYA PRADESH,Buddhist,15-19,13223,6990,6233,1613,1110,503,1721,944,777,956,595,361,9889,4936,4953,1022,618,404
Rural,State - MADHYA PRADESH,Buddhist,20-24,12531,6574,5957,4103,2766,1337,3240,1702,1538,2095,1273,822,5188,2106,3082,1395,720,675
Rural,State - MADHYA PRADESH,Buddhist,25-29,10525,5529,4996,4925,3257,1668,3061,1485,1576,1903,1107,796,2539,787,1752,773,405,368
Rural,State - MADHYA PRADESH,Buddhist,30-34,9609,4789,4820,5317,3384,1933,2725,1160,1565,1687,892,795,1567,245,1322,309,123,186
Rural,State - MADHYA PRADESH,Buddhist,35-39,9406,4866,4540,5682,3641,2041,2565,1089,1476,1514,797,717,1159,136,1023,170,37,133
Rural,State - MADHYA PRADESH,Buddhist,40-49,15417,7947,7470,9606,6165,3441,4004,1568,2436,2253,1087,1166,1807,214,1593,185,43,142
Rural,State - MADHYA PRADESH,Buddhist,50-59,10418,5020,5398,6111,3826,2285,2622,926,1696,1211,549,662,1685,268,1417,85,23,62
Rural,State - MADHYA PRADESH,Buddhist,60-69,8607,3772,4835,3521,2206,1315,1855,684,1171,710,318,392,3231,882,2349,87,32,55
Rural,State - MADHYA PRADESH,Buddhist,70-79,3723,1659,2064,880,602,278,480,231,249,149,80,69,2363,826,1537,36,14,22
Rural,State - MADHYA PRADESH,Buddhist,80+,1113,510,603,183,129,54,85,47,38,20,12,8,845,334,511,11,4,7
Rural,State - MADHYA PRADESH,Buddhist,Age not stated,106,58,48,30,21,9,13,4,9,9,3,6,63,33,30,3,0,3
Rural,State - MADHYA PRADESH,Buddhist,15-59,81129,41715,39414,37357,24149,13208,19938,8874,11064,11619,6300,5319,23834,8692,15142,3939,1969,1970
Rural,State - MADHYA PRADESH,Buddhist,60+,13443,5941,7502,4584,2937,1647,2420,962,1458,879,410,469,6439,2042,4397,134,50,84
Rural,State - MADHYA PRADESH,Jain,Total,109699,57431,52268,35290,30124,5166,6516,3104,3412,2641,1728,913,67893,24203,43690,5797,2551,3246
Rural,State - MADHYA PRADESH,Jain,5-9,8646,4490,4156,48,27,21,34,17,17,3,2,1,8564,4446,4118,48,23,25
Rural,State - MADHYA PRADESH,Jain,10-14,9711,5040,4671,102,64,38,93,54,39,23,18,5,9516,4922,4594,118,65,53
Rural,State - MADHYA PRADESH,Jain,15-19,9965,5128,4837,582,468,114,421,241,180,215,140,75,8962,4419,4543,1143,651,492
Rural,State - MADHYA PRADESH,Jain,20-24,10145,5444,4701,2533,2102,431,942,607,335,527,386,141,6670,2735,3935,1887,998,889
Rural,State - MADHYA PRADESH,Jain,25-29,9374,5238,4136,4183,3658,525,946,586,360,490,369,121,4245,994,3251,1001,498,503
Rural,State - MADHYA PRADESH,Jain,30-34,8672,4664,4008,4504,3952,552,761,363,398,336,228,108,3407,349,3058,506,144,362
Rural,State - MADHYA PRADESH,Jain,35-39,8179,4250,3929,4471,3790,681,716,284,432,292,169,123,2992,176,2816,337,45,292
Rural,State - MADHYA PRADESH,Jain,40-49,14971,7942,7029,8614,7250,1364,1167,423,744,422,251,171,5190,269,4921,442,65,377
Rural,State - MADHYA PRADESH,Jain,50-59,10141,5311,4830,5687,4859,828,701,220,481,193,94,99,3753,232,3521,192,26,166
Rural,State - MADHYA PRADESH,Jain,60-69,6704,3326,3378,2945,2560,385,478,179,299,101,49,52,3281,587,2694,78,17,61
Rural,State - MADHYA PRADESH,Jain,70-79,3969,1943,2026,1264,1087,177,205,99,106,29,15,14,2500,757,1743,29,12,17
Rural,State - MADHYA PRADESH,Jain,80+,1642,760,882,333,287,46,48,30,18,10,7,3,1261,443,818,16,7,9
Rural,State - MADHYA PRADESH,Jain,Age not stated,100,49,51,24,20,4,4,1,3,0,0,0,72,28,44,0,0,0
Rural,State - MADHYA PRADESH,Jain,15-59,71447,37977,33470,30574,26079,4495,5654,2724,2930,2475,1637,838,35219,9174,26045,5508,2427,3081
Rural,State - MADHYA PRADESH,Jain,60+,12315,6029,6286,4542,3934,608,731,308,423,140,71,69,7042,1787,5255,123,36,87
Rural,State - MADHYA PRADESH,Other religious communities,Total,592365,292942,299423,181007,104933,76074,150763,63961,86802,93518,43994,49524,260595,124048,136547,10062,4738,5324
Rural,State - MADHYA PRADESH,Other religious communities,5-9,68636,34491,34145,738,364,374,1308,653,655,139,70,69,66590,33474,33116,376,197,179
Rural,State - MADHYA PRADESH,Other religious communities,10-14,68111,33440,34671,1997,1076,921,4568,2188,2380,1109,592,517,61546,30176,31370,641,315,326
Rural,State - MADHYA PRADESH,Other religious communities,15-19,59292,29734,29558,10857,5961,4896,16967,8021,8946,10145,5118,5027,31468,15752,15716,3736,1923,1813
Rural,State - MADHYA PRADESH,Other religious communities,20-24,52249,25833,26416,21024,11506,9518,22659,9975,12684,15437,7522,7915,8566,4352,4214,2281,1291,990
Rural,State - MADHYA PRADESH,Other religious communities,25-29,44095,22142,21953,22315,12931,9384,19197,8340,10857,13307,6461,6846,2583,871,1712,779,342,437
Rural,State - MADHYA PRADESH,Other religious communities,30-34,39933,19319,20614,21439,12142,9297,16852,6784,10068,11577,5225,6352,1642,393,1249,426,131,295
Rural,State - MADHYA PRADESH,Other religious communities,35-39,40531,20224,20307,22830,13306,9524,16294,6605,9689,11137,4996,6141,1407,313,1094,316,91,225
Rural,State - MADHYA PRADESH,Other religious communities,40-49,69205,34508,34697,40349,23602,16747,26251,10390,15861,17293,7706,9587,2605,516,2089,469,126,343
Rural,State - MADHYA PRADESH,Other religious communities,50-59,41120,20615,20505,23405,14129,9276,14633,5848,8785,8467,3903,4564,3082,638,2444,375,126,249
Rural,State - MADHYA PRADESH,Other religious communities,60-69,28568,13126,15442,11806,7312,4494,8776,3646,5130,3800,1821,1979,7986,2168,5818,476,137,339
Rural,State - MADHYA PRADESH,Other religious communities,70-79,11730,4970,6760,3163,1961,1202,2438,1113,1325,788,426,362,6129,1896,4233,148,42,106
Rural,State - MADHYA PRADESH,Other religious communities,80+,4487,1964,2523,949,566,383,685,340,345,237,119,118,2853,1058,1795,36,16,20
Rural,State - MADHYA PRADESH,Other religious communities,Age not stated,618,308,310,135,77,58,135,58,77,82,35,47,348,173,175,3,1,2
Rural,State - MADHYA PRADESH,Other religious communities,15-59,346425,172375,174050,162219,93577,68642,132853,55963,76890,87363,40931,46432,51353,22835,28518,8382,4030,4352
Rural,State - MADHYA PRADESH,Other religious communities,60+,44785,20060,24725,15918,9839,6079,11899,5099,6800,4825,2366,2459,16968,5122,11846,660,195,465
Urban,State - MADHYA PRADESH,All religious communities,Total,20069405,10462918,9606487,5972561,4873882,1098679,886374,531111,355263,457988,307232,150756,13210470,5057925,8152545,1090612,497196,593416
Urban,State - MADHYA PRADESH,All religious communities,5-9,1918880,1017450,901430,13605,7760,5845,11038,5848,5190,2834,1553,1281,1894237,1003842,890395,15518,8444,7074
Urban,State - MADHYA PRADESH,All religious communities,10-14,2083466,1101228,982238,42186,29912,12274,25287,14734,10553,9189,5859,3330,2015993,1056582,959411,40013,23594,16419
Urban,State - MADHYA PRADESH,All religious communities,15-19,2087069,1117725,969344,252676,205583,47093,88469,59833,28636,50022,36482,13540,1745924,852309,893615,236309,138354,97955
Urban,State - MADHYA PRADESH,All religious communities,20-24,2048820,1072460,976360,602804,504695,98109,134195,91445,42750,82340,60394,21946,1311821,476320,835501,334603,174651,159952
Urban,State - MADHYA PRADESH,All religious communities,25-29,1796648,920871,875777,809631,672096,137535,127302,81728,45574,73978,51850,22128,859715,167047,692668,194759,80501,114258
Urban,State - MADHYA PRADESH,All religious communities,30-34,1575991,809198,766793,833845,681418,152427,110629,65203,45426,60989,40398,20591,631517,62577,568940,95238,27571,67667
Urban,State - MADHYA PRADESH,All religious communities,35-39,1454064,742995,711069,813350,651345,162005,101261,55610,45651,53606,33529,20077,539453,36040,503413,60500,12252,48248
Urban,State - MADHYA PRADESH,All religious communities,40-49,2374667,1244548,1130119,1375660,1112878,262782,144668,78116,66552,70219,43717,26502,854339,53554,800785,62362,12413,49949
Urban,State - MADHYA PRADESH,All religious communities,50-59,1467812,784693,683119,820582,680204,140378,75842,40513,35329,31960,19537,12423,571388,63976,507412,25610,7460,18150
Urban,State - MADHYA PRADESH,All religious communities,60-69,922916,459903,463013,292443,233540,58903,46592,25290,21302,16662,9975,6687,583881,201073,382808,17374,8105,9269
Urban,State - MADHYA PRADESH,All religious communities,70-79,419151,203371,215780,81224,66565,14659,14600,8796,5804,4154,2620,1534,323327,128010,195317,4946,2319,2627
Urban,State - MADHYA PRADESH,All religious communities,80+,176643,77924,98719,25581,20701,4880,4594,2855,1739,1396,907,489,146468,54368,92100,2351,1054,1297
Urban,State - MADHYA PRADESH,All religious communities,Age not stated,35552,18501,17051,8974,7185,1789,1897,1140,757,639,411,228,24681,10176,14505,1029,478,551
Urban,State - MADHYA PRADESH,All religious communities,15-59,12805071,6692490,6112581,5508548,4508219,1000329,782366,472448,309918,423114,285907,137207,6514157,1711823,4802334,1009381,453202,556179
Urban,State - MADHYA PRADESH,All religious communities,60+,1518710,741198,777512,399248,320806,78442,65786,36941,28845,22212,13502,8710,1053676,383451,670225,24671,11478,13193
Urban,State - MADHYA PRADESH,Hindu,Total,16180075,8467849,7712226,4840002,3921857,918145,734032,434463,299569,384180,255010,129170,10606041,4111529,6494512,887634,409114,478520
Urban,State - MADHYA PRADESH,Hindu,5-9,1528021,815093,712928,10791,6159,4632,8627,4566,4061,2194,1197,997,1508603,804368,704235,12232,6686,5546
Urban,State - MADHYA PRADESH,Hindu,10-14,1669810,886222,783588,31058,21560,9498,19730,11316,8414,7097,4447,2650,1619022,853346,765676,30269,17606,12663
Urban,State - MADHYA PRADESH,Hindu,15-19,1667533,900476,767057,182929,147711,35218,69456,46806,22650,39596,28803,10793,1415148,705959,709189,186212,109693,76519
Urban,State - MADHYA PRADESH,Hindu,20-24,1647357,866554,780803,469418,389811,79607,109589,74126,35463,68007,49583,18424,1068350,402617,665733,278108,147159,130949
Urban,State - MADHYA PRADESH,Hindu,25-29,1453156,747742,705414,655030,539400,115630,106550,67738,38812,62692,43631,19061,691576,140604,550972,161815,68489,93326
Urban,State - MADHYA PRADESH,Hindu,30-34,1282352,659586,622766,683291,553418,129873,93313,54318,38995,52173,34193,17980,505748,51850,453898,78588,23378,55210
Urban,State - MADHYA PRADESH,Hindu,35-39,1185365,607158,578207,668469,531196,137273,85483,46363,39120,45991,28441,17550,431413,29599,401814,49016,10182,38834
Urban,State - MADHYA PRADESH,Hindu,40-49,1947224,1021181,926043,1134880,912777,222103,121513,64715,56798,59945,36806,23139,690831,43689,647142,50520,10321,40199
Urban,State - MADHYA PRADESH,Hindu,50-59,1204631,647091,557540,679987,561850,118137,63588,33331,30257,27213,16349,10864,461056,51910,409146,20545,6022,14523
Urban,State - MADHYA PRADESH,Hindu,60-69,743726,370862,372864,232303,183644,48659,38818,20717,18101,14143,8337,5806,472605,166501,306104,13733,6494,7239
Urban,State - MADHYA PRADESH,Hindu,70-79,338480,163838,174642,64141,52042,12099,12095,7229,4866,3479,2155,1324,262244,104567,157677,3901,1845,2056
Urban,State - MADHYA PRADESH,Hindu,80+,141994,62693,79301,20490,16518,3972,3711,2304,1407,1124,733,391,117793,43871,73922,1890,847,1043
Urban,State - MADHYA PRADESH,Hindu,Age not stated,28164,14824,13340,7215,5771,1444,1559,934,625,526,335,191,19390,8119,11271,805,392,413
Urban,State - MADHYA PRADESH,Hindu,15-59,10387618,5449788,4937830,4474004,3636163,837841,649492,387397,262095,355617,237806,117811,5264122,1426228,3837894,824804,375244,449560
Urban,State - MADHYA PRADESH,Hindu,60+,1224200,597393,626807,316934,252204,64730,54624,30250,24374,18746,11225,7521,852642,314939,537703,19524,9186,10338
Urban,State - MADHYA PRADESH,Muslim,Total,3091012,1587941,1503071,874083,743074,131009,130915,84065,46850,64192,46006,18186,2086014,760802,1325212,159667,68825,90842
Urban,State - MADHYA PRADESH,Muslim,5-9,331698,171125,160573,2334,1352,982,2025,1069,956,553,306,247,327339,168704,158635,2825,1522,1303
Urban,State - MADHYA PRADESH,Muslim,10-14,346282,179504,166778,10187,7710,2477,4939,3073,1866,1928,1311,617,331156,168721,162435,8697,5402,3295
Urban,State - MADHYA PRADESH,Muslim,15-19,349066,180610,168456,65353,54518,10835,17446,12012,5434,9559,7081,2478,266267,114080,152187,42673,24486,18187
Urban,State - MADHYA PRADESH,Muslim,20-24,328911,169069,159842,116451,101837,14614,21554,15395,6159,12517,9619,2898,190906,51837,139069,42095,20155,21940
Urban,State - MADHYA PRADESH,Muslim,25-29,275347,138631,136716,123483,107727,15756,17687,12045,5642,9556,7055,2501,134177,18859,115318,24483,8444,16039
Urban,State - MADHYA PRADESH,Muslim,30-34,229028,116949,112079,115980,99815,16165,14679,9331,5348,7530,5356,2174,98369,7803,90566,12712,2946,9766
Urban,State - MADHYA PRADESH,Muslim,35-39,207113,105619,101494,110645,93006,17639,13381,7909,5472,6510,4417,2093,83087,4704,78383,8877,1454,7423
Urban,State - MADHYA PRADESH,Muslim,40-49,313251,165508,147743,174112,146749,27363,19571,11507,8064,8855,6030,2825,119568,7252,112316,9141,1491,7650
Urban,State - MADHYA PRADESH,Muslim,50-59,182209,95524,86685,95033,80612,14421,10096,5972,4124,4077,2760,1317,77080,8940,68140,3947,1075,2872
Urban,State - MADHYA PRADESH,Muslim,60-69,129773,64434,65339,43829,35919,7910,6504,3839,2665,2187,1437,750,79440,24676,54764,2865,1259,1606
Urban,State - MADHYA PRADESH,Muslim,70-79,56748,27800,28948,11951,9980,1971,2081,1308,773,596,419,177,42716,16512,26204,841,377,464
Urban,State - MADHYA PRADESH,Muslim,80+,24683,10799,13884,3612,2934,678,719,456,263,235,151,84,20352,7409,12943,365,167,198
Urban,State - MADHYA PRADESH,Muslim,Age not stated,4735,2360,2375,1113,915,198,233,149,84,89,64,25,3389,1296,2093,146,47,99
Urban,State - MADHYA PRADESH,Muslim,15-59,1884925,971910,913015,801057,684264,116793,114414,74171,40243,58604,42318,16286,969454,213475,755979,143928,60051,83877
Urban,State - MADHYA PRADESH,Muslim,60+,211204,103033,108171,59392,48833,10559,9304,5603,3701,3018,2007,1011,142508,48597,93911,4071,1803,2268
Urban,State - MADHYA PRADESH,Christian,Total,124157,60988,63169,45897,28916,16981,3844,2287,1557,1874,1242,632,74416,29785,44631,8100,3745,4355
Urban,State - MADHYA PRADESH,Christian,5-9,9145,4700,4445,89,45,44,62,35,27,14,7,7,8994,4620,4374,66,33,33
Urban,State - MADHYA PRADESH,Christian,10-14,10444,5461,4983,185,120,65,110,61,49,30,19,11,10149,5280,4869,194,103,91
Urban,State - MADHYA PRADESH,Christian,15-19,11162,5521,5641,883,594,289,281,167,114,166,105,61,9998,4760,5238,1299,732,567
Urban,State - MADHYA PRADESH,Christian,20-24,11860,5525,6335,2963,1763,1200,491,289,202,298,190,108,8406,3473,4933,2478,1224,1254
Urban,State - MADHYA PRADESH,Christian,25-29,10562,5066,5496,5076,3190,1886,566,350,216,340,223,117,4920,1526,3394,1655,751,904
Urban,State - MADHYA PRADESH,Christian,30-34,9910,4782,5128,6001,3874,2127,510,302,208,276,187,89,3399,606,2793,836,311,525
Urban,State - MADHYA PRADESH,Christian,35-39,9825,4735,5090,6609,4102,2507,473,292,181,256,168,88,2743,341,2402,524,159,365
Urban,State - MADHYA PRADESH,Christian,40-49,18224,8974,9250,12770,8030,4740,664,398,266,296,208,88,4790,546,4244,551,176,375
Urban,State - MADHYA PRADESH,Christian,50-59,12979,6580,6399,8694,5572,3122,407,241,166,116,83,33,3878,767,3111,251,121,130
Urban,State - MADHYA PRADESH,Christian,60-69,7395,3467,3928,1870,1148,722,186,101,85,56,34,22,5339,2218,3121,178,104,74
Urban,State - MADHYA PRADESH,Christian,70-79,3330,1561,1769,494,319,175,60,33,27,14,9,5,2776,1209,1567,43,23,20
Urban,State - MADHYA PRADESH,Christian,80+,1152,477,675,163,95,68,20,13,7,9,8,1,969,369,600,14,4,10
Urban,State - MADHYA PRADESH,Christian,Age not stated,257,138,119,100,64,36,14,5,9,3,1,2,143,69,74,11,4,7
Urban,State - MADHYA PRADESH,Christian,15-59,84522,41183,43339,42996,27125,15871,3392,2039,1353,1748,1164,584,38134,12019,26115,7594,3474,4120
Urban,State - MADHYA PRADESH,Christian,60+,11877,5505,6372,2527,1562,965,266,147,119,79,51,28,9084,3796,5288,235,131,104
Urban,State - MADHYA PRADESH,Sikh,Total,96260,50857,45403,32149,27385,4764,2430,1476,954,973,616,357,61681,21996,39685,4359,1879,2480
Urban,State - MADHYA PRADESH,Sikh,5-9,7030,3888,3142,52,27,25,52,26,26,18,10,8,6926,3835,3091,50,27,23
Urban,State - MADHYA PRADESH,Sikh,10-14,7806,4254,3552,135,106,29,58,42,16,17,13,4,7613,4106,3507,127,73,54
Urban,State - MADHYA PRADESH,Sikh,15-19,8290,4532,3758,688,577,111,185,124,61,86,67,19,7417,3831,3586,755,458,297
Urban,State - MADHYA PRADESH,Sikh,20-24,9024,4800,4224,2671,2243,428,325,203,122,180,113,67,6028,2354,3674,1413,698,715
Urban,State - MADHYA PRADESH,Sikh,25-29,8617,4587,4030,4306,3683,623,352,212,140,183,112,71,3959,692,3267,739,278,461
Urban,State - MADHYA PRADESH,Sikh,30-34,8001,4300,3701,4483,3842,641,293,174,119,139,90,49,3225,284,2941,368,102,266
Urban,State - MADHYA PRADESH,Sikh,35-39,7342,3727,3615,4040,3368,672,270,147,123,91,50,41,3032,212,2820,291,53,238
Urban,State - MADHYA PRADESH,Sikh,40-49,13630,7008,6622,7602,6425,1177,396,228,168,124,79,45,5632,355,5277,300,77,223
Urban,State - MADHYA PRADESH,Sikh,50-59,9576,4972,4604,5152,4454,698,245,154,91,82,52,30,4179,364,3815,139,36,103
Urban,State - MADHYA PRADESH,Sikh,60-69,6145,3090,3055,2070,1823,247,149,96,53,35,19,16,3926,1171,2755,125,53,72
Urban,State - MADHYA PRADESH,Sikh,70-79,3012,1573,1439,644,578,66,63,43,20,8,4,4,2305,952,1353,30,15,15
Urban,State - MADHYA PRADESH,Sikh,80+,1378,636,742,209,178,31,16,11,5,4,4,0,1153,447,706,16,8,8
Urban,State - MADHYA PRADESH,Sikh,Age not stated,272,156,116,97,81,16,26,16,10,6,3,3,149,59,90,6,1,5
Urban,State - MADHYA PRADESH,Sikh,15-59,64480,33926,30554,28942,24592,4350,2066,1242,824,885,563,322,33472,8092,25380,4005,1702,2303
Urban,State - MADHYA PRADESH,Sikh,60+,10535,5299,5236,2923,2579,344,228,150,78,47,27,20,7384,2570,4814,171,76,95
Urban,State - MADHYA PRADESH,Buddhist,Total,83633,42603,41030,26575,19370,7205,4928,2783,2145,2765,1712,1053,52130,20450,31680,5793,2544,3249
Urban,State - MADHYA PRADESH,Buddhist,5-9,7259,3785,3474,66,36,30,50,28,22,15,10,5,7143,3721,3422,54,24,30
Urban,State - MADHYA PRADESH,Buddhist,10-14,8174,4199,3975,171,113,58,130,70,60,41,23,18,7873,4016,3857,129,86,43
Urban,State - MADHYA PRADESH,Buddhist,15-19,8473,4416,4057,1094,824,270,353,232,121,208,139,69,7026,3360,3666,1064,592,472
Urban,State - MADHYA PRADESH,Buddhist,20-24,8813,4546,4267,2484,1959,525,699,463,236,462,319,143,5630,2124,3506,1789,868,921
Urban,State - MADHYA PRADESH,Buddhist,25-29,7851,4023,3828,3531,2644,887,730,444,286,470,309,161,3590,935,2655,1245,548,697
Urban,State - MADHYA PRADESH,Buddhist,30-34,6714,3426,3288,3723,2680,1043,642,370,272,381,241,140,2349,376,1973,583,206,377
Urban,State - MADHYA PRADESH,Buddhist,35-39,6119,3029,3090,3595,2530,1065,617,334,283,363,212,151,1907,165,1742,353,78,275
Urban,State - MADHYA PRADESH,Buddhist,40-49,10304,5205,5099,6411,4597,1814,863,411,452,465,258,207,3030,197,2833,306,62,244
Urban,State - MADHYA PRADESH,Buddhist,50-59,6597,3476,3121,3861,2906,955,467,254,213,217,127,90,2269,316,1953,125,32,93
Urban,State - MADHYA PRADESH,Buddhist,60-69,4193,2003,2190,1186,780,406,271,124,147,98,54,44,2736,1099,1637,92,31,61
Urban,State - MADHYA PRADESH,Buddhist,70-79,1708,769,939,274,179,95,66,33,33,30,15,15,1368,557,811,24,5,19
Urban,State - MADHYA PRADESH,Buddhist,80+,656,280,376,88,57,31,29,13,16,10,2,8,539,210,329,12,6,6
Urban,State - MADHYA PRADESH,Buddhist,Age not stated,271,139,132,91,65,26,11,7,4,5,3,2,169,67,102,17,6,11
Urban,State - MADHYA PRADESH,Buddhist,15-59,54871,28121,26750,24699,18140,6559,4371,2508,1863,2566,1605,961,25801,7473,18328,5465,2386,3079
Urban,State - MADHYA PRADESH,Buddhist,60+,6557,3052,3505,1548,1016,532,366,170,196,138,71,67,4643,1866,2777,128,42,86
Urban,State - MADHYA PRADESH,Jain,Total,457329,234506,222823,146161,127667,18494,8160,4887,3273,2907,1957,950,303008,101952,201056,22639,9950,12689
Urban,State - MADHYA PRADESH,Jain,5-9,31476,16608,14868,191,104,87,165,88,77,22,10,12,31120,16416,14704,248,126,122
Urban,State - MADHYA PRADESH,Jain,10-14,36805,19346,17459,329,231,98,232,127,105,50,32,18,36244,18988,17256,520,278,242
Urban,State - MADHYA PRADESH,Jain,15-19,38480,20084,18396,1235,1017,218,484,315,169,243,177,66,36761,18752,18009,3781,2099,1682
Urban,State - MADHYA PRADESH,Jain,20-24,38923,19958,18965,7819,6319,1500,1161,734,427,634,406,228,29943,12905,17038,7990,4165,3825
Urban,State - MADHYA PRADESH,Jain,25-29,38033,19351,18682,17017,14562,2455,1109,750,359,544,391,153,19907,4039,15868,4382,1815,2567
Urban,State - MADHYA PRADESH,Jain,30-34,37628,19028,18600,19319,16983,2336,969,585,384,364,250,114,17340,1460,15880,1948,543,1405
Urban,State - MADHYA PRADESH,Jain,35-39,36300,17843,18457,19073,16468,2605,853,479,374,299,189,110,16374,896,15478,1313,288,1025
Urban,State - MADHYA PRADESH,Jain,40-49,69026,35352,33674,38426,33267,5159,1420,738,682,424,272,152,29180,1347,27833,1407,249,1158
Urban,State - MADHYA PRADESH,Jain,50-59,50046,26291,23755,27066,24235,2831,873,497,376,185,130,55,22107,1559,20548,545,155,390
Urban,State - MADHYA PRADESH,Jain,60-69,30439,15546,14893,10880,10017,863,578,372,206,105,73,32,18981,5157,13824,344,150,194
Urban,State - MADHYA PRADESH,Jain,70-79,15259,7580,7679,3616,3397,219,210,137,73,24,17,7,11433,4046,7387,89,46,43
Urban,State - MADHYA PRADESH,Jain,80+,6380,2895,3485,973,888,85,83,54,29,10,8,2,5324,1953,3371,52,22,30
Urban,State - MADHYA PRADESH,Jain,Age not stated,770,391,379,217,179,38,23,11,12,3,2,1,530,201,329,20,14,6
Urban,State - MADHYA PRADESH,Jain,15-59,308436,157907,150529,129955,112851,17104,6869,4098,2771,2693,1815,878,171612,40958,130654,21366,9314,12052
Urban,State - MADHYA PRADESH,Jain,60+,52078,26021,26057,15469,14302,1167,871,563,308,139,98,41,35738,11156,24582,485,218,267
Urban,State - MADHYA PRADESH,Other religious communities,Total,7229,3672,3557,2233,1611,622,642,331,311,411,252,159,4354,1730,2624,453,184,269
Urban,State - MADHYA PRADESH,Other religious communities,5-9,655,340,315,5,0,5,4,4,0,2,2,0,646,336,310,5,5,0
Urban,State - MADHYA PRADESH,Other religious communities,10-14,735,391,344,25,16,9,8,6,2,6,5,1,702,369,333,19,12,7
Urban,State - MADHYA PRADESH,Other religious communities,15-19,690,335,355,61,42,19,79,51,28,65,43,22,550,242,308,93,33,60
Urban,State - MADHYA PRADESH,Other religious communities,20-24,698,359,339,178,126,52,101,58,43,71,48,23,419,175,244,134,69,65
Urban,State - MADHYA PRADESH,Other religious communities,25-29,629,310,319,286,196,90,100,49,51,68,43,25,243,65,178,81,33,48
Urban,State - MADHYA PRADESH,Other religious communities,30-34,564,292,272,322,233,89,69,34,35,45,26,19,173,25,148,51,18,33
Urban,State - MADHYA PRADESH,Other religious communities,35-39,527,267,260,296,219,77,67,36,31,46,28,18,164,12,152,23,5,18
Urban,State - MADHYA PRADESH,Other religious communities,40-49,913,465,448,561,404,157,92,45,47,49,28,21,260,16,244,25,2,23
Urban,State - MADHYA PRADESH,Other religious communities,50-59,616,314,302,339,261,78,70,27,43,34,17,17,207,26,181,11,3,8
Urban,State - MADHYA PRADESH,Other religious communities,60-69,381,186,195,119,84,35,44,17,27,23,11,12,218,85,133,7,2,5
Urban,State - MADHYA PRADESH,Other religious communities,70-79,156,75,81,26,19,7,6,4,2,2,1,1,124,52,72,3,2,1
Urban,State - MADHYA PRADESH,Other religious communities,80+,77,27,50,10,8,2,2,0,2,0,0,0,65,19,46,0,0,0
Urban,State - MADHYA PRADESH,Other religious communities,Age not stated,13,6,7,5,3,2,0,0,0,0,0,0,8,3,5,1,0,1
Urban,State - MADHYA PRADESH,Other religious communities,15-59,4637,2342,2295,2043,1481,562,578,300,278,378,233,145,2016,561,1455,418,163,255
Urban,State - MADHYA PRADESH,Other religious communities,60+,614,288,326,155,111,44,52,21,31,25,12,13,407,156,251,10,4,6
Total,State - GUJARAT,All religious communities,Total,60439692,31491260,28948432,20365374,16567695,3797679,4402373,1433219,2969154,1069845,564562,505283,35671945,13490346,22181599,1221996,541855,680141
Total,State - GUJARAT,All religious communities,5-9,5835836,3126401,2709435,45496,28513,16983,41777,21331,20446,6528,3607,2921,5748563,3076557,2672006,30694,16794,13900
Total,State - GUJARAT,All religious communities,10-14,6149445,3283834,2865611,204822,136922,67900,170982,73421,97561,36891,19665,17226,5773641,3073491,2700150,73401,40914,32487
Total,State - GUJARAT,All religious communities,15-19,5865760,3146110,2719650,1233591,946960,286631,560656,246970,313686,185775,110498,75277,4071513,1952180,2119333,322215,190669,131546
Total,State - GUJARAT,All religious communities,20-24,5780722,3046127,2734595,2444959,2017588,427371,687299,287820,399479,231756,141107,90649,2648464,740719,1907745,327625,166040,161585
Total,State - GUJARAT,All religious communities,25-29,5278822,2767283,2511539,2806213,2340893,465320,586605,212004,374601,171275,96870,74405,1886004,214386,1671618,167391,58852,108539
Total,State - GUJARAT,All religious communities,30-34,4770528,2467024,2303504,2724147,2227995,496152,511114,144470,366644,124330,60725,63605,1535267,94559,1440708,88721,20280,68441
Total,State - GUJARAT,All religious communities,35-39,4341225,2258335,2082890,2582199,2085642,496557,440307,107671,332636,96750,42555,54195,1318719,65022,1253697,63576,11265,52311
Total,State - GUJARAT,All religious communities,40-49,7179489,3705748,3473741,4269409,3439817,829592,685125,147510,537615,123049,49993,73056,2224955,118421,2106534,75625,13373,62252
Total,State - GUJARAT,All religious communities,50-59,4752130,2447361,2304769,2571719,2121606,450113,408482,92890,315592,57312,23191,34121,1771929,232865,1539064,37264,10076,27188
Total,State - GUJARAT,All religious communities,60-69,2897824,1401261,1496563,1035756,853037,182719,211104,60867,150237,24223,10440,13783,1650964,487357,1163607,22775,8394,14381
Total,State - GUJARAT,All religious communities,70-79,1339673,613863,725810,290661,241517,49144,62625,23832,38793,6079,2915,3164,986387,348514,637873,6905,2637,4268
Total,State - GUJARAT,All religious communities,80+,549062,230477,318585,80288,65487,14801,18144,7205,10939,2132,1059,1073,450630,157785,292845,2571,1025,1546
Total,State - GUJARAT,All religious communities,Age not stated,238844,125546,113298,76114,61718,14396,18153,7228,10925,3745,1937,1808,144577,56600,87977,3233,1536,1697
Total,State - GUJARAT,All religious communities,15-59,37968676,19837988,18130688,18632237,15180501,3451736,3879588,1239335,2640253,990247,524939,465308,15456851,3418152,12038699,1082417,470555,611862
Total,State - GUJARAT,All religious communities,60+,4786559,2245601,2540958,1406705,1160041,246664,291873,91904,199969,32434,14414,18020,3087981,993656,2094325,32251,12056,20195
Total,State - GUJARAT,Hindu,Total,53533988,27941177,25592811,18307543,14761042,3546501,4125653,1300993,2824660,997178,517359,479819,31100792,11879142,19221650,1064545,466428,598117
Total,State - GUJARAT,Hindu,5-9,5136147,2759909,2376238,40111,25064,15047,37800,19167,18633,5797,3168,2629,5058236,2715678,2342558,27149,14779,12370
Total,State - GUJARAT,Hindu,10-14,5434726,2908585,2526141,184533,121670,62863,160276,68096,92180,34316,18103,16213,5089917,2718819,2371098,63850,35157,28693
Total,State - GUJARAT,Hindu,15-19,5176825,2781256,2395569,1104640,837094,267546,524777,227321,297456,173607,102162,71445,3547408,1716841,1830567,278557,162807,115750
Total,State - GUJARAT,Hindu,20-24,5099957,2696240,2403717,2185498,1787333,398165,642102,262414,379688,216385,130038,86347,2272357,646493,1625864,287742,143728,144014
Total,State - GUJARAT,Hindu,25-29,4679321,2461091,2218230,2517183,2082534,434649,549128,192606,356522,160133,89225,70908,1613010,185951,1427059,147414,51297,96117
Total,State - GUJARAT,Hindu,30-34,4239126,2197209,2041917,2450174,1985523,464651,479510,130494,349016,116165,55634,60531,1309442,81192,1228250,77133,17584,59549
Total,State - GUJARAT,Hindu,35-39,3859262,2011946,1847316,2323806,1859622,464184,413107,96572,316535,90101,38688,51413,1122349,55752,1066597,54769,9651,45118
Total,State - GUJARAT,Hindu,40-49,6403056,3305751,3097305,3849062,3072452,776610,644101,131564,512537,114350,45068,69282,1909893,101735,1808158,65204,11426,53778
Total,State - GUJARAT,Hindu,50-59,4237771,2181614,2056157,2316495,1895941,420554,384570,82988,301582,53075,20673,32402,1536706,202685,1334021,32021,8425,23596
Total,State - GUJARAT,Hindu,60-69,2574212,1244361,1329851,933080,763055,170025,198575,55200,143375,22395,9355,13040,1442557,426106,1016451,19589,7121,12468
Total,State - GUJARAT,Hindu,70-79,1193446,546534,646912,262669,217276,45393,58566,21774,36792,5561,2614,2947,872211,307484,564727,6036,2240,3796
Total,State - GUJARAT,Hindu,80+,490870,207002,283868,72367,58829,13538,16763,6527,10236,1935,940,995,401740,141646,260094,2255,879,1376
Total,State - GUJARAT,Hindu,Age not stated,208807,109874,98933,67925,54649,13276,16378,6270,10108,3358,1691,1667,124504,48955,75549,2826,1334,1492
Total,State - GUJARAT,Hindu,15-59,33695318,17635107,16060211,16746858,13520499,3226359,3637295,1123959,2513336,923816,481488,442328,13311165,2990649,10320516,942840,404918,537922
Total,State - GUJARAT,Hindu,60+,4258528,1997897,2260631,1268116,1039160,228956,273904,83501,190403,29891,12909,16982,2716508,875236,1841272,27880,10240,17640
Total,State - GUJARAT,Muslim,Total,5846761,3007221,2839540,1700927,1516705,184222,229048,112262,116786,60565,41045,19520,3916786,1378254,2538532,133668,65083,68585
Total,State - GUJARAT,Muslim,5-9,623484,325668,297816,4554,2943,1611,3341,1817,1524,607,364,243,615589,320908,294681,3064,1763,1301
Total,State - GUJARAT,Muslim,10-14,630282,330013,300269,18087,13727,4360,9270,4631,4639,2231,1366,865,602925,311655,291270,8679,5295,3384
Total,State - GUJARAT,Muslim,15-19,603899,319431,284468,119887,103219,16668,31652,17599,14053,10560,7456,3104,452360,198613,253747,39306,25343,13963
Total,State - GUJARAT,Muslim,20-24,590788,303589,287199,229487,207295,22192,38511,22310,16201,12915,9726,3189,322790,73984,248806,32808,18696,14112
Total,State - GUJARAT,Muslim,25-29,510917,261397,249520,243649,222274,21375,31022,16544,14478,9091,6580,2511,236246,22579,213667,16050,6080,9970
Total,State - GUJARAT,Muslim,30-34,447900,227605,220295,227789,205043,22746,26107,11686,14421,6721,4373,2348,194004,10876,183128,9660,2187,7473
Total,State - GUJARAT,Muslim,35-39,402910,206626,196284,213550,189866,23684,22448,9266,13182,5467,3310,2157,166912,7494,159418,7330,1304,6026
Total,State - GUJARAT,Muslim,40-49,629088,325681,303407,336396,298994,37402,33047,13212,19835,7153,4264,2889,259645,13475,246170,8599,1512,7087
Total,State - GUJARAT,Muslim,50-59,397113,205633,191480,194179,174137,20042,18580,7907,10673,3396,2124,1272,184354,23589,160765,4322,1286,3036
Total,State - GUJARAT,Muslim,60-69,248935,119893,129042,80040,70348,9692,9771,4529,5242,1547,949,598,159124,45016,114108,2570,1011,1559
Total,State - GUJARAT,Muslim,70-79,107281,48727,58554,21244,18383,2861,3069,1586,1483,437,258,179,82968,28758,54210,713,331,382
Total,State - GUJARAT,Muslim,80+,43693,17256,26437,6134,5207,927,1057,514,543,170,102,68,36502,11535,24967,259,119,140
Total,State - GUJARAT,Muslim,Age not stated,21753,11264,10489,5931,5269,662,1173,661,512,270,173,97,14649,5334,9315,308,156,152
Total,State - GUJARAT,Muslim,15-59,3582615,1849962,1732653,1564937,1400828,164109,201367,98524,102843,55303,37833,17470,1816311,350610,1465701,118075,56408,61667
Total,State - GUJARAT,Muslim,60+,399909,185876,214033,107418,93938,13480,13897,6629,7268,2154,1309,845,278594,85309,193285,3542,1461,2081
Total,State - GUJARAT,Christian,Total,316178,159759,156419,116259,79999,36260,28480,9933,18547,8409,4032,4377,171439,69827,101612,8952,4075,4877
Total,State - GUJARAT,Christian,5-9,26621,13816,12805,277,148,129,226,116,110,51,29,22,26118,13552,12566,176,93,83
Total,State - GUJARAT,Christian,10-14,28685,14846,13839,831,522,309,845,345,500,215,112,103,27009,13979,13030,359,181,178
Total,State - GUJARAT,Christian,15-19,26525,13911,12614,4034,2588,1446,2790,1297,1493,1176,640,536,19701,10026,9675,1756,968,788
Total,State - GUJARAT,Christian,20-24,27435,13739,13696,10256,6775,3481,4051,1624,2427,1592,828,764,13128,5340,7788,2453,1294,1159
Total,State - GUJARAT,Christian,25-29,26675,13261,13414,14372,9809,4563,3992,1477,2515,1477,712,765,8311,1975,6336,1527,628,899
Total,State - GUJARAT,Christian,30-34,25073,12480,12593,15220,10491,4729,3425,1191,2234,1050,494,556,6428,798,5630,762,237,525
Total,State - GUJARAT,Christian,35-39,24077,11980,12097,15359,10491,4868,2859,915,1944,862,389,473,5859,574,5285,584,156,428
Total,State - GUJARAT,Christian,40-49,43854,21880,21974,28534,19577,8957,4836,1288,3548,1126,442,684,10484,1015,9469,673,210,463
Total,State - GUJARAT,Christian,50-59,31699,16205,15494,18720,13338,5382,3083,889,2194,571,246,325,9896,1978,7918,349,154,195
Total,State - GUJARAT,Christian,60-69,18665,9139,9526,5941,4317,1624,1549,479,1070,178,82,96,11175,4343,6832,218,103,115
Total,State - GUJARAT,Christian,70-79,8181,3888,4293,1614,1192,422,437,157,280,48,24,24,6130,2539,3591,50,25,25
Total,State - GUJARAT,Christian,80+,2808,1227,1581,476,321,155,140,57,83,10,3,7,2192,849,1343,18,11,7
Total,State - GUJARAT,Christian,Age not stated,1907,947,960,625,430,195,247,98,149,53,31,22,1035,419,616,27,15,12
Total,State - GUJARAT,Christian,15-59,205338,103456,101882,106495,73069,33426,25036,8681,16355,7854,3751,4103,73807,21706,52101,8104,3647,4457
Total,State - GUJARAT,Christian,60+,29654,14254,15400,8031,5830,2201,2126,693,1433,236,109,127,19497,7731,11766,286,139,147
Total,State - GUJARAT,Sikh,Total,58246,32069,26177,19882,17675,2207,1844,1096,748,392,246,146,36520,13298,23222,1393,679,714
Total,State - GUJARAT,Sikh,5-9,4853,2736,2117,71,41,30,48,27,21,7,3,4,4734,2668,2066,41,19,22
Total,State - GUJARAT,Sikh,10-14,5177,2869,2308,158,127,31,82,54,28,17,12,5,4937,2688,2249,75,43,32
Total,State - GUJARAT,Sikh,15-19,5127,2839,2288,731,642,89,177,107,70,51,29,22,4219,2090,2129,327,224,103
Total,State - GUJARAT,Sikh,20-24,6183,3639,2544,2585,2320,265,316,220,96,82,57,25,3282,1099,2183,364,208,156
Total,State - GUJARAT,Sikh,25-29,5581,3085,2496,2925,2590,335,269,169,100,63,41,22,2387,326,2061,228,90,138
Total,State - GUJARAT,Sikh,30-34,4944,2715,2229,2729,2422,307,231,134,97,42,22,20,1984,159,1825,124,32,92
Total,State - GUJARAT,Sikh,35-39,4352,2406,1946,2502,2210,292,169,99,70,39,23,16,1681,97,1584,73,11,62
Total,State - GUJARAT,Sikh,40-49,7447,4080,3367,4259,3808,451,253,124,129,55,36,19,2935,148,2787,79,19,60
Total,State - GUJARAT,Sikh,50-59,4847,2596,2251,2548,2282,266,162,82,80,21,14,7,2137,232,1905,38,15,23
Total,State - GUJARAT,Sikh,60-69,2983,1537,1446,935,850,85,75,43,32,11,5,6,1973,644,1329,29,11,18
Total,State - GUJARAT,Sikh,70-79,1366,700,666,252,220,32,32,16,16,0,0,0,1082,464,618,8,4,4
Total,State - GUJARAT,Sikh,80+,544,275,269,92,84,8,20,13,7,3,3,0,432,178,254,4,3,1
Total,State - GUJARAT,Sikh,Age not stated,357,182,175,95,79,16,10,8,2,1,1,0,252,95,157,3,0,3
Total,State - GUJARAT,Sikh,15-59,38481,21360,17121,18279,16274,2005,1577,935,642,353,222,131,18625,4151,14474,1233,599,634
Total,State - GUJARAT,Sikh,60+,4893,2512,2381,1279,1154,125,127,72,55,14,8,6,3487,1286,2201,41,18,23
Total,State - GUJARAT,Buddhist,Total,30483,16220,14263,10926,8837,2089,1260,510,750,375,188,187,18297,6873,11424,692,296,396
Total,State - GUJARAT,Buddhist,5-9,2873,1551,1322,31,19,12,11,6,5,0,0,0,2831,1526,1305,12,6,6
Total,State - GUJARAT,Buddhist,10-14,2938,1547,1391,112,75,37,40,21,19,10,5,5,2786,1451,1335,43,21,22
Total,State - GUJARAT,Buddhist,15-19,2877,1605,1272,739,594,145,151,77,74,56,29,27,1987,934,1053,144,83,61
Total,State - GUJARAT,Buddhist,20-24,3259,1746,1513,1435,1224,211,179,82,97,85,42,43,1645,440,1205,192,91,101
Total,State - GUJARAT,Buddhist,25-29,2889,1544,1345,1583,1325,258,165,79,86,60,40,20,1141,140,1001,123,47,76
Total,State - GUJARAT,Buddhist,30-34,2536,1373,1163,1550,1253,297,169,65,104,40,20,20,817,55,762,50,20,30
Total,State - GUJARAT,Buddhist,35-39,2220,1151,1069,1407,1076,331,137,40,97,40,17,23,676,35,641,44,11,33
Total,State - GUJARAT,Buddhist,40-49,3456,1850,1606,2172,1720,452,200,51,149,45,16,29,1084,79,1005,47,8,39
Total,State - GUJARAT,Buddhist,50-59,2242,1217,1025,1244,1017,227,117,49,68,25,14,11,881,151,730,17,3,14
Total,State - GUJARAT,Buddhist,60-69,1268,635,633,427,350,77,56,24,32,9,2,7,785,261,524,15,5,10
Total,State - GUJARAT,Buddhist,70-79,560,277,283,113,95,18,19,8,11,2,1,1,428,174,254,4,1,3
Total,State - GUJARAT,Buddhist,80+,216,84,132,45,36,9,5,2,3,0,0,0,166,46,120,0,0,0
Total,State - GUJARAT,Buddhist,Age not stated,227,120,107,68,53,15,11,6,5,3,2,1,148,61,87,1,0,1
Total,State - GUJARAT,Buddhist,15-59,19479,10486,8993,10130,8209,1921,1118,443,675,351,178,173,8231,1834,6397,617,263,354
Total,State - GUJARAT,Buddhist,60+,2044,996,1048,585,481,104,80,34,46,11,3,8,1379,481,898,19,6,13
Total,State - GUJARAT,Jain,Total,579654,294911,284743,187301,165886,21415,10679,6020,4659,1744,1036,708,381674,123005,258669,10741,4277,6464
Total,State - GUJARAT,Jain,5-9,35157,18999,16158,309,200,109,219,126,93,43,30,13,34629,18673,15956,181,89,92
Total,State - GUJARAT,Jain,10-14,41097,22249,18848,778,597,181,250,158,92,52,38,14,40069,21494,18575,302,165,137
Total,State - GUJARAT,Jain,15-19,44327,23725,20602,2396,1982,414,587,333,254,191,110,81,41344,21410,19934,1659,966,693
Total,State - GUJARAT,Jain,20-24,46594,23714,22880,13310,10799,2511,1361,800,561,441,269,172,31923,12115,19808,3593,1742,1851
Total,State - GUJARAT,Jain,25-29,47533,23789,23744,23587,20087,3500,1337,798,539,275,166,109,22609,2904,19705,1752,572,1180
Total,State - GUJARAT,Jain,30-34,45837,22899,22938,23890,21058,2832,1082,628,454,162,100,62,20865,1213,19652,830,159,671
Total,State - GUJARAT,Jain,35-39,43928,21836,22092,23082,20421,2661,1068,549,519,142,71,71,19778,866,18912,659,91,568
Total,State - GUJARAT,Jain,40-49,84781,42369,42412,44497,39767,4730,1875,971,904,196,108,88,38409,1631,36778,866,145,721
Total,State - GUJARAT,Jain,50-59,72514,36962,35552,35390,32402,2988,1490,806,684,152,89,63,35634,3754,31880,462,163,299
Total,State - GUJARAT,Jain,60-69,47663,23701,23962,14065,13120,945,831,494,337,50,30,20,32767,10087,22680,297,128,169
Total,State - GUJARAT,Jain,70-79,26412,12587,13825,4319,3996,323,393,251,142,21,13,8,21700,8340,13360,77,30,47
Total,State - GUJARAT,Jain,80+,9747,4105,5642,1026,894,132,126,73,53,10,7,3,8595,3138,5457,34,13,21
Total,State - GUJARAT,Jain,Age not stated,2425,1163,1262,652,563,89,60,33,27,9,5,4,1713,567,1146,29,14,15
Total,State - GUJARAT,Jain,15-59,385514,195294,190220,166152,146516,19636,8800,4885,3915,1559,913,646,210562,43893,166669,9821,3838,5983
Total,State - GUJARAT,Jain,60+,83822,40393,43429,19410,18010,1400,1350,818,532,81,50,31,63062,21565,41497,408,171,237
Total,State - GUJARAT,Other religious communities,Total,16480,8362,8118,5871,4273,1598,923,306,617,182,84,98,9686,3783,5903,260,135,125
Total,State - GUJARAT,Other religious communities,5-9,1096,550,546,10,7,3,10,5,5,1,0,1,1076,538,538,10,5,5
Total,State - GUJARAT,Other religious communities,10-14,1127,588,539,35,18,17,21,5,16,2,0,2,1071,565,506,16,9,7
Total,State - GUJARAT,Other religious communities,15-19,1136,613,523,184,120,64,87,38,49,22,15,7,865,455,410,37,28,9
Total,State - GUJARAT,Other religious communities,20-24,1217,630,587,416,298,118,129,49,80,40,22,18,672,283,389,72,41,31
Total,State - GUJARAT,Other religious communities,25-29,1236,625,611,725,497,228,119,40,79,29,13,16,392,88,304,48,25,23
Total,State - GUJARAT,Other religious communities,30-34,1148,607,541,727,531,196,106,38,68,31,16,15,315,38,277,15,7,8
Total,State - GUJARAT,Other religious communities,35-39,1043,531,512,668,484,184,89,26,63,15,7,8,286,21,265,11,4,7
Total,State - GUJARAT,Other religious communities,40-49,2047,1014,1033,1259,918,341,168,44,124,20,5,15,620,52,568,25,5,20
Total,State - GUJARAT,Other religious communities,50-59,1984,1017,967,1106,829,277,110,32,78,14,5,9,768,156,612,10,6,4
Total,State - GUJARAT,Other religious communities,60-69,1643,804,839,464,357,107,44,14,30,6,1,5,1135,433,702,11,4,7
Total,State - GUJARAT,Other religious communities,70-79,1183,567,616,198,153,45,33,11,22,1,0,1,952,403,549,3,1,2
Total,State - GUJARAT,Other religious communities,80+,538,256,282,52,39,13,5,3,2,0,0,0,481,214,267,0,0,0
Total,State - GUJARAT,Other religious communities,Age not stated,98,56,42,27,22,5,2,1,1,1,0,1,69,33,36,2,0,2
Total,State - GUJARAT,Other religious communities,15-59,9811,5037,4774,5085,3677,1408,808,267,541,171,83,88,3918,1093,2825,218,116,102
Total,State - GUJARAT,Other religious communities,60+,3364,1627,1737,714,549,165,82,28,54,7,1,6,2568,1050,1518,14,5,9
Rural,State - GUJARAT,All religious communities,Total,34694609,17799159,16895450,11878120,9141339,2736781,3691972,1030245,2661727,878699,439937,438762,19124517,7627575,11496942,612129,265825,346304
Rural,State - GUJARAT,All religious communities,5-9,3608635,1902056,1706579,24168,14227,9941,26539,12823,13716,3582,1912,1670,3557928,1875006,1682922,16363,8637,7726
Rural,State - GUJARAT,All religious communities,10-14,3787881,1989379,1798502,132237,82209,50028,143113,58018,85095,29893,15428,14465,3512531,1849152,1663379,42552,22650,19902
Rural,State - GUJARAT,All religious communities,15-19,3406534,1781574,1624960,777370,559280,218090,480765,197441,283324,157415,90869,66546,2148399,1024853,1123546,177842,101944,75898
Rural,State - GUJARAT,All religious communities,20-24,3129114,1613761,1515353,1391798,1085504,306294,575005,215659,359346,192366,113038,79328,1162311,312598,849713,159835,78642,81193
Rural,State - GUJARAT,All religious communities,25-29,2767541,1439403,1328138,1522997,1200790,322207,486340,150967,335373,141631,76500,65131,758204,87646,670558,76147,26380,49767
Rural,State - GUJARAT,All religious communities,30-34,2567865,1309468,1258397,1523163,1170284,352879,427735,99259,328476,102484,46997,55487,616967,39925,577042,40871,8956,31915
Rural,State - GUJARAT,All religious communities,35-39,2379877,1230816,1149061,1484906,1131268,353638,368140,71448,296692,78415,31739,46676,526831,28100,498731,28851,4907,23944
Rural,State - GUJARAT,All religious communities,40-49,3979722,2035185,1944537,2489020,1891565,597455,577319,94076,483243,98780,35769,63011,913383,49544,863839,34990,5292,29698
Rural,State - GUJARAT,All religious communities,50-59,2666539,1342128,1324411,1521652,1194945,326707,346750,59357,287393,45968,16137,29831,798137,87826,710311,17390,3277,14113
Rural,State - GUJARAT,All religious communities,60-69,1730312,817959,912353,712323,570100,142223,180470,43772,136698,19219,7400,11819,837519,204087,633432,10909,2903,8006
Rural,State - GUJARAT,All religious communities,70-79,821729,370145,451584,209304,171654,37650,52447,18052,34395,4684,2109,2575,559978,180439,379539,3669,1141,2528
Rural,State - GUJARAT,All religious communities,80+,332285,139154,193131,50705,40559,10146,14139,5047,9092,1486,681,805,267441,93548,173893,1228,437,791
Rural,State - GUJARAT,All religious communities,Age not stated,115682,59273,56409,38477,28954,9523,13210,4326,8884,2776,1358,1418,63995,25993,38002,1482,659,823
Rural,State - GUJARAT,All religious communities,15-59,20897192,10752335,10144857,10710906,8233636,2477270,3262054,888207,2373847,817059,411049,406010,6924232,1630492,5293740,535926,229398,306528
Rural,State - GUJARAT,All religious communities,60+,2884326,1327258,1557068,972332,782313,190019,247056,66871,180185,25389,10190,15199,1664938,478074,1186864,15806,4481,11325
Rural,State - GUJARAT,Hindu,Total,32390541,16623861,15766680,11178511,8556424,2622087,3538407,975422,2562985,839924,416953,422971,17673623,7092015,10581608,564196,243592,320604
Rural,State - GUJARAT,Hindu,5-9,3357162,1771132,1586030,22739,13387,9352,25411,12250,13161,3387,1801,1586,3309012,1745495,1563517,15420,8100,7320
Rural,State - GUJARAT,Hindu,10-14,3531254,1854839,1676415,125017,77175,47842,137572,55675,81897,28673,14740,13933,3268665,1721989,1546676,39288,20741,18547
Rural,State - GUJARAT,Hindu,15-19,3175490,1660781,1514709,729910,521588,208322,459978,187773,272205,150630,86486,64144,1985602,951420,1034182,163914,93410,70504
Rural,State - GUJARAT,Hindu,20-24,2911574,1503058,1408516,1303710,1010763,292947,550125,204450,345675,184093,107497,76596,1057739,287845,769894,147751,72028,75723
Rural,State - GUJARAT,Hindu,25-29,2578807,1342745,1236062,1428490,1119352,309138,465799,143013,322786,135523,72687,62836,684518,80380,604138,70170,24136,46034
Rural,State - GUJARAT,Hindu,30-34,2398473,1224405,1174068,1432579,1094001,338578,410009,93788,316221,98113,44525,53588,555885,36616,519269,37389,8210,29179
Rural,State - GUJARAT,Hindu,35-39,2225486,1151927,1073559,1397694,1058819,338875,352784,67237,285547,74880,29895,44985,475008,25871,449137,26299,4501,21798
Rural,State - GUJARAT,Hindu,40-49,3731480,1907894,1823586,2347197,1774214,572983,553888,88114,465774,94100,33478,60622,830395,45566,784829,32041,4854,27187
Rural,State - GUJARAT,Hindu,50-59,2502848,1259069,1243779,1435854,1122498,313356,333168,55720,277448,43763,15049,28714,733826,80851,652975,15901,2920,12981
Rural,State - GUJARAT,Hindu,60-69,1626536,768832,857704,673651,537503,136148,173499,41478,132021,18329,6944,11385,779386,189851,589535,10098,2643,7455
Rural,State - GUJARAT,Hindu,70-79,772143,348273,423870,197911,162052,35859,50288,17163,33125,4435,1969,2466,523944,169058,354886,3427,1046,2381
Rural,State - GUJARAT,Hindu,80+,312170,131316,180854,47849,38235,9614,13495,4783,8712,1412,642,770,250826,88298,162528,1154,404,750
Rural,State - GUJARAT,Hindu,Age not stated,106504,54526,51978,35910,26837,9073,12391,3978,8413,2586,1240,1346,58203,23711,34492,1344,599,745
Rural,State - GUJARAT,Hindu,15-59,19524158,10049879,9474279,10075434,7701235,2374199,3125751,840095,2285656,781102,389617,391485,6322973,1508549,4814424,493465,210059,283406
Rural,State - GUJARAT,Hindu,60+,2710849,1248421,1462428,919411,737790,181621,237282,63424,173858,24176,9555,14621,1554156,447207,1106949,14679,4093,10586
Rural,State - GUJARAT,Muslim,Total,2049186,1044496,1004690,608973,518759,90214,123572,45107,78465,30283,18995,11288,1316641,480630,836011,42029,19621,22408
Rural,State - GUJARAT,Muslim,5-9,227950,118747,109203,1206,723,483,909,461,448,157,90,67,225835,117563,108272,785,456,329
Rural,State - GUJARAT,Muslim,10-14,232080,121694,110386,6448,4549,1899,4671,1994,2677,997,571,426,220961,115151,105810,2951,1754,1197
Rural,State - GUJARAT,Muslim,15-19,209137,109310,99827,43331,35010,8321,17668,8288,9380,5575,3738,1837,148138,66012,82126,12467,7711,4756
Rural,State - GUJARAT,Muslim,20-24,195226,99182,96044,78683,67925,10758,20429,9447,10982,6602,4674,1928,96114,21810,74304,10492,5806,4686
Rural,State - GUJARAT,Muslim,25-29,168421,86102,82319,83525,73293,10232,16443,6532,9911,4641,3117,1524,68453,6277,62176,5110,1919,3191
Rural,State - GUJARAT,Muslim,30-34,150793,75524,75269,79543,68295,11248,14260,4374,9886,3332,1987,1345,56990,2855,54135,3075,638,2437
Rural,State - GUJARAT,Muslim,35-39,136711,69753,66958,76174,64470,11704,12373,3366,9007,2693,1479,1214,48164,1917,46247,2225,338,1887
Rural,State - GUJARAT,Muslim,40-49,216161,110847,105314,121566,102684,18882,18375,4764,13611,3539,1849,1690,76220,3399,72821,2571,341,2230
Rural,State - GUJARAT,Muslim,50-59,141068,71374,69694,72450,62407,10043,10456,2897,7559,1646,876,770,58162,6070,52092,1286,290,996
Rural,State - GUJARAT,Muslim,60-69,88762,41908,46854,32396,27825,4571,5345,1834,3511,704,375,329,51021,12249,38772,691,212,479
Rural,State - GUJARAT,Muslim,70-79,41788,18307,23481,9487,8077,1410,1652,721,931,206,120,86,30649,9509,21140,211,81,130
Rural,State - GUJARAT,Muslim,80+,17163,6607,10556,2370,1949,421,509,212,297,64,35,29,14284,4446,9838,65,29,36
Rural,State - GUJARAT,Muslim,Age not stated,6437,3293,3144,1794,1552,242,482,217,265,127,84,43,4161,1524,2637,100,46,54
Rural,State - GUJARAT,Muslim,15-59,1217517,622092,595425,555272,474084,81188,110004,39668,70336,28028,17720,10308,552241,108340,443901,37226,17043,20183
Rural,State - GUJARAT,Muslim,60+,147713,66822,80891,44253,37851,6402,7506,2767,4739,974,530,444,95954,26204,69750,967,322,645
Rural,State - GUJARAT,Christian,Total,162368,81319,81049,59424,39862,19562,23686,7383,16303,7172,3263,3909,79258,34074,45184,4000,1740,2260
Rural,State - GUJARAT,Christian,5-9,16317,8233,8084,142,70,72,143,68,75,28,15,13,16032,8095,7937,101,51,50
Rural,State - GUJARAT,Christian,10-14,16706,8439,8267,505,312,193,693,254,439,185,93,92,15508,7873,7635,219,102,117
Rural,State - GUJARAT,Christian,15-19,14332,7422,6910,2873,1735,1138,2471,1094,1377,1045,554,491,8988,4593,4395,1032,585,447
Rural,State - GUJARAT,Christian,20-24,14047,6908,7139,5948,3894,2054,3464,1311,2153,1357,680,677,4635,1703,2932,1035,508,527
Rural,State - GUJARAT,Christian,25-29,13179,6588,6591,7150,4863,2287,3311,1101,2210,1269,579,690,2718,624,2094,600,227,373
Rural,State - GUJARAT,Christian,30-34,12401,6098,6303,7504,4987,2517,2805,866,1939,876,400,476,2092,245,1847,291,71,220
Rural,State - GUJARAT,Christian,35-39,11693,5877,5816,7553,5055,2498,2387,657,1730,740,310,430,1753,165,1588,213,44,169
Rural,State - GUJARAT,Christian,40-49,20581,10248,10333,13515,9030,4485,4018,908,3110,970,355,615,3048,310,2738,254,58,196
Rural,State - GUJARAT,Christian,50-59,13832,6990,6842,8648,5985,2663,2489,581,1908,472,176,296,2695,424,2271,142,44,98
Rural,State - GUJARAT,Christian,60-69,8460,4058,4402,3907,2733,1174,1270,338,932,143,60,83,3283,987,2296,76,31,45
Rural,State - GUJARAT,Christian,70-79,3534,1626,1908,1052,774,278,354,104,250,39,17,22,2128,748,1380,16,9,7
Rural,State - GUJARAT,Christian,80+,1202,528,674,260,185,75,93,33,60,7,1,6,849,310,539,5,3,2
Rural,State - GUJARAT,Christian,Age not stated,1106,538,568,367,239,128,188,68,120,41,23,18,551,231,320,16,7,9
Rural,State - GUJARAT,Christian,15-59,100065,50131,49934,53191,35549,17642,20945,6518,14427,6729,3054,3675,25929,8064,17865,3567,1537,2030
Rural,State - GUJARAT,Christian,60+,13196,6212,6984,5219,3692,1527,1717,475,1242,189,78,111,6260,2045,4215,97,43,54
Rural,State - GUJARAT,Sikh,Total,11292,7088,4204,5154,4708,446,661,319,342,151,87,64,5477,2061,3416,173,53,120
Rural,State - GUJARAT,Sikh,5-9,871,499,372,16,6,10,9,6,3,1,0,1,846,487,359,9,4,5
Rural,State - GUJARAT,Sikh,10-14,921,506,415,44,33,11,22,14,8,6,4,2,855,459,396,17,8,9
Rural,State - GUJARAT,Sikh,15-19,889,510,379,230,201,29,82,41,41,22,10,12,577,268,309,30,15,15
Rural,State - GUJARAT,Sikh,20-24,1607,1207,400,1056,1003,53,133,93,40,25,16,9,418,111,307,34,14,20
Rural,State - GUJARAT,Sikh,25-29,1301,891,410,856,808,48,97,54,43,23,12,11,348,29,319,29,5,24
Rural,State - GUJARAT,Sikh,30-34,1034,668,366,703,636,67,69,20,49,19,9,10,262,12,250,17,3,14
Rural,State - GUJARAT,Sikh,35-39,863,577,286,606,548,58,55,22,33,14,10,4,202,7,195,15,1,14
Rural,State - GUJARAT,Sikh,40-49,1378,874,504,914,819,95,96,36,60,28,19,9,368,19,349,8,1,7
Rural,State - GUJARAT,Sikh,50-59,760,445,315,453,406,47,66,23,43,7,5,2,241,16,225,7,0,7
Rural,State - GUJARAT,Sikh,60-69,416,221,195,182,163,19,23,6,17,6,2,4,211,52,159,6,2,4
Rural,State - GUJARAT,Sikh,70-79,183,96,87,58,53,5,5,1,4,0,0,0,120,42,78,1,0,1
Rural,State - GUJARAT,Sikh,80+,83,41,42,22,20,2,4,3,1,0,0,0,57,18,39,0,0,0
Rural,State - GUJARAT,Sikh,Age not stated,57,37,20,14,12,2,0,0,0,0,0,0,43,25,18,0,0,0
Rural,State - GUJARAT,Sikh,15-59,7832,5172,2660,4818,4421,397,598,289,309,138,81,57,2416,462,1954,140,39,101
Rural,State - GUJARAT,Sikh,60+,682,358,324,262,236,26,32,10,22,6,2,4,388,112,276,7,2,5
Rural,State - GUJARAT,Buddhist,Total,6182,3292,2890,2138,1710,428,656,193,463,170,73,97,3388,1389,1999,126,56,70
Rural,State - GUJARAT,Buddhist,5-9,581,318,263,5,2,3,3,2,1,0,0,0,573,314,259,3,3,0
Rural,State - GUJARAT,Buddhist,10-14,650,354,296,28,18,10,19,9,10,4,2,2,603,327,276,12,5,7
Rural,State - GUJARAT,Buddhist,15-19,603,335,268,132,95,37,83,34,49,27,14,13,388,206,182,32,14,18
Rural,State - GUJARAT,Buddhist,20-24,560,297,263,221,183,38,94,35,59,51,25,26,245,79,166,37,23,14
Rural,State - GUJARAT,Buddhist,25-29,492,275,217,280,226,54,71,23,48,24,14,10,141,26,115,19,9,10
Rural,State - GUJARAT,Buddhist,30-34,491,277,214,300,247,53,87,24,63,19,7,12,104,6,98,3,0,3
Rural,State - GUJARAT,Buddhist,35-39,465,243,222,289,229,60,71,12,59,15,3,12,105,2,103,8,0,8
Rural,State - GUJARAT,Buddhist,40-49,720,394,326,450,366,84,114,17,97,14,3,11,156,11,145,5,1,4
Rural,State - GUJARAT,Buddhist,50-59,437,228,209,241,194,47,62,17,45,10,4,6,134,17,117,3,0,3
Rural,State - GUJARAT,Buddhist,60-69,302,132,170,122,92,30,32,12,20,5,1,4,148,28,120,2,0,2
Rural,State - GUJARAT,Buddhist,70-79,188,88,100,46,40,6,15,5,10,0,0,0,127,43,84,2,1,1
Rural,State - GUJARAT,Buddhist,80+,72,26,46,21,15,6,2,1,1,0,0,0,49,10,39,0,0,0
Rural,State - GUJARAT,Buddhist,Age not stated,18,9,9,3,3,0,3,2,1,1,0,1,12,4,8,0,0,0
Rural,State - GUJARAT,Buddhist,15-59,3768,2049,1719,1913,1540,373,582,162,420,160,70,90,1273,347,926,107,47,60
Rural,State - GUJARAT,Buddhist,60+,562,246,316,189,147,42,49,18,31,5,1,4,324,81,243,4,1,3
Rural,State - GUJARAT,Jain,Total,44118,22357,21761,13811,12293,1518,1551,629,922,253,179,74,28756,9435,19321,980,446,534
Rural,State - GUJARAT,Jain,5-9,2690,1452,1238,21,15,6,14,9,5,2,2,0,2655,1428,1227,15,4,11
Rural,State - GUJARAT,Jain,10-14,3319,1855,1464,58,44,14,29,17,12,8,5,3,3232,1794,1438,20,11,9
Rural,State - GUJARAT,Jain,15-19,3464,1841,1623,312,259,53,112,64,48,32,24,8,3040,1518,1522,186,109,77
Rural,State - GUJARAT,Jain,20-24,3543,1775,1768,1099,952,147,222,113,109,62,49,13,2222,710,1512,355,183,172
Rural,State - GUJARAT,Jain,25-29,3078,1591,1487,1480,1335,145,190,90,100,41,33,8,1408,166,1242,145,55,90
Rural,State - GUJARAT,Jain,30-34,2761,1435,1326,1410,1260,150,151,62,89,29,18,11,1200,113,1087,54,16,38
Rural,State - GUJARAT,Jain,35-39,2841,1420,1421,1488,1309,179,144,42,102,17,12,5,1209,69,1140,53,10,43
Rural,State - GUJARAT,Jain,40-49,6087,3105,2982,3282,2877,405,280,89,191,30,19,11,2525,139,2386,79,24,55
Rural,State - GUJARAT,Jain,50-59,5254,2736,2518,2596,2361,235,207,58,149,22,11,11,2451,317,2134,38,18,20
Rural,State - GUJARAT,Jain,60-69,4281,2025,2256,1391,1274,117,125,47,78,9,5,4,2765,704,2061,24,13,11
Rural,State - GUJARAT,Jain,70-79,3032,1337,1695,523,476,47,53,32,21,1,1,0,2456,829,1627,5,1,4
Rural,State - GUJARAT,Jain,80+,1193,445,748,113,97,16,17,5,12,0,0,0,1063,343,720,3,1,2
Rural,State - GUJARAT,Jain,Age not stated,135,66,69,38,34,4,7,1,6,0,0,0,90,31,59,3,1,2
Rural,State - GUJARAT,Jain,15-59,27028,13903,13125,11667,10353,1314,1306,518,788,233,166,67,14055,3032,11023,910,415,495
Rural,State - GUJARAT,Jain,60+,8506,3807,4699,2027,1847,180,195,84,111,10,6,4,6284,1876,4408,32,15,17
Rural,State - GUJARAT,Other religious communities,Total,5518,2787,2731,2088,1431,657,734,203,531,141,60,81,2696,1153,1543,79,40,39
Rural,State - GUJARAT,Other religious communities,5-9,566,277,289,3,2,1,6,3,3,0,0,0,557,272,285,4,2,2
Rural,State - GUJARAT,Other religious communities,10-14,496,265,231,13,8,5,19,4,15,2,0,2,464,253,211,8,5,3
Rural,State - GUJARAT,Other religious communities,15-19,456,247,209,116,70,46,73,30,43,17,10,7,267,147,120,18,13,5
Rural,State - GUJARAT,Other religious communities,20-24,467,233,234,200,134,66,112,39,73,34,19,15,155,60,95,18,10,8
Rural,State - GUJARAT,Other religious communities,25-29,471,234,237,290,186,104,97,29,68,24,10,14,84,19,65,13,5,8
Rural,State - GUJARAT,Other religious communities,30-34,375,193,182,239,164,75,81,24,57,23,10,13,55,5,50,4,2,2
Rural,State - GUJARAT,Other religious communities,35-39,353,177,176,224,153,71,73,16,57,7,2,5,56,8,48,2,1,1
Rural,State - GUJARAT,Other religious communities,40-49,651,304,347,400,265,135,134,26,108,18,5,13,117,13,104,7,2,5
Rural,State - GUJARAT,Other religious communities,50-59,523,269,254,335,243,92,75,11,64,12,3,9,113,15,98,2,0,2
Rural,State - GUJARAT,Other religious communities,60-69,359,185,174,172,127,45,33,10,23,3,1,2,154,48,106,2,0,2
Rural,State - GUJARAT,Other religious communities,70-79,223,112,111,75,59,16,26,8,18,0,0,0,122,45,77,0,0,0
Rural,State - GUJARAT,Other religious communities,80+,83,47,36,15,14,1,3,2,1,0,0,0,65,31,34,0,0,0
Rural,State - GUJARAT,Other religious communities,Age not stated,26,16,10,6,6,0,2,1,1,1,0,1,18,9,9,1,0,1
Rural,State - GUJARAT,Other religious communities,15-59,3296,1657,1639,1804,1215,589,645,175,470,135,59,76,847,267,580,64,33,31
Rural,State - GUJARAT,Other religious communities,60+,665,344,321,262,200,62,62,20,42,3,1,2,341,124,217,2,0,2
Urban,State - GUJARAT,All religious communities,Total,25745083,13692101,12052982,8487254,7426356,1060898,710401,402974,307427,191146,124625,66521,16547428,5862771,10684657,609867,276030,333837
Urban,State - GUJARAT,All religious communities,5-9,2227201,1224345,1002856,21328,14286,7042,15238,8508,6730,2946,1695,1251,2190635,1201551,989084,14331,8157,6174
Urban,State - GUJARAT,All religious communities,10-14,2361564,1294455,1067109,72585,54713,17872,27869,15403,12466,6998,4237,2761,2261110,1224339,1036771,30849,18264,12585
Urban,State - GUJARAT,All religious communities,15-19,2459226,1364536,1094690,456221,387680,68541,79891,49529,30362,28360,19629,8731,1923114,927327,995787,144373,88725,55648
Urban,State - GUJARAT,All religious communities,20-24,2651608,1432366,1219242,1053161,932084,121077,112294,72161,40133,39390,28069,11321,1486153,428121,1058032,167790,87398,80392
Urban,State - GUJARAT,All religious communities,25-29,2511281,1327880,1183401,1283216,1140103,143113,100265,61037,39228,29644,20370,9274,1127800,126740,1001060,91244,32472,58772
Urban,State - GUJARAT,All religious communities,30-34,2202663,1157556,1045107,1200984,1057711,143273,83379,45211,38168,21846,13728,8118,918300,54634,863666,47850,11324,36526
Urban,State - GUJARAT,All religious communities,35-39,1961348,1027519,933829,1097293,954374,142919,72167,36223,35944,18335,10816,7519,791888,36922,754966,34725,6358,28367
Urban,State - GUJARAT,All religious communities,40-49,3199767,1670563,1529204,1780389,1548252,232137,107806,53434,54372,24269,14224,10045,1311572,68877,1242695,40635,8081,32554
Urban,State - GUJARAT,All religious communities,50-59,2085591,1105233,980358,1050067,926661,123406,61732,33533,28199,11344,7054,4290,973792,145039,828753,19874,6799,13075
Urban,State - GUJARAT,All religious communities,60-69,1167512,583302,584210,323433,282937,40496,30634,17095,13539,5004,3040,1964,813445,283270,530175,11866,5491,6375
Urban,State - GUJARAT,All religious communities,70-79,517944,243718,274226,81357,69863,11494,10178,5780,4398,1395,806,589,426409,168075,258334,3236,1496,1740
Urban,State - GUJARAT,All religious communities,80+,216777,91323,125454,29583,24928,4655,4005,2158,1847,646,378,268,183189,64237,118952,1343,588,755
Urban,State - GUJARAT,All religious communities,Age not stated,123162,66273,56889,37637,32764,4873,4943,2902,2041,969,579,390,80582,30607,49975,1751,877,874
Urban,State - GUJARAT,All religious communities,15-59,17071484,9085653,7985831,7921331,6946865,974466,617534,351128,266406,173188,113890,59298,8532619,1787660,6744959,546491,241157,305334
Urban,State - GUJARAT,All religious communities,60+,1902233,918343,983890,434373,377728,56645,44817,25033,19784,7045,4224,2821,1423043,515582,907461,16445,7575,8870
Urban,State - GUJARAT,Hindu,Total,21143447,11317316,9826131,7129032,6204618,924414,587246,325571,261675,157254,100406,56848,13427169,4787127,8640042,500349,222836,277513
Urban,State - GUJARAT,Hindu,5-9,1778985,988777,790208,17372,11677,5695,12389,6917,5472,2410,1367,1043,1749224,970183,779041,11729,6679,5050
Urban,State - GUJARAT,Hindu,10-14,1903472,1053746,849726,59516,44495,15021,22704,12421,10283,5643,3363,2280,1821252,996830,824422,24562,14416,10146
Urban,State - GUJARAT,Hindu,15-19,2001335,1120475,880860,374730,315506,59224,64799,39548,25251,22977,15676,7301,1561806,765421,796385,114643,69397,45246
Urban,State - GUJARAT,Hindu,20-24,2188383,1193182,995201,881788,776570,105218,91977,57964,34013,32292,22541,9751,1214618,358648,855970,139991,71700,68291
Urban,State - GUJARAT,Hindu,25-29,2100514,1118346,982168,1088693,963182,125511,83329,49593,33736,24610,16538,8072,928492,105571,822921,77244,27161,50083
Urban,State - GUJARAT,Hindu,30-34,1840653,972804,867849,1017595,891522,126073,69501,36706,32795,18052,11109,6943,753557,44576,708981,39744,9374,30370
Urban,State - GUJARAT,Hindu,35-39,1633776,860019,773757,926112,800803,125309,60323,29335,30988,15221,8793,6428,647341,29881,617460,28470,5150,23320
Urban,State - GUJARAT,Hindu,40-49,2671576,1397857,1273719,1501865,1298238,203627,90213,43450,46763,20250,11590,8660,1079498,56169,1023329,33163,6572,26591
Urban,State - GUJARAT,Hindu,50-59,1734923,922545,812378,880641,773443,107198,51402,27268,24134,9312,5624,3688,802880,121834,681046,16120,5505,10615
Urban,State - GUJARAT,Hindu,60-69,947676,475529,472147,259429,225552,33877,25076,13722,11354,4066,2411,1655,663171,236255,426916,9491,4478,5013
Urban,State - GUJARAT,Hindu,70-79,421303,198261,223042,64758,55224,9534,8278,4611,3667,1126,645,481,348267,138426,209841,2609,1194,1415
Urban,State - GUJARAT,Hindu,80+,178700,75686,103014,24518,20594,3924,3268,1744,1524,523,298,225,150914,53348,97566,1101,475,626
Urban,State - GUJARAT,Hindu,Age not stated,102303,55348,46955,32015,27812,4203,3987,2292,1695,772,451,321,66301,25244,41057,1482,735,747
Urban,State - GUJARAT,Hindu,15-59,14171160,7585228,6585932,6671424,5819264,852160,511544,283864,227680,142714,91871,50843,6988192,1482100,5506092,449375,194859,254516
Urban,State - GUJARAT,Hindu,60+,1547679,749476,798203,348705,301370,47335,36622,20077,16545,5715,3354,2361,1162352,428029,734323,13201,6147,7054
Urban,State - GUJARAT,Muslim,Total,3797575,1962725,1834850,1091954,997946,94008,105476,67155,38321,30282,22050,8232,2600145,897624,1702521,91639,45462,46177
Urban,State - GUJARAT,Muslim,5-9,395534,206921,188613,3348,2220,1128,2432,1356,1076,450,274,176,389754,203345,186409,2279,1307,972
Urban,State - GUJARAT,Muslim,10-14,398202,208319,189883,11639,9178,2461,4599,2637,1962,1234,795,439,381964,196504,185460,5728,3541,2187
Urban,State - GUJARAT,Muslim,15-19,394762,210121,184641,76556,68209,8347,13984,9311,4673,4985,3718,1267,304222,132601,171621,26839,17632,9207
Urban,State - GUJARAT,Muslim,20-24,395562,204407,191155,150804,139370,11434,18082,12863,5219,6313,5052,1261,226676,52174,174502,22316,12890,9426
Urban,State - GUJARAT,Muslim,25-29,342496,175295,167201,160124,148981,11143,14579,10012,4567,4450,3463,987,167793,16302,151491,10940,4161,6779
Urban,State - GUJARAT,Muslim,30-34,297107,152081,145026,148246,136748,11498,11847,7312,4535,3389,2386,1003,137014,8021,128993,6585,1549,5036
Urban,State - GUJARAT,Muslim,35-39,266199,136873,129326,137376,125396,11980,10075,5900,4175,2774,1831,943,118748,5577,113171,5105,966,4139
Urban,State - GUJARAT,Muslim,40-49,412927,214834,198093,214830,196310,18520,14672,8448,6224,3614,2415,1199,183425,10076,173349,6028,1171,4857
Urban,State - GUJARAT,Muslim,50-59,256045,134259,121786,121729,111730,9999,8124,5010,3114,1750,1248,502,126192,17519,108673,3036,996,2040
Urban,State - GUJARAT,Muslim,60-69,160173,77985,82188,47644,42523,5121,4426,2695,1731,843,574,269,108103,32767,75336,1879,799,1080
Urban,State - GUJARAT,Muslim,70-79,65493,30420,35073,11757,10306,1451,1417,865,552,231,138,93,52319,19249,33070,502,250,252
Urban,State - GUJARAT,Muslim,80+,26530,10649,15881,3764,3258,506,548,302,246,106,67,39,22218,7089,15129,194,90,104
Urban,State - GUJARAT,Muslim,Age not stated,15316,7971,7345,4137,3717,420,691,444,247,143,89,54,10488,3810,6678,208,110,98
Urban,State - GUJARAT,Muslim,15-59,2365098,1227870,1137228,1009665,926744,82921,91363,58856,32507,27275,20113,7162,1264070,242270,1021800,80849,39365,41484
Urban,State - GUJARAT,Muslim,60+,252196,119054,133142,63165,56087,7078,6391,3862,2529,1180,779,401,182640,59105,123535,2575,1139,1436
Urban,State - GUJARAT,Christian,Total,153810,78440,75370,56835,40137,16698,4794,2550,2244,1237,769,468,92181,35753,56428,4952,2335,2617
Urban,State - GUJARAT,Christian,5-9,10304,5583,4721,135,78,57,83,48,35,23,14,9,10086,5457,4629,75,42,33
Urban,State - GUJARAT,Christian,10-14,11979,6407,5572,326,210,116,152,91,61,30,19,11,11501,6106,5395,140,79,61
Urban,State - GUJARAT,Christian,15-19,12193,6489,5704,1161,853,308,319,203,116,131,86,45,10713,5433,5280,724,383,341
Urban,State - GUJARAT,Christian,20-24,13388,6831,6557,4308,2881,1427,587,313,274,235,148,87,8493,3637,4856,1418,786,632
Urban,State - GUJARAT,Christian,25-29,13496,6673,6823,7222,4946,2276,681,376,305,208,133,75,5593,1351,4242,927,401,526
Urban,State - GUJARAT,Christian,30-34,12672,6382,6290,7716,5504,2212,620,325,295,174,94,80,4336,553,3783,471,166,305
Urban,State - GUJARAT,Christian,35-39,12384,6103,6281,7806,5436,2370,472,258,214,122,79,43,4106,409,3697,371,112,259
Urban,State - GUJARAT,Christian,40-49,23273,11632,11641,15019,10547,4472,818,380,438,156,87,69,7436,705,6731,419,152,267
Urban,State - GUJARAT,Christian,50-59,17867,9215,8652,10072,7353,2719,594,308,286,99,70,29,7201,1554,5647,207,110,97
Urban,State - GUJARAT,Christian,60-69,10205,5081,5124,2034,1584,450,279,141,138,35,22,13,7892,3356,4536,142,72,70
Urban,State - GUJARAT,Christian,70-79,4647,2262,2385,562,418,144,83,53,30,9,7,2,4002,1791,2211,34,16,18
Urban,State - GUJARAT,Christian,80+,1606,699,907,216,136,80,47,24,23,3,2,1,1343,539,804,13,8,5
Urban,State - GUJARAT,Christian,Age not stated,801,409,392,258,191,67,59,30,29,12,8,4,484,188,296,11,8,3
Urban,State - GUJARAT,Christian,15-59,105273,53325,51948,53304,37520,15784,4091,2163,1928,1125,697,428,47878,13642,34236,4537,2110,2427
Urban,State - GUJARAT,Christian,60+,16458,8042,8416,2812,2138,674,409,218,191,47,31,16,13237,5686,7551,189,96,93
Urban,State - GUJARAT,Sikh,Total,46954,24981,21973,14728,12967,1761,1183,777,406,241,159,82,31043,11237,19806,1220,626,594
Urban,State - GUJARAT,Sikh,5-9,3982,2237,1745,55,35,20,39,21,18,6,3,3,3888,2181,1707,32,15,17
Urban,State - GUJARAT,Sikh,10-14,4256,2363,1893,114,94,20,60,40,20,11,8,3,4082,2229,1853,58,35,23
Urban,State - GUJARAT,Sikh,15-19,4238,2329,1909,501,441,60,95,66,29,29,19,10,3642,1822,1820,297,209,88
Urban,State - GUJARAT,Sikh,20-24,4576,2432,2144,1529,1317,212,183,127,56,57,41,16,2864,988,1876,330,194,136
Urban,State - GUJARAT,Sikh,25-29,4280,2194,2086,2069,1782,287,172,115,57,40,29,11,2039,297,1742,199,85,114
Urban,State - GUJARAT,Sikh,30-34,3910,2047,1863,2026,1786,240,162,114,48,23,13,10,1722,147,1575,107,29,78
Urban,State - GUJARAT,Sikh,35-39,3489,1829,1660,1896,1662,234,114,77,37,25,13,12,1479,90,1389,58,10,48
Urban,State - GUJARAT,Sikh,40-49,6069,3206,2863,3345,2989,356,157,88,69,27,17,10,2567,129,2438,71,18,53
Urban,State - GUJARAT,Sikh,50-59,4087,2151,1936,2095,1876,219,96,59,37,14,9,5,1896,216,1680,31,15,16
Urban,State - GUJARAT,Sikh,60-69,2567,1316,1251,753,687,66,52,37,15,5,3,2,1762,592,1170,23,9,14
Urban,State - GUJARAT,Sikh,70-79,1183,604,579,194,167,27,27,15,12,0,0,0,962,422,540,7,4,3
Urban,State - GUJARAT,Sikh,80+,461,234,227,70,64,6,16,10,6,3,3,0,375,160,215,4,3,1
Urban,State - GUJARAT,Sikh,Age not stated,300,145,155,81,67,14,10,8,2,1,1,0,209,70,139,3,0,3
Urban,State - GUJARAT,Sikh,15-59,30649,16188,14461,13461,11853,1608,979,646,333,215,141,74,16209,3689,12520,1093,560,533
Urban,State - GUJARAT,Sikh,60+,4211,2154,2057,1017,918,99,95,62,33,8,6,2,3099,1174,1925,34,16,18
Urban,State - GUJARAT,Buddhist,Total,24301,12928,11373,8788,7127,1661,604,317,287,205,115,90,14909,5484,9425,566,240,326
Urban,State - GUJARAT,Buddhist,5-9,2292,1233,1059,26,17,9,8,4,4,0,0,0,2258,1212,1046,9,3,6
Urban,State - GUJARAT,Buddhist,10-14,2288,1193,1095,84,57,27,21,12,9,6,3,3,2183,1124,1059,31,16,15
Urban,State - GUJARAT,Buddhist,15-19,2274,1270,1004,607,499,108,68,43,25,29,15,14,1599,728,871,112,69,43
Urban,State - GUJARAT,Buddhist,20-24,2699,1449,1250,1214,1041,173,85,47,38,34,17,17,1400,361,1039,155,68,87
Urban,State - GUJARAT,Buddhist,25-29,2397,1269,1128,1303,1099,204,94,56,38,36,26,10,1000,114,886,104,38,66
Urban,State - GUJARAT,Buddhist,30-34,2045,1096,949,1250,1006,244,82,41,41,21,13,8,713,49,664,47,20,27
Urban,State - GUJARAT,Buddhist,35-39,1755,908,847,1118,847,271,66,28,38,25,14,11,571,33,538,36,11,25
Urban,State - GUJARAT,Buddhist,40-49,2736,1456,1280,1722,1354,368,86,34,52,31,13,18,928,68,860,42,7,35
Urban,State - GUJARAT,Buddhist,50-59,1805,989,816,1003,823,180,55,32,23,15,10,5,747,134,613,14,3,11
Urban,State - GUJARAT,Buddhist,60-69,966,503,463,305,258,47,24,12,12,4,1,3,637,233,404,13,5,8
Urban,State - GUJARAT,Buddhist,70-79,372,189,183,67,55,12,4,3,1,2,1,1,301,131,170,2,0,2
Urban,State - GUJARAT,Buddhist,80+,144,58,86,24,21,3,3,1,2,0,0,0,117,36,81,0,0,0
Urban,State - GUJARAT,Buddhist,Age not stated,209,111,98,65,50,15,8,4,4,2,2,0,136,57,79,1,0,1
Urban,State - GUJARAT,Buddhist,15-59,15711,8437,7274,8217,6669,1548,536,281,255,191,108,83,6958,1487,5471,510,216,294
Urban,State - GUJARAT,Buddhist,60+,1482,750,732,396,334,62,31,16,15,6,2,4,1055,400,655,15,5,10
Urban,State - GUJARAT,Jain,Total,535536,272554,262982,173490,153593,19897,9128,5391,3737,1491,857,634,352918,113570,239348,9761,3831,5930
Urban,State - GUJARAT,Jain,5-9,32467,17547,14920,288,185,103,205,117,88,41,28,13,31974,17245,14729,166,85,81
Urban,State - GUJARAT,Jain,10-14,37778,20394,17384,720,553,167,221,141,80,44,33,11,36837,19700,17137,282,154,128
Urban,State - GUJARAT,Jain,15-19,40863,21884,18979,2084,1723,361,475,269,206,159,86,73,38304,19892,18412,1473,857,616
Urban,State - GUJARAT,Jain,20-24,43051,21939,21112,12211,9847,2364,1139,687,452,379,220,159,29701,11405,18296,3238,1559,1679
Urban,State - GUJARAT,Jain,25-29,44455,22198,22257,22107,18752,3355,1147,708,439,234,133,101,21201,2738,18463,1607,517,1090
Urban,State - GUJARAT,Jain,30-34,43076,21464,21612,22480,19798,2682,931,566,365,133,82,51,19665,1100,18565,776,143,633
Urban,State - GUJARAT,Jain,35-39,41087,20416,20671,21594,19112,2482,924,507,417,125,59,66,18569,797,17772,606,81,525
Urban,State - GUJARAT,Jain,40-49,78694,39264,39430,41215,36890,4325,1595,882,713,166,89,77,35884,1492,34392,787,121,666
Urban,State - GUJARAT,Jain,50-59,67260,34226,33034,32794,30041,2753,1283,748,535,130,78,52,33183,3437,29746,424,145,279
Urban,State - GUJARAT,Jain,60-69,43382,21676,21706,12674,11846,828,706,447,259,41,25,16,30002,9383,20619,273,115,158
Urban,State - GUJARAT,Jain,70-79,23380,11250,12130,3796,3520,276,340,219,121,20,12,8,19244,7511,11733,72,29,43
Urban,State - GUJARAT,Jain,80+,8554,3660,4894,913,797,116,109,68,41,10,7,3,7532,2795,4737,31,12,19
Urban,State - GUJARAT,Jain,Age not stated,2290,1097,1193,614,529,85,53,32,21,9,5,4,1623,536,1087,26,13,13
Urban,State - GUJARAT,Jain,15-59,358486,181391,177095,154485,136163,18322,7494,4367,3127,1326,747,579,196507,40861,155646,8911,3423,5488
Urban,State - GUJARAT,Jain,60+,75316,36586,38730,17383,16163,1220,1155,734,421,71,44,27,56778,19689,37089,376,156,220
Urban,State - GUJARAT,Other religious communities,Total,10962,5575,5387,3783,2842,941,189,103,86,41,24,17,6990,2630,4360,181,95,86
Urban,State - GUJARAT,Other religious communities,5-9,530,273,257,7,5,2,4,2,2,1,0,1,519,266,253,6,3,3
Urban,State - GUJARAT,Other religious communities,10-14,631,323,308,22,10,12,2,1,1,0,0,0,607,312,295,8,4,4
Urban,State - GUJARAT,Other religious communities,15-19,680,366,314,68,50,18,14,8,6,5,5,0,598,308,290,19,15,4
Urban,State - GUJARAT,Other religious communities,20-24,750,397,353,216,164,52,17,10,7,6,3,3,517,223,294,54,31,23
Urban,State - GUJARAT,Other religious communities,25-29,765,391,374,435,311,124,22,11,11,5,3,2,308,69,239,35,20,15
Urban,State - GUJARAT,Other religious communities,30-34,773,414,359,488,367,121,25,14,11,8,6,2,260,33,227,11,5,6
Urban,State - GUJARAT,Other religious communities,35-39,690,354,336,444,331,113,16,10,6,8,5,3,230,13,217,9,3,6
Urban,State - GUJARAT,Other religious communities,40-49,1396,710,686,859,653,206,34,18,16,2,0,2,503,39,464,18,3,15
Urban,State - GUJARAT,Other religious communities,50-59,1461,748,713,771,586,185,35,21,14,2,2,0,655,141,514,8,6,2
Urban,State - GUJARAT,Other religious communities,60-69,1284,619,665,292,230,62,11,4,7,3,0,3,981,385,596,9,4,5
Urban,State - GUJARAT,Other religious communities,70-79,960,455,505,123,94,29,7,3,4,1,0,1,830,358,472,3,1,2
Urban,State - GUJARAT,Other religious communities,80+,455,209,246,37,25,12,2,1,1,0,0,0,416,183,233,0,0,0
Urban,State - GUJARAT,Other religious communities,Age not stated,72,40,32,21,16,5,0,0,0,0,0,0,51,24,27,1,0,1
Urban,State - GUJARAT,Other religious communities,15-59,6515,3380,3135,3281,2462,819,163,92,71,36,24,12,3071,826,2245,154,83,71
Urban,State - GUJARAT,Other religious communities,60+,2699,1283,1416,452,349,103,20,8,12,4,0,4,2227,926,1301,12,5,7
Total,State - DAMAN & DIU,All religious communities,Total,243247,150301,92946,116435,104614,11821,4836,2820,2016,1235,772,463,121976,42867,79109,7456,2753,4703
Total,State - DAMAN & DIU,All religious communities,5-9,18506,9828,8678,87,50,37,30,15,15,14,7,7,18389,9763,8626,149,68,81
Total,State - DAMAN & DIU,All religious communities,10-14,17321,9300,8021,687,548,139,77,55,22,24,19,5,16557,8697,7860,242,135,107
Total,State - DAMAN & DIU,All religious communities,15-19,26314,18239,8075,12311,11398,913,719,567,152,184,138,46,13284,6274,7010,1515,793,722
Total,State - DAMAN & DIU,All religious communities,20-24,38584,27925,10659,26082,24541,1541,1002,735,267,296,208,88,11500,2649,8851,2143,913,1230
Total,State - DAMAN & DIU,All religious communities,25-29,33181,22044,11137,22520,20707,1813,697,435,262,212,134,78,9964,902,9062,1389,415,974
Total,State - DAMAN & DIU,All religious communities,30-34,24031,15314,8717,16511,14640,1871,510,273,237,147,83,64,7010,401,6609,776,180,596
Total,State - DAMAN & DIU,All religious communities,35-39,19550,12255,7295,13603,11776,1827,488,193,295,129,63,66,5459,286,5173,524,92,432
Total,State - DAMAN & DIU,All religious communities,40-49,23219,14033,9186,15585,13310,2275,634,256,378,140,72,68,7000,467,6533,510,89,421
Total,State - DAMAN & DIU,All religious communities,50-59,11666,6222,5444,6290,5355,935,397,160,237,60,32,28,4979,707,4272,121,38,83
Total,State - DAMAN & DIU,All religious communities,60-69,7061,3159,3902,1961,1596,365,216,92,124,24,13,11,4884,1471,3413,62,19,43
Total,State - DAMAN & DIU,All religious communities,70-79,3170,1278,1892,423,354,69,41,25,16,2,2,0,2706,899,1807,14,5,9
Total,State - DAMAN & DIU,All religious communities,80+,1130,436,694,181,162,19,10,3,7,1,0,1,939,271,668,5,2,3
Total,State - DAMAN & DIU,All religious communities,Age not stated,356,248,108,194,177,17,15,11,4,2,1,1,147,60,87,6,4,2
Total,State - DAMAN & DIU,All religious communities,15-59,176545,116032,60513,112902,101727,11175,4447,2619,1828,1168,730,438,59196,11686,47510,6978,2520,4458
Total,State - DAMAN & DIU,All religious communities,60+,11361,4873,6488,2565,2112,453,267,120,147,27,15,12,8529,2641,5888,81,26,55
Total,State - DAMAN & DIU,Hindu,Total,220150,136968,83182,107031,96190,10841,4482,2569,1913,1130,693,437,108637,38209,70428,6732,2483,4249
Total,State - DAMAN & DIU,Hindu,5-9,16465,8754,7711,80,46,34,28,14,14,14,7,7,16357,8694,7663,131,62,69
Total,State - DAMAN & DIU,Hindu,10-14,15519,8352,7167,615,494,121,66,44,22,22,17,5,14838,7814,7024,210,119,91
Total,State - DAMAN & DIU,Hindu,15-19,23968,16690,7278,11376,10523,853,655,513,142,165,122,43,11937,5654,6283,1393,721,672
Total,State - DAMAN & DIU,Hindu,20-24,35495,25848,9647,24245,22822,1423,916,664,252,263,180,83,10334,2362,7972,1960,835,1125
Total,State - DAMAN & DIU,Hindu,25-29,30568,20469,10099,20931,19259,1672,642,399,243,193,124,69,8995,811,8184,1259,378,881
Total,State - DAMAN & DIU,Hindu,30-34,21944,14089,7855,15202,13479,1723,473,250,223,139,78,61,6269,360,5909,709,162,547
Total,State - DAMAN & DIU,Hindu,35-39,17716,11192,6524,12434,10758,1676,468,182,286,123,58,65,4814,252,4562,464,75,389
Total,State - DAMAN & DIU,Hindu,40-49,20751,12618,8133,14037,11991,2046,589,232,357,129,64,65,6125,395,5730,423,74,349
Total,State - DAMAN & DIU,Hindu,50-59,10373,5534,4839,5645,4794,851,370,145,225,53,27,26,4358,595,3763,108,31,77
Total,State - DAMAN & DIU,Hindu,60-69,6207,2776,3431,1756,1413,343,211,88,123,24,13,11,4240,1275,2965,54,17,37
Total,State - DAMAN & DIU,Hindu,70-79,2669,1082,1587,385,319,66,40,24,16,2,2,0,2244,739,1505,11,4,7
Total,State - DAMAN & DIU,Hindu,80+,948,365,583,163,147,16,9,3,6,1,0,1,776,215,561,5,2,3
Total,State - DAMAN & DIU,Hindu,Age not stated,302,207,95,162,145,17,15,11,4,2,1,1,125,51,74,5,3,2
Total,State - DAMAN & DIU,Hindu,15-59,160815,106440,54375,103870,93626,10244,4113,2385,1728,1065,653,412,52832,10429,42403,6316,2276,4040
Total,State - DAMAN & DIU,Hindu,60+,9824,4223,5601,2304,1879,425,260,115,145,27,15,12,7260,2229,5031,70,23,47
Total,State - DAMAN & DIU,Muslim,Total,19277,11347,7930,7866,7299,567,301,220,81,90,71,19,11110,3828,7282,621,224,397
Total,State - DAMAN & DIU,Muslim,5-9,1768,926,842,7,4,3,2,1,1,0,0,0,1759,921,838,17,5,12
Total,State - DAMAN & DIU,Muslim,10-14,1545,812,733,69,52,17,11,11,0,2,2,0,1465,749,716,31,16,15
Total,State - DAMAN & DIU,Muslim,15-19,2086,1396,690,895,841,54,60,52,8,17,15,2,1131,503,628,105,61,44
Total,State - DAMAN & DIU,Muslim,20-24,2743,1874,869,1659,1578,81,71,61,10,29,27,2,1013,235,778,163,72,91
Total,State - DAMAN & DIU,Muslim,25-29,2253,1381,872,1362,1278,84,48,33,15,17,10,7,843,70,773,116,32,84
Total,State - DAMAN & DIU,Muslim,30-34,1771,1073,698,1118,1024,94,31,19,12,8,5,3,622,30,592,57,14,43
Total,State - DAMAN & DIU,Muslim,35-39,1509,893,616,938,862,76,13,8,5,4,4,0,558,23,535,48,11,37
Total,State - DAMAN & DIU,Muslim,40-49,1865,1093,772,1140,1037,103,36,17,19,7,4,3,689,39,650,67,6,61
Total,State - DAMAN & DIU,Muslim,50-59,954,525,429,472,432,40,23,13,10,6,4,2,459,80,379,9,5,4
Total,State - DAMAN & DIU,Muslim,60-69,616,275,341,162,151,11,4,4,0,0,0,0,450,120,330,6,1,5
Total,State - DAMAN & DIU,Muslim,70-79,335,135,200,30,28,2,1,1,0,0,0,0,304,106,198,2,1,1
Total,State - DAMAN & DIU,Muslim,80+,125,46,79,12,10,2,1,0,1,0,0,0,112,36,76,0,0,0
Total,State - DAMAN & DIU,Muslim,Age not stated,9,5,4,2,2,0,0,0,0,0,0,0,7,3,4,0,0,0
Total,State - DAMAN & DIU,Muslim,15-59,13181,8235,4946,7584,7052,532,282,203,79,88,69,19,5315,980,4335,565,201,364
Total,State - DAMAN & DIU,Muslim,60+,1076,456,620,204,189,15,6,5,1,0,0,0,866,262,604,8,2,6
Total,State - DAMAN & DIU,Christian,Total,2820,1425,1395,1132,766,366,43,25,18,13,7,6,1645,634,1011,89,41,48
Total,State - DAMAN & DIU,Christian,5-9,194,108,86,0,0,0,0,0,0,0,0,0,194,108,86,0,0,0
Total,State - DAMAN & DIU,Christian,10-14,197,104,93,3,2,1,0,0,0,0,0,0,194,102,92,1,0,1
Total,State - DAMAN & DIU,Christian,15-19,182,106,76,23,18,5,4,2,2,2,1,1,155,86,69,15,10,5
Total,State - DAMAN & DIU,Christian,20-24,245,139,106,128,94,34,11,7,4,4,1,3,106,38,68,16,5,11
Total,State - DAMAN & DIU,Christian,25-29,255,138,117,166,117,49,5,3,2,1,0,1,84,18,66,10,5,5
Total,State - DAMAN & DIU,Christian,30-34,230,107,123,139,92,47,6,4,2,0,0,0,85,11,74,10,4,6
Total,State - DAMAN & DIU,Christian,35-39,245,120,125,176,110,66,5,1,4,1,0,1,64,9,55,11,5,6
Total,State - DAMAN & DIU,Christian,40-49,485,250,235,324,212,112,9,7,2,4,4,0,152,31,121,18,8,10
Total,State - DAMAN & DIU,Christian,50-59,271,126,145,139,97,42,2,1,1,1,1,0,130,28,102,4,2,2
Total,State - DAMAN & DIU,Christian,60-69,189,82,107,26,18,8,1,0,1,0,0,0,162,64,98,2,1,1
Total,State - DAMAN & DIU,Christian,70-79,127,42,85,2,1,1,0,0,0,0,0,0,125,41,84,1,0,1
Total,State - DAMAN & DIU,Christian,80+,44,19,25,5,4,1,0,0,0,0,0,0,39,15,24,0,0,0
Total,State - DAMAN & DIU,Christian,Age not stated,2,2,0,1,1,0,0,0,0,0,0,0,1,1,0,1,1,0
Total,State - DAMAN & DIU,Christian,15-59,1913,986,927,1095,740,355,42,25,17,13,7,6,776,221,555,84,39,45
Total,State - DAMAN & DIU,Christian,60+,360,143,217,33,23,10,1,0,1,0,0,0,326,120,206,3,1,2
Total,State - DAMAN & DIU,Sikh,Total,172,95,77,71,59,12,0,0,0,0,0,0,101,36,65,2,1,1
Total,State - DAMAN & DIU,Sikh,5-9,11,7,4,0,0,0,0,0,0,0,0,0,11,7,4,0,0,0
Total,State - DAMAN & DIU,Sikh,10-14,12,8,4,0,0,0,0,0,0,0,0,0,12,8,4,0,0,0
Total,State - DAMAN & DIU,Sikh,15-19,13,8,5,0,0,0,0,0,0,0,0,0,13,8,5,1,1,0
Total,State - DAMAN & DIU,Sikh,20-24,17,10,7,7,6,1,0,0,0,0,0,0,10,4,6,0,0,0
Total,State - DAMAN & DIU,Sikh,25-29,18,10,8,11,10,1,0,0,0,0,0,0,7,0,7,1,0,1
Total,State - DAMAN & DIU,Sikh,30-34,11,5,6,7,5,2,0,0,0,0,0,0,4,0,4,0,0,0
Total,State - DAMAN & DIU,Sikh,35-39,16,6,10,10,6,4,0,0,0,0,0,0,6,0,6,0,0,0
Total,State - DAMAN & DIU,Sikh,40-49,29,21,8,23,21,2,0,0,0,0,0,0,6,0,6,0,0,0
Total,State - DAMAN & DIU,Sikh,50-59,16,9,7,7,6,1,0,0,0,0,0,0,9,3,6,0,0,0
Total,State - DAMAN & DIU,Sikh,60-69,7,4,3,5,4,1,0,0,0,0,0,0,2,0,2,0,0,0
Total,State - DAMAN & DIU,Sikh,70-79,7,3,4,1,1,0,0,0,0,0,0,0,6,2,4,0,0,0
Total,State - DAMAN & DIU,Sikh,80+,2,1,1,0,0,0,0,0,0,0,0,0,2,1,1,0,0,0
Total,State - DAMAN & DIU,Sikh,Age not stated,0,0,0,0,0,0,0,0,0,0,0,0,0,0,0,0,0,0
Total,State - DAMAN & DIU,Sikh,15-59,120,69,51,65,54,11,0,0,0,0,0,0,55,15,40,2,1,1
Total,State - DAMAN & DIU,Sikh,60+,16,8,8,6,5,1,0,0,0,0,0,0,10,3,7,0,0,0
Total,State - DAMAN & DIU,Buddhist,Total,217,121,96,84,79,5,4,2,2,1,0,1,129,40,89,4,0,4
Total,State - DAMAN & DIU,Buddhist,5-9,23,13,10,0,0,0,0,0,0,0,0,0,23,13,10,0,0,0
Total,State - DAMAN & DIU,Buddhist,10-14,16,7,9,0,0,0,0,0,0,0,0,0,16,7,9,0,0,0
Total,State - DAMAN & DIU,Buddhist,15-19,17,9,8,4,3,1,0,0,0,0,0,0,13,6,7,1,0,1
Total,State - DAMAN & DIU,Buddhist,20-24,22,12,10,8,8,0,2,2,0,0,0,0,12,2,10,1,0,1
Total,State - DAMAN & DIU,Buddhist,25-29,39,21,18,22,20,2,2,0,2,1,0,1,15,1,14,2,0,2
Total,State - DAMAN & DIU,Buddhist,30-34,31,17,14,18,17,1,0,0,0,0,0,0,13,0,13,0,0,0
Total,State - DAMAN & DIU,Buddhist,35-39,26,18,8,19,18,1,0,0,0,0,0,0,7,0,7,0,0,0
Total,State - DAMAN & DIU,Buddhist,40-49,17,12,5,12,12,0,0,0,0,0,0,0,5,0,5,0,0,0
Total,State - DAMAN & DIU,Buddhist,50-59,3,2,1,1,1,0,0,0,0,0,0,0,2,1,1,0,0,0
Total,State - DAMAN & DIU,Buddhist,60-69,1,0,1,0,0,0,0,0,0,0,0,0,1,0,1,0,0,0
Total,State - DAMAN & DIU,Buddhist,70-79,0,0,0,0,0,0,0,0,0,0,0,0,0,0,0,0,0,0
Total,State - DAMAN & DIU,Buddhist,80+,0,0,0,0,0,0,0,0,0,0,0,0,0,0,0,0,0,0
Total,State - DAMAN & DIU,Buddhist,Age not stated,0,0,0,0,0,0,0,0,0,0,0,0,0,0,0,0,0,0
Total,State - DAMAN & DIU,Buddhist,15-59,155,91,64,84,79,5,4,2,2,1,0,1,67,10,57,4,0,4
Total,State - DAMAN & DIU,Buddhist,60+,1,0,1,0,0,0,0,0,0,0,0,0,1,0,1,0,0,0
Total,State - DAMAN & DIU,Jain,Total,287,147,140,113,95,18,1,1,0,0,0,0,173,51,122,3,1,2
Total,State - DAMAN & DIU,Jain,5-9,24,10,14,0,0,0,0,0,0,0,0,0,24,10,14,0,0,0
Total,State - DAMAN & DIU,Jain,10-14,15,8,7,0,0,0,0,0,0,0,0,0,15,8,7,0,0,0
Total,State - DAMAN & DIU,Jain,15-19,24,12,12,5,5,0,0,0,0,0,0,0,19,7,12,0,0,0
Total,State - DAMAN & DIU,Jain,20-24,33,19,14,14,13,1,0,0,0,0,0,0,19,6,13,2,1,1
Total,State - DAMAN & DIU,Jain,25-29,27,14,13,16,12,4,0,0,0,0,0,0,11,2,9,1,0,1
Total,State - DAMAN & DIU,Jain,30-34,28,14,14,17,14,3,0,0,0,0,0,0,11,0,11,0,0,0
Total,State - DAMAN & DIU,Jain,35-39,17,10,7,12,10,2,0,0,0,0,0,0,5,0,5,0,0,0
Total,State - DAMAN & DIU,Jain,40-49,31,14,17,19,14,5,0,0,0,0,0,0,12,0,12,0,0,0
Total,State - DAMAN & DIU,Jain,50-59,31,18,13,18,17,1,1,1,0,0,0,0,12,0,12,0,0,0
Total,State - DAMAN & DIU,Jain,60-69,20,12,8,9,7,2,0,0,0,0,0,0,11,5,6,0,0,0
Total,State - DAMAN & DIU,Jain,70-79,16,6,10,3,3,0,0,0,0,0,0,0,13,3,10,0,0,0
Total,State - DAMAN & DIU,Jain,80+,5,1,4,0,0,0,0,0,0,0,0,0,5,1,4,0,0,0
Total,State - DAMAN & DIU,Jain,Age not stated,0,0,0,0,0,0,0,0,0,0,0,0,0,0,0,0,0,0
Total,State - DAMAN & DIU,Jain,15-59,191,101,90,101,85,16,1,1,0,0,0,0,89,15,74,3,1,2
Total,State - DAMAN & DIU,Jain,60+,41,19,22,12,10,2,0,0,0,0,0,0,29,9,20,0,0,0
Total,State - DAMAN & DIU,Other religious communities,Total,79,42,37,23,20,3,1,0,1,0,0,0,55,22,33,3,2,1
Total,State - DAMAN & DIU,Other religious communities,5-9,2,1,1,0,0,0,0,0,0,0,0,0,2,1,1,0,0,0
Total,State - DAMAN & DIU,Other religious communities,10-14,5,3,2,0,0,0,0,0,0,0,0,0,5,3,2,0,0,0
Total,State - DAMAN & DIU,Other religious communities,15-19,3,2,1,0,0,0,0,0,0,0,0,0,3,2,1,0,0,0
Total,State - DAMAN & DIU,Other religious communities,20-24,3,3,0,2,2,0,0,0,0,0,0,0,1,1,0,0,0,0
Total,State - DAMAN & DIU,Other religious communities,25-29,6,2,4,3,2,1,0,0,0,0,0,0,3,0,3,0,0,0
Total,State - DAMAN & DIU,Other religious communities,30-34,1,1,0,1,1,0,0,0,0,0,0,0,0,0,0,0,0,0
Total,State - DAMAN & DIU,Other religious communities,35-39,4,3,1,2,2,0,0,0,0,0,0,0,2,1,1,1,1,0
Total,State - DAMAN & DIU,Other religious communities,40-49,12,6,6,7,5,2,0,0,0,0,0,0,5,1,4,2,1,1
Total,State - DAMAN & DIU,Other religious communities,50-59,7,3,4,3,3,0,1,0,1,0,0,0,3,0,3,0,0,0
Total,State - DAMAN & DIU,Other religious communities,60-69,19,8,11,2,2,0,0,0,0,0,0,0,17,6,11,0,0,0
Total,State - DAMAN & DIU,Other religious communities,70-79,10,7,3,2,2,0,0,0,0,0,0,0,8,5,3,0,0,0
Total,State - DAMAN & DIU,Other religious communities,80+,5,3,2,1,1,0,0,0,0,0,0,0,4,2,2,0,0,0
Total,State - DAMAN & DIU,Other religious communities,Age not stated,0,0,0,0,0,0,0,0,0,0,0,0,0,0,0,0,0,0
Total,State - DAMAN & DIU,Other religious communities,15-59,36,20,16,18,15,3,1,0,1,0,0,0,17,5,12,3,2,1
Total,State - DAMAN & DIU,Other religious communities,60+,34,18,16,5,5,0,0,0,0,0,0,0,29,13,16,0,0,0
Rural,State - DAMAN & DIU,All religious communities,Total,60396,32395,28001,21435,18131,3304,1868,731,1137,405,202,203,37093,13533,23560,2353,943,1410
Rural,State - DAMAN & DIU,All religious communities,5-9,5767,2982,2785,15,8,7,11,3,8,8,3,5,5741,2971,2770,15,6,9
Rural,State - DAMAN & DIU,All religious communities,10-14,6335,3302,3033,117,89,28,23,15,8,9,7,2,6195,3198,2997,56,29,27
Rural,State - DAMAN & DIU,All religious communities,15-19,6655,3766,2889,1685,1422,263,174,100,74,40,24,16,4796,2244,2552,650,300,350
Rural,State - DAMAN & DIU,All religious communities,20-24,7024,4117,2907,3472,3087,385,286,144,142,85,44,41,3266,886,2380,753,352,401
Rural,State - DAMAN & DIU,All religious communities,25-29,6125,3416,2709,3421,3017,404,253,109,144,74,40,34,2451,290,2161,381,147,234
Rural,State - DAMAN & DIU,All religious communities,30-34,5077,2823,2254,3140,2639,501,202,82,120,48,26,22,1735,102,1633,171,43,128
Rural,State - DAMAN & DIU,All religious communities,35-39,4681,2601,2080,2989,2481,508,213,49,164,45,15,30,1479,71,1408,143,26,117
Rural,State - DAMAN & DIU,All religious communities,40-49,6255,3401,2854,3906,3199,707,300,79,221,57,21,36,2049,123,1926,128,24,104
Rural,State - DAMAN & DIU,All religious communities,50-59,3637,1787,1850,1851,1531,320,230,72,158,25,12,13,1556,184,1372,34,8,26
Rural,State - DAMAN & DIU,All religious communities,60-69,2258,966,1292,644,506,138,138,58,80,11,8,3,1476,402,1074,14,3,11
Rural,State - DAMAN & DIU,All religious communities,70-79,989,387,602,125,98,27,31,19,12,2,2,0,833,270,563,5,3,2
Rural,State - DAMAN & DIU,All religious communities,80+,336,112,224,40,32,8,4,1,3,1,0,1,292,79,213,1,0,1
Rural,State - DAMAN & DIU,All religious communities,Age not stated,83,43,40,30,22,8,3,0,3,0,0,0,50,21,29,2,2,0
Rural,State - DAMAN & DIU,All religious communities,15-59,39454,21911,17543,20464,17376,3088,1658,635,1023,374,182,192,17332,3900,13432,2260,900,1360
Rural,State - DAMAN & DIU,All religious communities,60+,3583,1465,2118,809,636,173,173,78,95,14,10,4,2601,751,1850,20,6,14
Rural,State - DAMAN & DIU,Hindu,Total,57545,30784,26761,20373,17173,3200,1803,690,1113,399,198,201,35369,12921,22448,2251,895,1356
Rural,State - DAMAN & DIU,Hindu,5-9,5487,2858,2629,13,6,7,11,3,8,8,3,5,5463,2849,2614,15,6,9
Rural,State - DAMAN & DIU,Hindu,10-14,6100,3175,2925,107,82,25,20,12,8,9,7,2,5973,3081,2892,54,28,26
Rural,State - DAMAN & DIU,Hindu,15-19,6381,3600,2781,1595,1345,250,163,92,71,40,24,16,4623,2163,2460,626,288,338
Rural,State - DAMAN & DIU,Hindu,20-24,6651,3878,2773,3281,2909,372,274,136,138,83,42,41,3096,833,2263,720,332,388
Rural,State - DAMAN & DIU,Hindu,25-29,5824,3251,2573,3257,2870,387,246,105,141,73,40,33,2321,276,2045,365,140,225
Rural,State - DAMAN & DIU,Hindu,30-34,4821,2664,2157,2978,2491,487,191,74,117,47,25,22,1652,99,1553,166,42,124
Rural,State - DAMAN & DIU,Hindu,35-39,4445,2459,1986,2842,2347,495,208,47,161,44,15,29,1395,65,1330,132,21,111
Rural,State - DAMAN & DIU,Hindu,40-49,5943,3215,2728,3715,3026,689,290,74,216,56,20,36,1938,115,1823,121,23,98
Rural,State - DAMAN & DIU,Hindu,50-59,3482,1705,1777,1774,1463,311,224,69,155,25,12,13,1484,173,1311,33,8,25
Rural,State - DAMAN & DIU,Hindu,60-69,2157,919,1238,621,485,136,138,58,80,11,8,3,1398,376,1022,12,2,10
Rural,State - DAMAN & DIU,Hindu,70-79,945,365,580,124,98,26,31,19,12,2,2,0,790,248,542,4,3,1
Rural,State - DAMAN & DIU,Hindu,80+,306,102,204,36,29,7,4,1,3,1,0,1,266,72,194,1,0,1
Rural,State - DAMAN & DIU,Hindu,Age not stated,77,41,36,30,22,8,3,0,3,0,0,0,44,19,25,2,2,0
Rural,State - DAMAN & DIU,Hindu,15-59,37547,20772,16775,19442,16451,2991,1596,597,999,368,178,190,16509,3724,12785,2163,854,1309
Rural,State - DAMAN & DIU,Hindu,60+,3408,1386,2022,781,612,169,173,78,95,14,10,4,2454,696,1758,17,5,12
Rural,State - DAMAN & DIU,Muslim,Total,2630,1485,1145,954,870,84,59,39,20,4,4,0,1617,576,1041,102,48,54
Rural,State - DAMAN & DIU,Muslim,5-9,263,114,149,2,2,0,0,0,0,0,0,0,261,112,149,0,0,0
Rural,State - DAMAN & DIU,Muslim,10-14,217,118,99,8,6,2,3,3,0,0,0,0,206,109,97,2,1,1
Rural,State - DAMAN & DIU,Muslim,15-19,258,156,102,85,73,12,11,8,3,0,0,0,162,75,87,24,12,12
Rural,State - DAMAN & DIU,Muslim,20-24,344,220,124,173,162,11,10,7,3,2,2,0,161,51,110,33,20,13
Rural,State - DAMAN & DIU,Muslim,25-29,265,145,120,138,127,11,6,4,2,0,0,0,121,14,107,16,7,9
Rural,State - DAMAN & DIU,Muslim,30-34,241,145,96,147,134,13,11,8,3,1,1,0,83,3,80,5,1,4
Rural,State - DAMAN & DIU,Muslim,35-39,215,130,85,134,123,11,2,1,1,0,0,0,79,6,73,11,5,6
Rural,State - DAMAN & DIU,Muslim,40-49,293,175,118,175,162,13,10,5,5,1,1,0,108,8,100,7,1,6
Rural,State - DAMAN & DIU,Muslim,50-59,142,75,67,70,61,9,6,3,3,0,0,0,66,11,55,1,0,1
Rural,State - DAMAN & DIU,Muslim,60-69,93,42,51,18,18,0,0,0,0,0,0,0,75,24,51,2,1,1
Rural,State - DAMAN & DIU,Muslim,70-79,39,19,20,1,0,1,0,0,0,0,0,0,38,19,19,1,0,1
Rural,State - DAMAN & DIU,Muslim,80+,26,9,17,3,2,1,0,0,0,0,0,0,23,7,16,0,0,0
Rural,State - DAMAN & DIU,Muslim,Age not stated,4,2,2,0,0,0,0,0,0,0,0,0,4,2,2,0,0,0
Rural,State - DAMAN & DIU,Muslim,15-59,1758,1046,712,922,842,80,56,36,20,4,4,0,780,168,612,97,46,51
Rural,State - DAMAN & DIU,Muslim,60+,158,70,88,22,20,2,0,0,0,0,0,0,136,50,86,3,1,2
Rural,State - DAMAN & DIU,Christian,Total,146,86,60,79,61,18,4,2,2,1,0,1,63,23,40,0,0,0
Rural,State - DAMAN & DIU,Christian,5-9,8,5,3,0,0,0,0,0,0,0,0,0,8,5,3,0,0,0
Rural,State - DAMAN & DIU,Christian,10-14,13,6,7,2,1,1,0,0,0,0,0,0,11,5,6,0,0,0
Rural,State - DAMAN & DIU,Christian,15-19,9,6,3,3,2,1,0,0,0,0,0,0,6,4,2,0,0,0
Rural,State - DAMAN & DIU,Christian,20-24,23,16,7,16,14,2,1,1,0,0,0,0,6,1,5,0,0,0
Rural,State - DAMAN & DIU,Christian,25-29,28,16,12,22,16,6,0,0,0,0,0,0,6,0,6,0,0,0
Rural,State - DAMAN & DIU,Christian,30-34,10,9,1,10,9,1,0,0,0,0,0,0,0,0,0,0,0,0
Rural,State - DAMAN & DIU,Christian,35-39,13,6,7,7,5,2,3,1,2,1,0,1,3,0,3,0,0,0
Rural,State - DAMAN & DIU,Christian,40-49,13,8,5,11,8,3,0,0,0,0,0,0,2,0,2,0,0,0
Rural,State - DAMAN & DIU,Christian,50-59,8,5,3,5,5,0,0,0,0,0,0,0,3,0,3,0,0,0
Rural,State - DAMAN & DIU,Christian,60-69,5,2,3,3,1,2,0,0,0,0,0,0,2,1,1,0,0,0
Rural,State - DAMAN & DIU,Christian,70-79,5,3,2,0,0,0,0,0,0,0,0,0,5,3,2,0,0,0
Rural,State - DAMAN & DIU,Christian,80+,2,0,2,0,0,0,0,0,0,0,0,0,2,0,2,0,0,0
Rural,State - DAMAN & DIU,Christian,Age not stated,0,0,0,0,0,0,0,0,0,0,0,0,0,0,0,0,0,0
Rural,State - DAMAN & DIU,Christian,15-59,104,66,38,74,59,15,4,2,2,1,0,1,26,5,21,0,0,0
Rural,State - DAMAN & DIU,Christian,60+,12,5,7,3,1,2,0,0,0,0,0,0,9,4,5,0,0,0
Rural,State - DAMAN & DIU,Sikh,Total,3,2,1,2,2,0,0,0,0,0,0,0,1,0,1,0,0,0
Rural,State - DAMAN & DIU,Sikh,5-9,0,0,0,0,0,0,0,0,0,0,0,0,0,0,0,0,0,0
Rural,State - DAMAN & DIU,Sikh,10-14,0,0,0,0,0,0,0,0,0,0,0,0,0,0,0,0,0,0
Rural,State - DAMAN & DIU,Sikh,15-19,0,0,0,0,0,0,0,0,0,0,0,0,0,0,0,0,0,0
Rural,State - DAMAN & DIU,Sikh,20-24,0,0,0,0,0,0,0,0,0,0,0,0,0,0,0,0,0,0
Rural,State - DAMAN & DIU,Sikh,25-29,1,1,0,1,1,0,0,0,0,0,0,0,0,0,0,0,0,0
Rural,State - DAMAN & DIU,Sikh,30-34,0,0,0,0,0,0,0,0,0,0,0,0,0,0,0,0,0,0
Rural,State - DAMAN & DIU,Sikh,35-39,2,1,1,1,1,0,0,0,0,0,0,0,1,0,1,0,0,0
Rural,State - DAMAN & DIU,Sikh,40-49,0,0,0,0,0,0,0,0,0,0,0,0,0,0,0,0,0,0
Rural,State - DAMAN & DIU,Sikh,50-59,0,0,0,0,0,0,0,0,0,0,0,0,0,0,0,0,0,0
Rural,State - DAMAN & DIU,Sikh,60-69,0,0,0,0,0,0,0,0,0,0,0,0,0,0,0,0,0,0
Rural,State - DAMAN & DIU,Sikh,70-79,0,0,0,0,0,0,0,0,0,0,0,0,0,0,0,0,0,0
Rural,State - DAMAN & DIU,Sikh,80+,0,0,0,0,0,0,0,0,0,0,0,0,0,0,0,0,0,0
Rural,State - DAMAN & DIU,Sikh,Age not stated,0,0,0,0,0,0,0,0,0,0,0,0,0,0,0,0,0,0
Rural,State - DAMAN & DIU,Sikh,15-59,3,2,1,2,2,0,0,0,0,0,0,0,1,0,1,0,0,0
Rural,State - DAMAN & DIU,Sikh,60+,0,0,0,0,0,0,0,0,0,0,0,0,0,0,0,0,0,0
Rural,State - DAMAN & DIU,Buddhist,Total,3,1,2,1,1,0,1,0,1,1,0,1,1,0,1,0,0,0
Rural,State - DAMAN & DIU,Buddhist,5-9,0,0,0,0,0,0,0,0,0,0,0,0,0,0,0,0,0,0
Rural,State - DAMAN & DIU,Buddhist,10-14,0,0,0,0,0,0,0,0,0,0,0,0,0,0,0,0,0,0
Rural,State - DAMAN & DIU,Buddhist,15-19,0,0,0,0,0,0,0,0,0,0,0,0,0,0,0,0,0,0
Rural,State - DAMAN & DIU,Buddhist,20-24,0,0,0,0,0,0,0,0,0,0,0,0,0,0,0,0,0,0
Rural,State - DAMAN & DIU,Buddhist,25-29,2,0,2,0,0,0,1,0,1,1,0,1,1,0,1,0,0,0
Rural,State - DAMAN & DIU,Buddhist,30-34,1,1,0,1,1,0,0,0,0,0,0,0,0,0,0,0,0,0
Rural,State - DAMAN & DIU,Buddhist,35-39,0,0,0,0,0,0,0,0,0,0,0,0,0,0,0,0,0,0
Rural,State - DAMAN & DIU,Buddhist,40-49,0,0,0,0,0,0,0,0,0,0,0,0,0,0,0,0,0,0
Rural,State - DAMAN & DIU,Buddhist,50-59,0,0,0,0,0,0,0,0,0,0,0,0,0,0,0,0,0,0
Rural,State - DAMAN & DIU,Buddhist,60-69,0,0,0,0,0,0,0,0,0,0,0,0,0,0,0,0,0,0
Rural,State - DAMAN & DIU,Buddhist,70-79,0,0,0,0,0,0,0,0,0,0,0,0,0,0,0,0,0,0
Rural,State - DAMAN & DIU,Buddhist,80+,0,0,0,0,0,0,0,0,0,0,0,0,0,0,0,0,0,0
Rural,State - DAMAN & DIU,Buddhist,Age not stated,0,0,0,0,0,0,0,0,0,0,0,0,0,0,0,0,0,0
Rural,State - DAMAN & DIU,Buddhist,15-59,3,1,2,1,1,0,1,0,1,1,0,1,1,0,1,0,0,0
Rural,State - DAMAN & DIU,Buddhist,60+,0,0,0,0,0,0,0,0,0,0,0,0,0,0,0,0,0,0
Rural,State - DAMAN & DIU,Jain,Total,6,3,3,1,1,0,0,0,0,0,0,0,5,2,3,0,0,0
Rural,State - DAMAN & DIU,Jain,5-9,1,0,1,0,0,0,0,0,0,0,0,0,1,0,1,0,0,0
Rural,State - DAMAN & DIU,Jain,10-14,1,1,0,0,0,0,0,0,0,0,0,0,1,1,0,0,0,0
Rural,State - DAMAN & DIU,Jain,15-19,1,0,1,0,0,0,0,0,0,0,0,0,1,0,1,0,0,0
Rural,State - DAMAN & DIU,Jain,20-24,2,1,1,0,0,0,0,0,0,0,0,0,2,1,1,0,0,0
Rural,State - DAMAN & DIU,Jain,25-29,1,1,0,1,1,0,0,0,0,0,0,0,0,0,0,0,0,0
Rural,State - DAMAN & DIU,Jain,30-34,0,0,0,0,0,0,0,0,0,0,0,0,0,0,0,0,0,0
Rural,State - DAMAN & DIU,Jain,35-39,0,0,0,0,0,0,0,0,0,0,0,0,0,0,0,0,0,0
Rural,State - DAMAN & DIU,Jain,40-49,0,0,0,0,0,0,0,0,0,0,0,0,0,0,0,0,0,0
Rural,State - DAMAN & DIU,Jain,50-59,0,0,0,0,0,0,0,0,0,0,0,0,0,0,0,0,0,0
Rural,State - DAMAN & DIU,Jain,60-69,0,0,0,0,0,0,0,0,0,0,0,0,0,0,0,0,0,0
Rural,State - DAMAN & DIU,Jain,70-79,0,0,0,0,0,0,0,0,0,0,0,0,0,0,0,0,0,0
Rural,State - DAMAN & DIU,Jain,80+,0,0,0,0,0,0,0,0,0,0,0,0,0,0,0,0,0,0
Rural,State - DAMAN & DIU,Jain,Age not stated,0,0,0,0,0,0,0,0,0,0,0,0,0,0,0,0,0,0
Rural,State - DAMAN & DIU,Jain,15-59,4,2,2,1,1,0,0,0,0,0,0,0,3,1,2,0,0,0
Rural,State - DAMAN & DIU,Jain,60+,0,0,0,0,0,0,0,0,0,0,0,0,0,0,0,0,0,0
Rural,State - DAMAN & DIU,Other religious communities,Total,9,6,3,5,5,0,0,0,0,0,0,0,4,1,3,0,0,0
Rural,State - DAMAN & DIU,Other religious communities,5-9,0,0,0,0,0,0,0,0,0,0,0,0,0,0,0,0,0,0
Rural,State - DAMAN & DIU,Other religious communities,10-14,1,1,0,0,0,0,0,0,0,0,0,0,1,1,0,0,0,0
Rural,State - DAMAN & DIU,Other religious communities,15-19,0,0,0,0,0,0,0,0,0,0,0,0,0,0,0,0,0,0
Rural,State - DAMAN & DIU,Other religious communities,20-24,0,0,0,0,0,0,0,0,0,0,0,0,0,0,0,0,0,0
Rural,State - DAMAN & DIU,Other religious communities,25-29,2,1,1,1,1,0,0,0,0,0,0,0,1,0,1,0,0,0
Rural,State - DAMAN & DIU,Other religious communities,30-34,1,1,0,1,1,0,0,0,0,0,0,0,0,0,0,0,0,0
Rural,State - DAMAN & DIU,Other religious communities,35-39,1,1,0,1,1,0,0,0,0,0,0,0,0,0,0,0,0,0
Rural,State - DAMAN & DIU,Other religious communities,40-49,0,0,0,0,0,0,0,0,0,0,0,0,0,0,0,0,0,0
Rural,State - DAMAN & DIU,Other religious communities,50-59,1,0,1,0,0,0,0,0,0,0,0,0,1,0,1,0,0,0
Rural,State - DAMAN & DIU,Other religious communities,60-69,1,1,0,1,1,0,0,0,0,0,0,0,0,0,0,0,0,0
Rural,State - DAMAN & DIU,Other religious communities,70-79,0,0,0,0,0,0,0,0,0,0,0,0,0,0,0,0,0,0
Rural,State - DAMAN & DIU,Other religious communities,80+,2,1,1,1,1,0,0,0,0,0,0,0,1,0,1,0,0,0
Rural,State - DAMAN & DIU,Other religious communities,Age not stated,0,0,0,0,0,0,0,0,0,0,0,0,0,0,0,0,0,0
Rural,State - DAMAN & DIU,Other religious communities,15-59,5,3,2,3,3,0,0,0,0,0,0,0,2,0,2,0,0,0
Rural,State - DAMAN & DIU,Other religious communities,60+,3,2,1,2,2,0,0,0,0,0,0,0,1,0,1,0,0,0
Urban,State - DAMAN & DIU,All religious communities,Total,182851,117906,64945,95000,86483,8517,2968,2089,879,830,570,260,84883,29334,55549,5103,1810,3293
Urban,State - DAMAN & DIU,All religious communities,5-9,12739,6846,5893,72,42,30,19,12,7,6,4,2,12648,6792,5856,134,62,72
Urban,State - DAMAN & DIU,All religious communities,10-14,10986,5998,4988,570,459,111,54,40,14,15,12,3,10362,5499,4863,186,106,80
Urban,State - DAMAN & DIU,All religious communities,15-19,19659,14473,5186,10626,9976,650,545,467,78,144,114,30,8488,4030,4458,865,493,372
Urban,State - DAMAN & DIU,All religious communities,20-24,31560,23808,7752,22610,21454,1156,716,591,125,211,164,47,8234,1763,6471,1390,561,829
Urban,State - DAMAN & DIU,All religious communities,25-29,27056,18628,8428,19099,17690,1409,444,326,118,138,94,44,7513,612,6901,1008,268,740
Urban,State - DAMAN & DIU,All religious communities,30-34,18954,12491,6463,13371,12001,1370,308,191,117,99,57,42,5275,299,4976,605,137,468
Urban,State - DAMAN & DIU,All religious communities,35-39,14869,9654,5215,10614,9295,1319,275,144,131,84,48,36,3980,215,3765,381,66,315
Urban,State - DAMAN & DIU,All religious communities,40-49,16964,10632,6332,11679,10111,1568,334,177,157,83,51,32,4951,344,4607,382,65,317
Urban,State - DAMAN & DIU,All religious communities,50-59,8029,4435,3594,4439,3824,615,167,88,79,35,20,15,3423,523,2900,87,30,57
Urban,State - DAMAN & DIU,All religious communities,60-69,4803,2193,2610,1317,1090,227,78,34,44,13,5,8,3408,1069,2339,48,16,32
Urban,State - DAMAN & DIU,All religious communities,70-79,2181,891,1290,298,256,42,10,6,4,0,0,0,1873,629,1244,9,2,7
Urban,State - DAMAN & DIU,All religious communities,80+,794,324,470,141,130,11,6,2,4,0,0,0,647,192,455,4,2,2
Urban,State - DAMAN & DIU,All religious communities,Age not stated,273,205,68,164,155,9,12,11,1,2,1,1,97,39,58,4,2,2
Urban,State - DAMAN & DIU,All religious communities,15-59,137091,94121,42970,92438,84351,8087,2789,1984,805,794,548,246,41864,7786,34078,4718,1620,3098
Urban,State - DAMAN & DIU,All religious communities,60+,7778,3408,4370,1756,1476,280,94,42,52,13,5,8,5928,1890,4038,61,20,41
Urban,State - DAMAN & DIU,Hindu,Total,162605,106184,56421,86658,79017,7641,2679,1879,800,731,495,236,73268,25288,47980,4481,1588,2893
Urban,State - DAMAN & DIU,Hindu,5-9,10978,5896,5082,67,40,27,17,11,6,6,4,2,10894,5845,5049,116,56,60
Urban,State - DAMAN & DIU,Hindu,10-14,9419,5177,4242,508,412,96,46,32,14,13,10,3,8865,4733,4132,156,91,65
Urban,State - DAMAN & DIU,Hindu,15-19,17587,13090,4497,9781,9178,603,492,421,71,125,98,27,7314,3491,3823,767,433,334
Urban,State - DAMAN & DIU,Hindu,20-24,28844,21970,6874,20964,19913,1051,642,528,114,180,138,42,7238,1529,5709,1240,503,737
Urban,State - DAMAN & DIU,Hindu,25-29,24744,17218,7526,17674,16389,1285,396,294,102,120,84,36,6674,535,6139,894,238,656
Urban,State - DAMAN & DIU,Hindu,30-34,17123,11425,5698,12224,10988,1236,282,176,106,92,53,39,4617,261,4356,543,120,423
Urban,State - DAMAN & DIU,Hindu,35-39,13271,8733,4538,9592,8411,1181,260,135,125,79,43,36,3419,187,3232,332,54,278
Urban,State - DAMAN & DIU,Hindu,40-49,14808,9403,5405,10322,8965,1357,299,158,141,73,44,29,4187,280,3907,302,51,251
Urban,State - DAMAN & DIU,Hindu,50-59,6891,3829,3062,3871,3331,540,146,76,70,28,15,13,2874,422,2452,75,23,52
Urban,State - DAMAN & DIU,Hindu,60-69,4050,1857,2193,1135,928,207,73,30,43,13,5,8,2842,899,1943,42,15,27
Urban,State - DAMAN & DIU,Hindu,70-79,1724,717,1007,261,221,40,9,5,4,0,0,0,1454,491,963,7,1,6
Urban,State - DAMAN & DIU,Hindu,80+,642,263,379,127,118,9,5,2,3,0,0,0,510,143,367,4,2,2
Urban,State - DAMAN & DIU,Hindu,Age not stated,225,166,59,132,123,9,12,11,1,2,1,1,81,32,49,3,1,2
Urban,State - DAMAN & DIU,Hindu,15-59,123268,85668,37600,84428,77175,7253,2517,1788,729,697,475,222,36323,6705,29618,4153,1422,2731
Urban,State - DAMAN & DIU,Hindu,60+,6416,2837,3579,1523,1267,256,87,37,50,13,5,8,4806,1533,3273,53,18,35
Urban,State - DAMAN & DIU,Muslim,Total,16647,9862,6785,6912,6429,483,242,181,61,86,67,19,9493,3252,6241,519,176,343
Urban,State - DAMAN & DIU,Muslim,5-9,1505,812,693,5,2,3,2,1,1,0,0,0,1498,809,689,17,5,12
Urban,State - DAMAN & DIU,Muslim,10-14,1328,694,634,61,46,15,8,8,0,2,2,0,1259,640,619,29,15,14
Urban,State - DAMAN & DIU,Muslim,15-19,1828,1240,588,810,768,42,49,44,5,17,15,2,969,428,541,81,49,32
Urban,State - DAMAN & DIU,Muslim,20-24,2399,1654,745,1486,1416,70,61,54,7,27,25,2,852,184,668,130,52,78
Urban,State - DAMAN & DIU,Muslim,25-29,1988,1236,752,1224,1151,73,42,29,13,17,10,7,722,56,666,100,25,75
Urban,State - DAMAN & DIU,Muslim,30-34,1530,928,602,971,890,81,20,11,9,7,4,3,539,27,512,52,13,39
Urban,State - DAMAN & DIU,Muslim,35-39,1294,763,531,804,739,65,11,7,4,4,4,0,479,17,462,37,6,31
Urban,State - DAMAN & DIU,Muslim,40-49,1572,918,654,965,875,90,26,12,14,6,3,3,581,31,550,60,5,55
Urban,State - DAMAN & DIU,Muslim,50-59,812,450,362,402,371,31,17,10,7,6,4,2,393,69,324,8,5,3
Urban,State - DAMAN & DIU,Muslim,60-69,523,233,290,144,133,11,4,4,0,0,0,0,375,96,279,4,0,4
Urban,State - DAMAN & DIU,Muslim,70-79,296,116,180,29,28,1,1,1,0,0,0,0,266,87,179,1,1,0
Urban,State - DAMAN & DIU,Muslim,80+,99,37,62,9,8,1,1,0,1,0,0,0,89,29,60,0,0,0
Urban,State - DAMAN & DIU,Muslim,Age not stated,5,3,2,2,2,0,0,0,0,0,0,0,3,1,2,0,0,0
Urban,State - DAMAN & DIU,Muslim,15-59,11423,7189,4234,6662,6210,452,226,167,59,84,65,19,4535,812,3723,468,155,313
Urban,State - DAMAN & DIU,Muslim,60+,918,386,532,182,169,13,6,5,1,0,0,0,730,212,518,5,1,4
Urban,State - DAMAN & DIU,Christian,Total,2674,1339,1335,1053,705,348,39,23,16,12,7,5,1582,611,971,89,41,48
Urban,State - DAMAN & DIU,Christian,5-9,186,103,83,0,0,0,0,0,0,0,0,0,186,103,83,0,0,0
Urban,State - DAMAN & DIU,Christian,10-14,184,98,86,1,1,0,0,0,0,0,0,0,183,97,86,1,0,1
Urban,State - DAMAN & DIU,Christian,15-19,173,100,73,20,16,4,4,2,2,2,1,1,149,82,67,15,10,5
Urban,State - DAMAN & DIU,Christian,20-24,222,123,99,112,80,32,10,6,4,4,1,3,100,37,63,16,5,11
Urban,State - DAMAN & DIU,Christian,25-29,227,122,105,144,101,43,5,3,2,1,0,1,78,18,60,10,5,5
Urban,State - DAMAN & DIU,Christian,30-34,220,98,122,129,83,46,6,4,2,0,0,0,85,11,74,10,4,6
Urban,State - DAMAN & DIU,Christian,35-39,232,114,118,169,105,64,2,0,2,0,0,0,61,9,52,11,5,6
Urban,State - DAMAN & DIU,Christian,40-49,472,242,230,313,204,109,9,7,2,4,4,0,150,31,119,18,8,10
Urban,State - DAMAN & DIU,Christian,50-59,263,121,142,134,92,42,2,1,1,1,1,0,127,28,99,4,2,2
Urban,State - DAMAN & DIU,Christian,60-69,184,80,104,23,17,6,1,0,1,0,0,0,160,63,97,2,1,1
Urban,State - DAMAN & DIU,Christian,70-79,122,39,83,2,1,1,0,0,0,0,0,0,120,38,82,1,0,1
Urban,State - DAMAN & DIU,Christian,80+,42,19,23,5,4,1,0,0,0,0,0,0,37,15,22,0,0,0
Urban,State - DAMAN & DIU,Christian,Age not stated,2,2,0,1,1,0,0,0,0,0,0,0,1,1,0,1,1,0
Urban,State - DAMAN & DIU,Christian,15-59,1809,920,889,1021,681,340,38,23,15,12,7,5,750,216,534,84,39,45
Urban,State - DAMAN & DIU,Christian,60+,348,138,210,30,22,8,1,0,1,0,0,0,317,116,201,3,1,2
Urban,State - DAMAN & DIU,Sikh,Total,169,93,76,69,57,12,0,0,0,0,0,0,100,36,64,2,1,1
Urban,State - DAMAN & DIU,Sikh,5-9,11,7,4,0,0,0,0,0,0,0,0,0,11,7,4,0,0,0
Urban,State - DAMAN & DIU,Sikh,10-14,12,8,4,0,0,0,0,0,0,0,0,0,12,8,4,0,0,0
Urban,State - DAMAN & DIU,Sikh,15-19,13,8,5,0,0,0,0,0,0,0,0,0,13,8,5,1,1,0
Urban,State - DAMAN & DIU,Sikh,20-24,17,10,7,7,6,1,0,0,0,0,0,0,10,4,6,0,0,0
Urban,State - DAMAN & DIU,Sikh,25-29,17,9,8,10,9,1,0,0,0,0,0,0,7,0,7,1,0,1
Urban,State - DAMAN & DIU,Sikh,30-34,11,5,6,7,5,2,0,0,0,0,0,0,4,0,4,0,0,0
Urban,State - DAMAN & DIU,Sikh,35-39,14,5,9,9,5,4,0,0,0,0,0,0,5,0,5,0,0,0
Urban,State - DAMAN & DIU,Sikh,40-49,29,21,8,23,21,2,0,0,0,0,0,0,6,0,6,0,0,0
Urban,State - DAMAN & DIU,Sikh,50-59,16,9,7,7,6,1,0,0,0,0,0,0,9,3,6,0,0,0
Urban,State - DAMAN & DIU,Sikh,60-69,7,4,3,5,4,1,0,0,0,0,0,0,2,0,2,0,0,0
Urban,State - DAMAN & DIU,Sikh,70-79,7,3,4,1,1,0,0,0,0,0,0,0,6,2,4,0,0,0
Urban,State - DAMAN & DIU,Sikh,80+,2,1,1,0,0,0,0,0,0,0,0,0,2,1,1,0,0,0
Urban,State - DAMAN & DIU,Sikh,Age not stated,0,0,0,0,0,0,0,0,0,0,0,0,0,0,0,0,0,0
Urban,State - DAMAN & DIU,Sikh,15-59,117,67,50,63,52,11,0,0,0,0,0,0,54,15,39,2,1,1
Urban,State - DAMAN & DIU,Sikh,60+,16,8,8,6,5,1,0,0,0,0,0,0,10,3,7,0,0,0
Urban,State - DAMAN & DIU,Buddhist,Total,214,120,94,83,78,5,3,2,1,0,0,0,128,40,88,4,0,4
Urban,State - DAMAN & DIU,Buddhist,5-9,23,13,10,0,0,0,0,0,0,0,0,0,23,13,10,0,0,0
Urban,State - DAMAN & DIU,Buddhist,10-14,16,7,9,0,0,0,0,0,0,0,0,0,16,7,9,0,0,0
Urban,State - DAMAN & DIU,Buddhist,15-19,17,9,8,4,3,1,0,0,0,0,0,0,13,6,7,1,0,1
Urban,State - DAMAN & DIU,Buddhist,20-24,22,12,10,8,8,0,2,2,0,0,0,0,12,2,10,1,0,1
Urban,State - DAMAN & DIU,Buddhist,25-29,37,21,16,22,20,2,1,0,1,0,0,0,14,1,13,2,0,2
Urban,State - DAMAN & DIU,Buddhist,30-34,30,16,14,17,16,1,0,0,0,0,0,0,13,0,13,0,0,0
Urban,State - DAMAN & DIU,Buddhist,35-39,26,18,8,19,18,1,0,0,0,0,0,0,7,0,7,0,0,0
Urban,State - DAMAN & DIU,Buddhist,40-49,17,12,5,12,12,0,0,0,0,0,0,0,5,0,5,0,0,0
Urban,State - DAMAN & DIU,Buddhist,50-59,3,2,1,1,1,0,0,0,0,0,0,0,2,1,1,0,0,0
Urban,State - DAMAN & DIU,Buddhist,60-69,1,0,1,0,0,0,0,0,0,0,0,0,1,0,1,0,0,0
Urban,State - DAMAN & DIU,Buddhist,70-79,0,0,0,0,0,0,0,0,0,0,0,0,0,0,0,0,0,0
Urban,State - DAMAN & DIU,Buddhist,80+,0,0,0,0,0,0,0,0,0,0,0,0,0,0,0,0,0,0
Urban,State - DAMAN & DIU,Buddhist,Age not stated,0,0,0,0,0,0,0,0,0,0,0,0,0,0,0,0,0,0
Urban,State - DAMAN & DIU,Buddhist,15-59,152,90,62,83,78,5,3,2,1,0,0,0,66,10,56,4,0,4
Urban,State - DAMAN & DIU,Buddhist,60+,1,0,1,0,0,0,0,0,0,0,0,0,1,0,1,0,0,0
Urban,State - DAMAN & DIU,Jain,Total,281,144,137,112,94,18,1,1,0,0,0,0,168,49,119,3,1,2
Urban,State - DAMAN & DIU,Jain,5-9,23,10,13,0,0,0,0,0,0,0,0,0,23,10,13,0,0,0
Urban,State - DAMAN & DIU,Jain,10-14,14,7,7,0,0,0,0,0,0,0,0,0,14,7,7,0,0,0
Urban,State - DAMAN & DIU,Jain,15-19,23,12,11,5,5,0,0,0,0,0,0,0,18,7,11,0,0,0
Urban,State - DAMAN & DIU,Jain,20-24,31,18,13,14,13,1,0,0,0,0,0,0,17,5,12,2,1,1
Urban,State - DAMAN & DIU,Jain,25-29,26,13,13,15,11,4,0,0,0,0,0,0,11,2,9,1,0,1
Urban,State - DAMAN & DIU,Jain,30-34,28,14,14,17,14,3,0,0,0,0,0,0,11,0,11,0,0,0
Urban,State - DAMAN & DIU,Jain,35-39,17,10,7,12,10,2,0,0,0,0,0,0,5,0,5,0,0,0
Urban,State - DAMAN & DIU,Jain,40-49,31,14,17,19,14,5,0,0,0,0,0,0,12,0,12,0,0,0
Urban,State - DAMAN & DIU,Jain,50-59,31,18,13,18,17,1,1,1,0,0,0,0,12,0,12,0,0,0
Urban,State - DAMAN & DIU,Jain,60-69,20,12,8,9,7,2,0,0,0,0,0,0,11,5,6,0,0,0
Urban,State - DAMAN & DIU,Jain,70-79,16,6,10,3,3,0,0,0,0,0,0,0,13,3,10,0,0,0
Urban,State - DAMAN & DIU,Jain,80+,5,1,4,0,0,0,0,0,0,0,0,0,5,1,4,0,0,0
Urban,State - DAMAN & DIU,Jain,Age not stated,0,0,0,0,0,0,0,0,0,0,0,0,0,0,0,0,0,0
Urban,State - DAMAN & DIU,Jain,15-59,187,99,88,100,84,16,1,1,0,0,0,0,86,14,72,3,1,2
Urban,State - DAMAN & DIU,Jain,60+,41,19,22,12,10,2,0,0,0,0,0,0,29,9,20,0,0,0
Urban,State - DAMAN & DIU,Other religious communities,Total,70,36,34,18,15,3,1,0,1,0,0,0,51,21,30,3,2,1
Urban,State - DAMAN & DIU,Other religious communities,5-9,2,1,1,0,0,0,0,0,0,0,0,0,2,1,1,0,0,0
Urban,State - DAMAN & DIU,Other religious communities,10-14,4,2,2,0,0,0,0,0,0,0,0,0,4,2,2,0,0,0
Urban,State - DAMAN & DIU,Other religious communities,15-19,3,2,1,0,0,0,0,0,0,0,0,0,3,2,1,0,0,0
Urban,State - DAMAN & DIU,Other religious communities,20-24,3,3,0,2,2,0,0,0,0,0,0,0,1,1,0,0,0,0
Urban,State - DAMAN & DIU,Other religious communities,25-29,4,1,3,2,1,1,0,0,0,0,0,0,2,0,2,0,0,0
Urban,State - DAMAN & DIU,Other religious communities,30-34,0,0,0,0,0,0,0,0,0,0,0,0,0,0,0,0,0,0
Urban,State - DAMAN & DIU,Other religious communities,35-39,3,2,1,1,1,0,0,0,0,0,0,0,2,1,1,1,1,0
Urban,State - DAMAN & DIU,Other religious communities,40-49,12,6,6,7,5,2,0,0,0,0,0,0,5,1,4,2,1,1
Urban,State - DAMAN & DIU,Other religious communities,50-59,6,3,3,3,3,0,1,0,1,0,0,0,2,0,2,0,0,0
Urban,State - DAMAN & DIU,Other religious communities,60-69,18,7,11,1,1,0,0,0,0,0,0,0,17,6,11,0,0,0
Urban,State - DAMAN & DIU,Other religious communities,70-79,10,7,3,2,2,0,0,0,0,0,0,0,8,5,3,0,0,0
Urban,State - DAMAN & DIU,Other religious communities,80+,3,2,1,0,0,0,0,0,0,0,0,0,3,2,1,0,0,0
Urban,State - DAMAN & DIU,Other religious communities,Age not stated,0,0,0,0,0,0,0,0,0,0,0,0,0,0,0,0,0,0
Urban,State - DAMAN & DIU,Other religious communities,15-59,31,17,14,15,12,3,1,0,1,0,0,0,15,5,10,3,2,1
Urban,State - DAMAN & DIU,Other religious communities,60+,31,16,15,3,3,0,0,0,0,0,0,0,28,13,15,0,0,0
Total,State - DADRA & NAGAR HAVELI,All religious communities,Total,343709,193760,149949,130299,109125,21174,26862,10168,16694,5337,2704,2633,186548,74467,112081,7095,2451,4644
Total,State - DADRA & NAGAR HAVELI,All religious communities,5-9,36249,19059,17190,127,74,53,167,95,72,49,31,18,35955,18890,17065,144,79,65
Total,State - DADRA & NAGAR HAVELI,All religious communities,10-14,35003,18385,16618,927,525,402,834,313,521,156,57,99,33242,17547,15695,235,117,118
Total,State - DADRA & NAGAR HAVELI,All religious communities,15-19,33104,19979,13125,10712,8500,2212,3145,1515,1630,877,424,453,19247,9964,9283,1522,815,707
Total,State - DADRA & NAGAR HAVELI,All religious communities,20-24,44301,27595,16706,24701,21416,3285,5039,2299,2740,1177,643,534,14561,3880,10681,2102,855,1247
Total,State - DADRA & NAGAR HAVELI,All religious communities,25-29,39885,23496,16389,24066,20857,3209,4153,1664,2489,916,512,404,11666,975,10691,1295,271,1024
Total,State - DADRA & NAGAR HAVELI,All religious communities,30-34,30641,17957,12684,19480,16558,2922,3071,1025,2046,587,269,318,8090,374,7716,666,86,580
Total,State - DADRA & NAGAR HAVELI,All religious communities,35-39,25277,14862,10415,16490,13768,2722,2660,803,1857,474,213,261,6127,291,5836,433,60,373
Total,State - DADRA & NAGAR HAVELI,All religious communities,40-49,31970,18225,13745,20244,16539,3705,4050,1187,2863,670,329,341,7676,499,7177,427,90,337
Total,State - DADRA & NAGAR HAVELI,All religious communities,50-59,16454,8741,7713,9208,7383,1825,2269,741,1528,301,160,141,4977,617,4360,140,35,105
Total,State - DADRA & NAGAR HAVELI,All religious communities,60-69,9547,4549,4998,3434,2777,657,1154,392,762,106,56,50,4959,1380,3579,111,34,77
Total,State - DADRA & NAGAR HAVELI,All religious communities,70-79,3267,1367,1900,630,505,125,243,103,140,16,5,11,2394,759,1635,10,4,6
Total,State - DADRA & NAGAR HAVELI,All religious communities,80+,1078,443,635,184,147,37,53,21,32,6,4,2,841,275,566,7,2,5
Total,State - DADRA & NAGAR HAVELI,All religious communities,Age not stated,372,200,172,96,76,20,24,10,14,2,1,1,252,114,138,3,3,0
Total,State - DADRA & NAGAR HAVELI,All religious communities,15-59,221632,130855,90777,124901,105021,19880,24387,9234,15153,5002,2550,2452,72344,16600,55744,6585,2212,4373
Total,State - DADRA & NAGAR HAVELI,All religious communities,60+,13892,6359,7533,4248,3429,819,1450,516,934,128,65,63,8194,2414,5780,128,40,88
Total,State - DADRA & NAGAR HAVELI,Hindu,Total,322857,181976,140881,122520,102433,20087,25843,9718,16125,5127,2602,2525,174494,69825,104669,6711,2300,4411
Total,State - DADRA & NAGAR HAVELI,Hindu,5-9,34070,17910,16160,119,71,48,149,82,67,39,22,17,33802,17757,16045,139,77,62
Total,State - DADRA & NAGAR HAVELI,Hindu,10-14,32973,17321,15652,868,487,381,814,301,513,147,51,96,31291,16533,14758,222,113,109
Total,State - DADRA & NAGAR HAVELI,Hindu,15-19,30891,18632,12259,10038,7932,2106,3022,1439,1583,842,404,438,17831,9261,8570,1425,752,673
Total,State - DADRA & NAGAR HAVELI,Hindu,20-24,41578,25902,15676,23246,20121,3125,4838,2197,2641,1131,624,507,13494,3584,9910,1994,806,1188
Total,State - DADRA & NAGAR HAVELI,Hindu,25-29,37599,22147,15452,22687,19649,3038,3974,1583,2391,884,497,387,10938,915,10023,1232,259,973
Total,State - DADRA & NAGAR HAVELI,Hindu,30-34,28888,16954,11934,18415,15615,2800,2960,990,1970,565,261,304,7513,349,7164,630,79,551
Total,State - DADRA & NAGAR HAVELI,Hindu,35-39,23662,13926,9736,15452,12889,2563,2565,775,1790,459,209,250,5645,262,5383,405,56,349
Total,State - DADRA & NAGAR HAVELI,Hindu,40-49,29919,17077,12842,18951,15477,3474,3896,1129,2767,641,316,325,7072,471,6601,411,86,325
Total,State - DADRA & NAGAR HAVELI,Hindu,50-59,15426,8164,7262,8653,6906,1747,2190,706,1484,292,153,139,4583,552,4031,128,31,97
Total,State - DADRA & NAGAR HAVELI,Hindu,60-69,9006,4273,4733,3239,2611,628,1124,384,740,104,55,49,4643,1278,3365,107,33,74
Total,State - DADRA & NAGAR HAVELI,Hindu,70-79,3090,1288,1802,598,476,122,234,101,133,15,5,10,2258,711,1547,10,4,6
Total,State - DADRA & NAGAR HAVELI,Hindu,80+,991,417,574,171,135,36,53,21,32,6,4,2,767,261,506,5,1,4
Total,State - DADRA & NAGAR HAVELI,Hindu,Age not stated,327,176,151,83,64,19,24,10,14,2,1,1,220,102,118,3,3,0
Total,State - DADRA & NAGAR HAVELI,Hindu,15-59,207963,122802,85161,117442,98589,18853,23445,8819,14626,4814,2464,2350,67076,15394,51682,6225,2069,4156
Total,State - DADRA & NAGAR HAVELI,Hindu,60+,13087,5978,7109,4008,3222,786,1411,506,905,125,64,61,7668,2250,5418,122,38,84
Total,State - DADRA & NAGAR HAVELI,Muslim,Total,12922,7701,5221,4974,4629,345,568,289,279,91,44,47,7380,2783,4597,201,91,110
Total,State - DADRA & NAGAR HAVELI,Muslim,5-9,1291,712,579,6,3,3,18,13,5,10,9,1,1267,696,571,4,2,2
Total,State - DADRA & NAGAR HAVELI,Muslim,10-14,1158,626,532,44,32,12,10,8,2,5,4,1,1104,586,518,10,3,7
Total,State - DADRA & NAGAR HAVELI,Muslim,15-19,1438,933,505,513,475,38,80,56,24,16,10,6,845,402,443,57,41,16
Total,State - DADRA & NAGAR HAVELI,Muslim,20-24,1948,1291,657,1122,1058,64,122,68,54,19,5,14,704,165,539,57,29,28
Total,State - DADRA & NAGAR HAVELI,Muslim,25-29,1544,972,572,930,881,49,105,54,51,14,5,9,509,37,472,30,7,23
Total,State - DADRA & NAGAR HAVELI,Muslim,30-34,1146,697,449,705,660,45,60,22,38,9,4,5,381,15,366,18,3,15
Total,State - DADRA & NAGAR HAVELI,Muslim,35-39,944,600,344,609,562,47,52,19,33,4,1,3,283,19,264,12,1,11
Total,State - DADRA & NAGAR HAVELI,Muslim,40-49,1078,626,452,641,582,59,75,29,46,10,4,6,362,15,347,4,2,2
Total,State - DADRA & NAGAR HAVELI,Muslim,50-59,551,304,247,271,248,23,34,15,19,3,2,1,246,41,205,6,1,5
Total,State - DADRA & NAGAR HAVELI,Muslim,60-69,311,170,141,104,99,5,10,5,5,1,0,1,197,66,131,1,1,0
Total,State - DADRA & NAGAR HAVELI,Muslim,70-79,83,39,44,13,13,0,2,0,2,0,0,0,68,26,42,0,0,0
Total,State - DADRA & NAGAR HAVELI,Muslim,80+,47,15,32,6,6,0,0,0,0,0,0,0,41,9,32,2,1,1
Total,State - DADRA & NAGAR HAVELI,Muslim,Age not stated,32,17,15,10,10,0,0,0,0,0,0,0,22,7,15,0,0,0
Total,State - DADRA & NAGAR HAVELI,Muslim,15-59,8649,5423,3226,4791,4466,325,528,263,265,75,31,44,3330,694,2636,184,84,100
Total,State - DADRA & NAGAR HAVELI,Muslim,60+,441,224,217,123,118,5,12,5,7,1,0,1,306,101,205,3,2,1
Total,State - DADRA & NAGAR HAVELI,Christian,Total,5113,2555,2558,1802,1228,574,349,120,229,96,46,50,2962,1207,1755,113,39,74
Total,State - DADRA & NAGAR HAVELI,Christian,5-9,587,278,309,2,0,2,0,0,0,0,0,0,585,278,307,0,0,0
Total,State - DADRA & NAGAR HAVELI,Christian,10-14,626,293,333,11,3,8,10,4,6,4,2,2,605,286,319,2,1,1
Total,State - DADRA & NAGAR HAVELI,Christian,15-19,548,276,272,113,55,58,37,16,21,17,9,8,398,205,193,30,18,12
Total,State - DADRA & NAGAR HAVELI,Christian,20-24,473,245,228,210,137,73,54,21,33,18,8,10,209,87,122,29,11,18
Total,State - DADRA & NAGAR HAVELI,Christian,25-29,436,211,225,268,178,90,55,19,36,14,8,6,113,14,99,17,1,16
Total,State - DADRA & NAGAR HAVELI,Christian,30-34,350,173,177,212,156,56,37,10,27,11,4,7,101,7,94,9,3,6
Total,State - DADRA & NAGAR HAVELI,Christian,35-39,410,197,213,277,187,90,31,5,26,6,1,5,102,5,97,11,1,10
Total,State - DADRA & NAGAR HAVELI,Christian,40-49,661,353,308,449,317,132,66,25,41,18,8,10,146,11,135,10,2,8
Total,State - DADRA & NAGAR HAVELI,Christian,50-59,318,177,141,188,144,44,37,16,21,6,5,1,93,17,76,4,2,2
Total,State - DADRA & NAGAR HAVELI,Christian,60-69,144,63,81,53,36,17,17,3,14,1,1,0,74,24,50,1,0,1
Total,State - DADRA & NAGAR HAVELI,Christian,70-79,62,22,40,12,10,2,5,1,4,1,0,1,45,11,34,0,0,0
Total,State - DADRA & NAGAR HAVELI,Christian,80+,27,8,19,4,3,1,0,0,0,0,0,0,23,5,18,0,0,0
Total,State - DADRA & NAGAR HAVELI,Christian,Age not stated,6,3,3,3,2,1,0,0,0,0,0,0,3,1,2,0,0,0
Total,State - DADRA & NAGAR HAVELI,Christian,15-59,3196,1632,1564,1717,1174,543,317,112,205,90,43,47,1162,346,816,110,38,72
Total,State - DADRA & NAGAR HAVELI,Christian,60+,233,93,140,69,49,20,22,4,18,2,1,1,142,40,102,1,0,1
Total,State - DADRA & NAGAR HAVELI,Sikh,Total,217,132,85,98,83,15,7,2,5,0,0,0,112,47,65,4,1,3
Total,State - DADRA & NAGAR HAVELI,Sikh,5-9,20,9,11,0,0,0,0,0,0,0,0,0,20,9,11,0,0,0
Total,State - DADRA & NAGAR HAVELI,Sikh,10-14,19,12,7,0,0,0,0,0,0,0,0,0,19,12,7,0,0,0
Total,State - DADRA & NAGAR HAVELI,Sikh,15-19,21,14,7,4,4,0,2,2,0,0,0,0,15,8,7,0,0,0
Total,State - DADRA & NAGAR HAVELI,Sikh,20-24,25,17,8,15,13,2,2,0,2,0,0,0,8,4,4,2,0,2
Total,State - DADRA & NAGAR HAVELI,Sikh,25-29,23,12,11,15,11,4,1,0,1,0,0,0,7,1,6,1,0,1
Total,State - DADRA & NAGAR HAVELI,Sikh,30-34,18,12,6,12,11,1,1,0,1,0,0,0,5,1,4,1,1,0
Total,State - DADRA & NAGAR HAVELI,Sikh,35-39,22,12,10,14,12,2,1,0,1,0,0,0,7,0,7,0,0,0
Total,State - DADRA & NAGAR HAVELI,Sikh,40-49,27,17,10,22,17,5,0,0,0,0,0,0,5,0,5,0,0,0
Total,State - DADRA & NAGAR HAVELI,Sikh,50-59,13,11,2,10,10,0,0,0,0,0,0,0,3,1,2,0,0,0
Total,State - DADRA & NAGAR HAVELI,Sikh,60-69,8,6,2,5,4,1,0,0,0,0,0,0,3,2,1,0,0,0
Total,State - DADRA & NAGAR HAVELI,Sikh,70-79,4,2,2,1,1,0,0,0,0,0,0,0,3,1,2,0,0,0
Total,State - DADRA & NAGAR HAVELI,Sikh,80+,0,0,0,0,0,0,0,0,0,0,0,0,0,0,0,0,0,0
Total,State - DADRA & NAGAR HAVELI,Sikh,Age not stated,0,0,0,0,0,0,0,0,0,0,0,0,0,0,0,0,0,0
Total,State - DADRA & NAGAR HAVELI,Sikh,15-59,149,95,54,92,78,14,7,2,5,0,0,0,50,15,35,4,1,3
Total,State - DADRA & NAGAR HAVELI,Sikh,60+,12,8,4,6,5,1,0,0,0,0,0,0,6,3,3,0,0,0
Total,State - DADRA & NAGAR HAVELI,Buddhist,Total,634,356,278,280,232,48,17,8,9,3,1,2,337,116,221,10,5,5
Total,State - DADRA & NAGAR HAVELI,Buddhist,5-9,69,37,32,0,0,0,0,0,0,0,0,0,69,37,32,0,0,0
Total,State - DADRA & NAGAR HAVELI,Buddhist,10-14,40,20,20,1,1,0,0,0,0,0,0,0,39,19,20,0,0,0
Total,State - DADRA & NAGAR HAVELI,Buddhist,15-19,39,26,13,25,20,5,1,1,0,0,0,0,13,5,8,0,0,0
Total,State - DADRA & NAGAR HAVELI,Buddhist,20-24,98,50,48,47,40,7,6,2,4,1,0,1,45,8,37,6,3,3
Total,State - DADRA & NAGAR HAVELI,Buddhist,25-29,102,60,42,65,56,9,6,3,3,2,1,1,31,1,30,2,1,1
Total,State - DADRA & NAGAR HAVELI,Buddhist,30-34,70,42,28,49,41,8,1,1,0,0,0,0,20,0,20,0,0,0
Total,State - DADRA & NAGAR HAVELI,Buddhist,35-39,46,32,14,33,29,4,1,1,0,0,0,0,12,2,10,2,1,1
Total,State - DADRA & NAGAR HAVELI,Buddhist,40-49,56,31,25,42,31,11,2,0,2,0,0,0,12,0,12,0,0,0
Total,State - DADRA & NAGAR HAVELI,Buddhist,50-59,21,14,7,17,14,3,0,0,0,0,0,0,4,0,4,0,0,0
Total,State - DADRA & NAGAR HAVELI,Buddhist,60-69,5,2,3,1,0,1,0,0,0,0,0,0,4,2,2,0,0,0
Total,State - DADRA & NAGAR HAVELI,Buddhist,70-79,0,0,0,0,0,0,0,0,0,0,0,0,0,0,0,0,0,0
Total,State - DADRA & NAGAR HAVELI,Buddhist,80+,1,0,1,0,0,0,0,0,0,0,0,0,1,0,1,0,0,0
Total,State - DADRA & NAGAR HAVELI,Buddhist,Age not stated,0,0,0,0,0,0,0,0,0,0,0,0,0,0,0,0,0,0
Total,State - DADRA & NAGAR HAVELI,Buddhist,15-59,432,255,177,278,231,47,17,8,9,3,1,2,137,16,121,10,5,5
Total,State - DADRA & NAGAR HAVELI,Buddhist,60+,6,2,4,1,0,1,0,0,0,0,0,0,5,2,3,0,0,0
Total,State - DADRA & NAGAR HAVELI,Jain,Total,1186,632,554,403,351,52,19,15,4,4,3,1,764,266,498,45,13,32
Total,State - DADRA & NAGAR HAVELI,Jain,5-9,96,51,45,0,0,0,0,0,0,0,0,0,96,51,45,1,0,1
Total,State - DADRA & NAGAR HAVELI,Jain,10-14,101,59,42,1,1,0,0,0,0,0,0,0,100,58,42,1,0,1
Total,State - DADRA & NAGAR HAVELI,Jain,15-19,95,58,37,1,1,0,0,0,0,0,0,0,94,57,37,6,4,2
Total,State - DADRA & NAGAR HAVELI,Jain,20-24,95,43,52,24,17,7,3,3,0,1,1,0,68,23,45,12,5,7
Total,State - DADRA & NAGAR HAVELI,Jain,25-29,106,57,49,63,52,11,3,3,0,0,0,0,40,2,38,12,2,10
Total,State - DADRA & NAGAR HAVELI,Jain,30-34,104,53,51,55,51,4,1,0,1,0,0,0,48,2,46,6,0,6
Total,State - DADRA & NAGAR HAVELI,Jain,35-39,146,69,77,78,66,12,4,1,3,2,1,1,64,2,62,3,1,2
Total,State - DADRA & NAGAR HAVELI,Jain,40-49,173,94,79,99,89,10,4,4,0,1,1,0,70,1,69,2,0,2
Total,State - DADRA & NAGAR HAVELI,Jain,50-59,94,51,43,48,43,5,3,3,0,0,0,0,43,5,38,2,1,1
Total,State - DADRA & NAGAR HAVELI,Jain,60-69,54,30,24,26,23,3,0,0,0,0,0,0,28,7,21,0,0,0
Total,State - DADRA & NAGAR HAVELI,Jain,70-79,21,14,7,5,5,0,1,1,0,0,0,0,15,8,7,0,0,0
Total,State - DADRA & NAGAR HAVELI,Jain,80+,10,3,7,3,3,0,0,0,0,0,0,0,7,0,7,0,0,0
Total,State - DADRA & NAGAR HAVELI,Jain,Age not stated,0,0,0,0,0,0,0,0,0,0,0,0,0,0,0,0,0,0
Total,State - DADRA & NAGAR HAVELI,Jain,15-59,813,425,388,368,319,49,18,14,4,4,3,1,427,92,335,43,13,30
Total,State - DADRA & NAGAR HAVELI,Jain,60+,85,47,38,34,31,3,1,1,0,0,0,0,50,15,35,0,0,0
Total,State - DADRA & NAGAR HAVELI,Other religious communities,Total,293,130,163,64,49,15,23,4,19,2,0,2,206,77,129,5,1,4
Total,State - DADRA & NAGAR HAVELI,Other religious communities,5-9,51,25,26,0,0,0,0,0,0,0,0,0,51,25,26,0,0,0
Total,State - DADRA & NAGAR HAVELI,Other religious communities,10-14,27,17,10,2,1,1,0,0,0,0,0,0,25,16,9,0,0,0
Total,State - DADRA & NAGAR HAVELI,Other religious communities,15-19,22,12,10,6,6,0,0,0,0,0,0,0,16,6,10,3,0,3
Total,State - DADRA & NAGAR HAVELI,Other religious communities,20-24,38,15,23,11,9,2,7,2,5,2,0,2,20,4,16,1,1,0
Total,State - DADRA & NAGAR HAVELI,Other religious communities,25-29,32,7,25,12,7,5,4,0,4,0,0,0,16,0,16,0,0,0
Total,State - DADRA & NAGAR HAVELI,Other religious communities,30-34,26,8,18,9,7,2,3,1,2,0,0,0,14,0,14,1,0,1
Total,State - DADRA & NAGAR HAVELI,Other religious communities,35-39,11,6,5,6,6,0,1,0,1,0,0,0,4,0,4,0,0,0
Total,State - DADRA & NAGAR HAVELI,Other religious communities,40-49,22,8,14,12,8,4,3,0,3,0,0,0,7,0,7,0,0,0
Total,State - DADRA & NAGAR HAVELI,Other religious communities,50-59,7,4,3,3,3,0,3,1,2,0,0,0,1,0,1,0,0,0
Total,State - DADRA & NAGAR HAVELI,Other religious communities,60-69,4,2,2,2,2,0,1,0,1,0,0,0,1,0,1,0,0,0
Total,State - DADRA & NAGAR HAVELI,Other religious communities,70-79,3,1,2,1,0,1,1,0,1,0,0,0,1,1,0,0,0,0
Total,State - DADRA & NAGAR HAVELI,Other religious communities,80+,1,0,1,0,0,0,0,0,0,0,0,0,1,0,1,0,0,0
Total,State - DADRA & NAGAR HAVELI,Other religious communities,Age not stated,0,0,0,0,0,0,0,0,0,0,0,0,0,0,0,0,0,0
Total,State - DADRA & NAGAR HAVELI,Other religious communities,15-59,158,60,98,59,46,13,21,4,17,2,0,2,78,10,68,5,1,4
Total,State - DADRA & NAGAR HAVELI,Other religious communities,60+,8,3,5,3,2,1,2,0,2,0,0,0,3,1,2,0,0,0
Rural,State - DADRA & NAGAR HAVELI,All religious communities,Total,183114,98305,84809,62211,48239,13972,21912,7564,14348,4517,2217,2300,98991,42502,56489,3750,1373,2377
Rural,State - DADRA & NAGAR HAVELI,All religious communities,5-9,21040,10794,10246,67,32,35,86,43,43,20,11,9,20887,10719,10168,95,55,40
Rural,State - DADRA & NAGAR HAVELI,All religious communities,10-14,22352,11564,10788,587,274,313,734,257,477,120,36,84,21031,11033,9998,156,72,84
Rural,State - DADRA & NAGAR HAVELI,All religious communities,15-19,19013,10775,8238,5589,3891,1698,2661,1172,1489,766,347,419,10763,5712,5051,1012,492,520
Rural,State - DADRA & NAGAR HAVELI,All religious communities,20-24,21932,13066,8866,11613,9330,2283,4075,1704,2371,998,532,466,6244,2032,4212,1030,466,564
Rural,State - DADRA & NAGAR HAVELI,All religious communities,25-29,17657,10255,7402,10534,8586,1948,3220,1194,2026,760,431,329,3903,475,3428,540,150,390
Rural,State - DADRA & NAGAR HAVELI,All religious communities,30-34,13100,7322,5778,8096,6446,1650,2384,716,1668,482,212,270,2620,160,2460,277,35,242
Rural,State - DADRA & NAGAR HAVELI,All religious communities,35-39,11438,6209,5229,7125,5515,1610,2113,566,1547,396,177,219,2200,128,2072,220,29,191
Rural,State - DADRA & NAGAR HAVELI,All religious communities,40-49,17184,8997,8187,10336,7875,2461,3392,882,2510,588,270,318,3456,240,3216,268,38,230
Rural,State - DADRA & NAGAR HAVELI,All religious communities,50-59,9939,5050,4889,5452,4148,1304,1977,606,1371,269,144,125,2510,296,2214,81,19,62
Rural,State - DADRA & NAGAR HAVELI,All religious communities,60-69,6077,2757,3320,2275,1745,530,1009,321,688,96,49,47,2793,691,2102,59,13,46
Rural,State - DADRA & NAGAR HAVELI,All religious communities,70-79,2044,795,1249,413,311,102,204,82,122,14,3,11,1427,402,1025,6,2,4
Rural,State - DADRA & NAGAR HAVELI,All religious communities,80+,517,198,319,85,58,27,41,16,25,6,4,2,391,124,267,4,0,4
Rural,State - DADRA & NAGAR HAVELI,All religious communities,Age not stated,220,113,107,39,28,11,16,5,11,2,1,1,165,80,85,2,2,0
Rural,State - DADRA & NAGAR HAVELI,All religious communities,15-59,110263,61674,48589,58745,45791,12954,19822,6840,12982,4259,2113,2146,31696,9043,22653,3428,1229,2199
Rural,State - DADRA & NAGAR HAVELI,All religious communities,60+,8638,3750,4888,2773,2114,659,1254,419,835,116,56,60,4611,1217,3394,69,15,54
Rural,State - DADRA & NAGAR HAVELI,Hindu,Total,176233,94496,81737,59753,46253,13500,21296,7303,13993,4381,2158,2223,95184,40940,54244,3641,1339,2302
Rural,State - DADRA & NAGAR HAVELI,Hindu,5-9,20308,10423,9885,63,31,32,86,43,43,20,11,9,20159,10349,9810,93,54,39
Rural,State - DADRA & NAGAR HAVELI,Hindu,10-14,21497,11158,10339,569,267,302,723,253,470,114,33,81,20205,10638,9567,150,71,79
Rural,State - DADRA & NAGAR HAVELI,Hindu,15-19,18180,10290,7890,5325,3697,1628,2581,1130,1451,743,336,407,10274,5463,4811,981,481,500
Rural,State - DADRA & NAGAR HAVELI,Hindu,20-24,21037,12495,8542,11111,8902,2209,3952,1641,2311,966,521,445,5974,1952,4022,1002,453,549
Rural,State - DADRA & NAGAR HAVELI,Hindu,25-29,17002,9847,7155,10137,8243,1894,3120,1148,1972,746,424,322,3745,456,3289,526,147,379
Rural,State - DADRA & NAGAR HAVELI,Hindu,30-34,12626,7043,5583,7803,6195,1608,2325,695,1630,467,207,260,2498,153,2345,272,32,240
Rural,State - DADRA & NAGAR HAVELI,Hindu,35-39,10989,5948,5041,6830,5279,1551,2064,551,1513,389,174,215,2095,118,1977,210,28,182
Rural,State - DADRA & NAGAR HAVELI,Hindu,40-49,16504,8624,7880,9920,7555,2365,3286,841,2445,560,258,302,3298,228,3070,260,37,223
Rural,State - DADRA & NAGAR HAVELI,Hindu,50-59,9588,4861,4727,5260,3996,1264,1917,583,1334,261,138,123,2411,282,2129,79,19,60
Rural,State - DADRA & NAGAR HAVELI,Hindu,60-69,5903,2682,3221,2213,1701,512,987,316,671,94,48,46,2703,665,2038,56,13,43
Rural,State - DADRA & NAGAR HAVELI,Hindu,70-79,1980,777,1203,403,304,99,198,81,117,13,3,10,1379,392,987,6,2,4
Rural,State - DADRA & NAGAR HAVELI,Hindu,80+,494,192,302,83,57,26,41,16,25,6,4,2,370,119,251,4,0,4
Rural,State - DADRA & NAGAR HAVELI,Hindu,Age not stated,204,106,98,36,26,10,16,5,11,2,1,1,152,75,77,2,2,0
Rural,State - DADRA & NAGAR HAVELI,Hindu,15-59,105926,59108,46818,56386,43867,12519,19245,6589,12656,4132,2058,2074,30295,8652,21643,3330,1197,2133
Rural,State - DADRA & NAGAR HAVELI,Hindu,60+,8377,3651,4726,2699,2062,637,1226,413,813,113,55,58,4452,1176,3276,66,15,51
Rural,State - DADRA & NAGAR HAVELI,Muslim,Total,3438,2085,1353,1346,1256,90,255,145,110,47,17,30,1837,684,1153,46,18,28
Rural,State - DADRA & NAGAR HAVELI,Muslim,5-9,305,163,142,2,1,1,0,0,0,0,0,0,303,162,141,2,1,1
Rural,State - DADRA & NAGAR HAVELI,Muslim,10-14,338,166,172,8,4,4,3,2,1,3,2,1,327,160,167,4,0,4
Rural,State - DADRA & NAGAR HAVELI,Muslim,15-19,409,268,141,155,141,14,43,26,17,9,4,5,211,101,110,15,7,8
Rural,State - DADRA & NAGAR HAVELI,Muslim,20-24,551,385,166,333,317,16,59,38,21,11,1,10,159,30,129,13,7,6
Rural,State - DADRA & NAGAR HAVELI,Muslim,25-29,393,272,121,244,235,9,42,28,14,4,2,2,107,9,98,7,1,6
Rural,State - DADRA & NAGAR HAVELI,Muslim,30-34,278,176,102,171,161,10,19,9,10,4,1,3,88,6,82,4,2,2
Rural,State - DADRA & NAGAR HAVELI,Muslim,35-39,232,155,77,149,137,12,21,11,10,2,1,1,62,7,55,1,0,1
Rural,State - DADRA & NAGAR HAVELI,Muslim,40-49,317,184,133,175,160,15,40,19,21,10,4,6,102,5,97,0,0,0
Rural,State - DADRA & NAGAR HAVELI,Muslim,50-59,175,95,80,81,73,8,24,10,14,3,2,1,70,12,58,0,0,0
Rural,State - DADRA & NAGAR HAVELI,Muslim,60-69,84,39,45,23,22,1,4,2,2,1,0,1,57,15,42,0,0,0
Rural,State - DADRA & NAGAR HAVELI,Muslim,70-79,31,11,20,4,4,0,0,0,0,0,0,0,27,7,20,0,0,0
Rural,State - DADRA & NAGAR HAVELI,Muslim,80+,10,2,8,0,0,0,0,0,0,0,0,0,10,2,8,0,0,0
Rural,State - DADRA & NAGAR HAVELI,Muslim,Age not stated,4,1,3,1,1,0,0,0,0,0,0,0,3,0,3,0,0,0
Rural,State - DADRA & NAGAR HAVELI,Muslim,15-59,2355,1535,820,1308,1224,84,248,141,107,43,15,28,799,170,629,40,17,23
Rural,State - DADRA & NAGAR HAVELI,Muslim,60+,125,52,73,27,26,1,4,2,2,1,0,1,94,24,70,0,0,0
Rural,State - DADRA & NAGAR HAVELI,Christian,Total,2880,1409,1471,895,557,338,298,100,198,76,35,41,1687,752,935,52,12,40
Rural,State - DADRA & NAGAR HAVELI,Christian,5-9,374,181,193,2,0,2,0,0,0,0,0,0,372,181,191,0,0,0
Rural,State - DADRA & NAGAR HAVELI,Christian,10-14,466,213,253,9,2,7,8,2,6,3,1,2,449,209,240,2,1,1
Rural,State - DADRA & NAGAR HAVELI,Christian,15-19,360,177,183,91,40,51,32,13,19,12,6,6,237,124,113,12,4,8
Rural,State - DADRA & NAGAR HAVELI,Christian,20-24,263,134,129,127,76,51,47,18,29,15,6,9,89,40,49,11,3,8
Rural,State - DADRA & NAGAR HAVELI,Christian,25-29,205,98,107,119,77,42,46,15,31,9,4,5,40,6,34,6,1,5
Rural,State - DADRA & NAGAR HAVELI,Christian,30-34,149,74,75,89,63,26,31,10,21,10,4,6,29,1,28,1,1,0
Rural,State - DADRA & NAGAR HAVELI,Christian,35-39,188,92,96,132,86,46,22,3,19,2,1,1,34,3,31,9,1,8
Rural,State - DADRA & NAGAR HAVELI,Christian,40-49,309,161,148,201,133,68,60,22,38,18,8,10,48,6,42,8,1,7
Rural,State - DADRA & NAGAR HAVELI,Christian,50-59,143,74,69,86,59,27,32,13,19,5,4,1,25,2,23,2,0,2
Rural,State - DADRA & NAGAR HAVELI,Christian,60-69,72,28,44,30,16,14,15,3,12,1,1,0,27,9,18,1,0,1
Rural,State - DADRA & NAGAR HAVELI,Christian,70-79,29,6,23,5,3,2,5,1,4,1,0,1,19,2,17,0,0,0
Rural,State - DADRA & NAGAR HAVELI,Christian,80+,12,4,8,2,1,1,0,0,0,0,0,0,10,3,7,0,0,0
Rural,State - DADRA & NAGAR HAVELI,Christian,Age not stated,5,2,3,2,1,1,0,0,0,0,0,0,3,1,2,0,0,0
Rural,State - DADRA & NAGAR HAVELI,Christian,15-59,1617,810,807,845,534,311,270,94,176,71,33,38,502,182,320,49,11,38
Rural,State - DADRA & NAGAR HAVELI,Christian,60+,113,38,75,37,20,17,20,4,16,2,1,1,56,14,42,1,0,1
Rural,State - DADRA & NAGAR HAVELI,Sikh,Total,45,32,13,22,22,0,4,1,3,0,0,0,19,9,10,1,0,1
Rural,State - DADRA & NAGAR HAVELI,Sikh,5-9,5,3,2,0,0,0,0,0,0,0,0,0,5,3,2,0,0,0
Rural,State - DADRA & NAGAR HAVELI,Sikh,10-14,4,4,0,0,0,0,0,0,0,0,0,0,4,4,0,0,0,0
Rural,State - DADRA & NAGAR HAVELI,Sikh,15-19,4,3,1,1,1,0,1,1,0,0,0,0,2,1,1,0,0,0
Rural,State - DADRA & NAGAR HAVELI,Sikh,20-24,6,4,2,4,4,0,1,0,1,0,0,0,1,0,1,1,0,1
Rural,State - DADRA & NAGAR HAVELI,Sikh,25-29,5,4,1,3,3,0,1,0,1,0,0,0,1,1,0,0,0,0
Rural,State - DADRA & NAGAR HAVELI,Sikh,30-34,4,4,0,4,4,0,0,0,0,0,0,0,0,0,0,0,0,0
Rural,State - DADRA & NAGAR HAVELI,Sikh,35-39,4,2,2,2,2,0,1,0,1,0,0,0,1,0,1,0,0,0
Rural,State - DADRA & NAGAR HAVELI,Sikh,40-49,5,5,0,5,5,0,0,0,0,0,0,0,0,0,0,0,0,0
Rural,State - DADRA & NAGAR HAVELI,Sikh,50-59,1,1,0,1,1,0,0,0,0,0,0,0,0,0,0,0,0,0
Rural,State - DADRA & NAGAR HAVELI,Sikh,60-69,2,2,0,2,2,0,0,0,0,0,0,0,0,0,0,0,0,0
Rural,State - DADRA & NAGAR HAVELI,Sikh,70-79,0,0,0,0,0,0,0,0,0,0,0,0,0,0,0,0,0,0
Rural,State - DADRA & NAGAR HAVELI,Sikh,80+,0,0,0,0,0,0,0,0,0,0,0,0,0,0,0,0,0,0
Rural,State - DADRA & NAGAR HAVELI,Sikh,Age not stated,0,0,0,0,0,0,0,0,0,0,0,0,0,0,0,0,0,0
Rural,State - DADRA & NAGAR HAVELI,Sikh,15-59,29,23,6,20,20,0,4,1,3,0,0,0,5,2,3,1,0,1
Rural,State - DADRA & NAGAR HAVELI,Sikh,60+,2,2,0,2,2,0,0,0,0,0,0,0,0,0,0,0,0,0
Rural,State - DADRA & NAGAR HAVELI,Buddhist,Total,82,54,28,47,42,5,9,4,5,0,0,0,26,8,18,1,1,0
Rural,State - DADRA & NAGAR HAVELI,Buddhist,5-9,4,3,1,0,0,0,0,0,0,0,0,0,4,3,1,0,0,0
Rural,State - DADRA & NAGAR HAVELI,Buddhist,10-14,2,0,2,0,0,0,0,0,0,0,0,0,2,0,2,0,0,0
Rural,State - DADRA & NAGAR HAVELI,Buddhist,15-19,10,10,0,9,9,0,1,1,0,0,0,0,0,0,0,0,0,0
Rural,State - DADRA & NAGAR HAVELI,Buddhist,20-24,21,15,6,15,13,2,4,1,3,0,0,0,2,1,1,1,1,0
Rural,State - DADRA & NAGAR HAVELI,Buddhist,25-29,15,9,6,8,8,0,3,1,2,0,0,0,4,0,4,0,0,0
Rural,State - DADRA & NAGAR HAVELI,Buddhist,30-34,8,7,1,7,6,1,1,1,0,0,0,0,0,0,0,0,0,0
Rural,State - DADRA & NAGAR HAVELI,Buddhist,35-39,1,1,0,1,1,0,0,0,0,0,0,0,0,0,0,0,0,0
Rural,State - DADRA & NAGAR HAVELI,Buddhist,40-49,5,1,4,2,1,1,0,0,0,0,0,0,3,0,3,0,0,0
Rural,State - DADRA & NAGAR HAVELI,Buddhist,50-59,6,4,2,5,4,1,0,0,0,0,0,0,1,0,1,0,0,0
Rural,State - DADRA & NAGAR HAVELI,Buddhist,60-69,1,1,0,0,0,0,0,0,0,0,0,0,1,1,0,0,0,0
Rural,State - DADRA & NAGAR HAVELI,Buddhist,70-79,0,0,0,0,0,0,0,0,0,0,0,0,0,0,0,0,0,0
Rural,State - DADRA & NAGAR HAVELI,Buddhist,80+,0,0,0,0,0,0,0,0,0,0,0,0,0,0,0,0,0,0
Rural,State - DADRA & NAGAR HAVELI,Buddhist,Age not stated,0,0,0,0,0,0,0,0,0,0,0,0,0,0,0,0,0,0
Rural,State - DADRA & NAGAR HAVELI,Buddhist,15-59,66,47,19,47,42,5,9,4,5,0,0,0,10,1,9,1,1,0
Rural,State - DADRA & NAGAR HAVELI,Buddhist,60+,1,1,0,0,0,0,0,0,0,0,0,0,1,1,0,0,0,0
Rural,State - DADRA & NAGAR HAVELI,Jain,Total,61,35,26,23,20,3,1,1,0,0,0,0,37,14,23,2,2,0
Rural,State - DADRA & NAGAR HAVELI,Jain,5-9,3,2,1,0,0,0,0,0,0,0,0,0,3,2,1,0,0,0
Rural,State - DADRA & NAGAR HAVELI,Jain,10-14,5,1,4,0,0,0,0,0,0,0,0,0,5,1,4,0,0,0
Rural,State - DADRA & NAGAR HAVELI,Jain,15-19,7,3,4,0,0,0,0,0,0,0,0,0,7,3,4,0,0,0
Rural,State - DADRA & NAGAR HAVELI,Jain,20-24,8,7,1,2,2,0,0,0,0,0,0,0,6,5,1,2,2,0
Rural,State - DADRA & NAGAR HAVELI,Jain,25-29,6,5,1,4,4,0,1,1,0,0,0,0,1,0,1,0,0,0
Rural,State - DADRA & NAGAR HAVELI,Jain,30-34,6,4,2,4,4,0,0,0,0,0,0,0,2,0,2,0,0,0
Rural,State - DADRA & NAGAR HAVELI,Jain,35-39,6,2,4,2,2,0,0,0,0,0,0,0,4,0,4,0,0,0
Rural,State - DADRA & NAGAR HAVELI,Jain,40-49,9,6,3,7,6,1,0,0,0,0,0,0,2,0,2,0,0,0
Rural,State - DADRA & NAGAR HAVELI,Jain,50-59,3,1,2,2,1,1,0,0,0,0,0,0,1,0,1,0,0,0
Rural,State - DADRA & NAGAR HAVELI,Jain,60-69,2,1,1,2,1,1,0,0,0,0,0,0,0,0,0,0,0,0
Rural,State - DADRA & NAGAR HAVELI,Jain,70-79,0,0,0,0,0,0,0,0,0,0,0,0,0,0,0,0,0,0
Rural,State - DADRA & NAGAR HAVELI,Jain,80+,0,0,0,0,0,0,0,0,0,0,0,0,0,0,0,0,0,0
Rural,State - DADRA & NAGAR HAVELI,Jain,Age not stated,0,0,0,0,0,0,0,0,0,0,0,0,0,0,0,0,0,0
Rural,State - DADRA & NAGAR HAVELI,Jain,15-59,45,28,17,21,19,2,1,1,0,0,0,0,23,8,15,2,2,0
Rural,State - DADRA & NAGAR HAVELI,Jain,60+,2,1,1,2,1,1,0,0,0,0,0,0,0,0,0,0,0,0
Rural,State - DADRA & NAGAR HAVELI,Other religious communities,Total,99,46,53,29,25,4,21,2,19,2,0,2,49,19,30,3,0,3
Rural,State - DADRA & NAGAR HAVELI,Other religious communities,5-9,11,5,6,0,0,0,0,0,0,0,0,0,11,5,6,0,0,0
Rural,State - DADRA & NAGAR HAVELI,Other religious communities,10-14,4,2,2,1,1,0,0,0,0,0,0,0,3,1,2,0,0,0
Rural,State - DADRA & NAGAR HAVELI,Other religious communities,15-19,9,4,5,0,0,0,0,0,0,0,0,0,9,4,5,3,0,3
Rural,State - DADRA & NAGAR HAVELI,Other religious communities,20-24,20,10,10,6,6,0,6,1,5,2,0,2,8,3,5,0,0,0
Rural,State - DADRA & NAGAR HAVELI,Other religious communities,25-29,9,4,5,4,4,0,4,0,4,0,0,0,1,0,1,0,0,0
Rural,State - DADRA & NAGAR HAVELI,Other religious communities,30-34,7,4,3,3,3,0,3,1,2,0,0,0,1,0,1,0,0,0
Rural,State - DADRA & NAGAR HAVELI,Other religious communities,35-39,5,2,3,2,2,0,1,0,1,0,0,0,2,0,2,0,0,0
Rural,State - DADRA & NAGAR HAVELI,Other religious communities,40-49,13,5,8,8,5,3,3,0,3,0,0,0,2,0,2,0,0,0
Rural,State - DADRA & NAGAR HAVELI,Other religious communities,50-59,6,3,3,3,3,0,2,0,2,0,0,0,1,0,1,0,0,0
Rural,State - DADRA & NAGAR HAVELI,Other religious communities,60-69,2,1,1,1,1,0,1,0,1,0,0,0,0,0,0,0,0,0
Rural,State - DADRA & NAGAR HAVELI,Other religious communities,70-79,2,0,2,1,0,1,1,0,1,0,0,0,0,0,0,0,0,0
Rural,State - DADRA & NAGAR HAVELI,Other religious communities,80+,1,0,1,0,0,0,0,0,0,0,0,0,1,0,1,0,0,0
Rural,State - DADRA & NAGAR HAVELI,Other religious communities,Age not stated,0,0,0,0,0,0,0,0,0,0,0,0,0,0,0,0,0,0
Rural,State - DADRA & NAGAR HAVELI,Other religious communities,15-59,69,32,37,26,23,3,19,2,17,2,0,2,24,7,17,3,0,3
Rural,State - DADRA & NAGAR HAVELI,Other religious communities,60+,5,1,4,2,1,1,2,0,2,0,0,0,1,0,1,0,0,0
Urban,State - DADRA & NAGAR HAVELI,All religious communities,Total,160595,95455,65140,68088,60886,7202,4950,2604,2346,820,487,333,87557,31965,55592,3345,1078,2267
Urban,State - DADRA & NAGAR HAVELI,All religious communities,5-9,15209,8265,6944,60,42,18,81,52,29,29,20,9,15068,8171,6897,49,24,25
Urban,State - DADRA & NAGAR HAVELI,All religious communities,10-14,12651,6821,5830,340,251,89,100,56,44,36,21,15,12211,6514,5697,79,45,34
Urban,State - DADRA & NAGAR HAVELI,All religious communities,15-19,14091,9204,4887,5123,4609,514,484,343,141,111,77,34,8484,4252,4232,510,323,187
Urban,State - DADRA & NAGAR HAVELI,All religious communities,20-24,22369,14529,7840,13088,12086,1002,964,595,369,179,111,68,8317,1848,6469,1072,389,683
Urban,State - DADRA & NAGAR HAVELI,All religious communities,25-29,22228,13241,8987,13532,12271,1261,933,470,463,156,81,75,7763,500,7263,755,121,634
Urban,State - DADRA & NAGAR HAVELI,All religious communities,30-34,17541,10635,6906,11384,10112,1272,687,309,378,105,57,48,5470,214,5256,389,51,338
Urban,State - DADRA & NAGAR HAVELI,All religious communities,35-39,13839,8653,5186,9365,8253,1112,547,237,310,78,36,42,3927,163,3764,213,31,182
Urban,State - DADRA & NAGAR HAVELI,All religious communities,40-49,14786,9228,5558,9908,8664,1244,658,305,353,82,59,23,4220,259,3961,159,52,107
Urban,State - DADRA & NAGAR HAVELI,All religious communities,50-59,6515,3691,2824,3756,3235,521,292,135,157,32,16,16,2467,321,2146,59,16,43
Urban,State - DADRA & NAGAR HAVELI,All religious communities,60-69,3470,1792,1678,1159,1032,127,145,71,74,10,7,3,2166,689,1477,52,21,31
Urban,State - DADRA & NAGAR HAVELI,All religious communities,70-79,1223,572,651,217,194,23,39,21,18,2,2,0,967,357,610,4,2,2
Urban,State - DADRA & NAGAR HAVELI,All religious communities,80+,561,245,316,99,89,10,12,5,7,0,0,0,450,151,299,3,2,1
Urban,State - DADRA & NAGAR HAVELI,All religious communities,Age not stated,152,87,65,57,48,9,8,5,3,0,0,0,87,34,53,1,1,0
Urban,State - DADRA & NAGAR HAVELI,All religious communities,15-59,111369,69181,42188,66156,59230,6926,4565,2394,2171,743,437,306,40648,7557,33091,3157,983,2174
Urban,State - DADRA & NAGAR HAVELI,All religious communities,60+,5254,2609,2645,1475,1315,160,196,97,99,12,9,3,3583,1197,2386,59,25,34
Urban,State - DADRA & NAGAR HAVELI,Hindu,Total,146624,87480,59144,62767,56180,6587,4547,2415,2132,746,444,302,79310,28885,50425,3070,961,2109
Urban,State - DADRA & NAGAR HAVELI,Hindu,5-9,13762,7487,6275,56,40,16,63,39,24,19,11,8,13643,7408,6235,46,23,23
Urban,State - DADRA & NAGAR HAVELI,Hindu,10-14,11476,6163,5313,299,220,79,91,48,43,33,18,15,11086,5895,5191,72,42,30
Urban,State - DADRA & NAGAR HAVELI,Hindu,15-19,12711,8342,4369,4713,4235,478,441,309,132,99,68,31,7557,3798,3759,444,271,173
Urban,State - DADRA & NAGAR HAVELI,Hindu,20-24,20541,13407,7134,12135,11219,916,886,556,330,165,103,62,7520,1632,5888,992,353,639
Urban,State - DADRA & NAGAR HAVELI,Hindu,25-29,20597,12300,8297,12550,11406,1144,854,435,419,138,73,65,7193,459,6734,706,112,594
Urban,State - DADRA & NAGAR HAVELI,Hindu,30-34,16262,9911,6351,10612,9420,1192,635,295,340,98,54,44,5015,196,4819,358,47,311
Urban,State - DADRA & NAGAR HAVELI,Hindu,35-39,12673,7978,4695,8622,7610,1012,501,224,277,70,35,35,3550,144,3406,195,28,167
Urban,State - DADRA & NAGAR HAVELI,Hindu,40-49,13415,8453,4962,9031,7922,1109,610,288,322,81,58,23,3774,243,3531,151,49,102
Urban,State - DADRA & NAGAR HAVELI,Hindu,50-59,5838,3303,2535,3393,2910,483,273,123,150,31,15,16,2172,270,1902,49,12,37
Urban,State - DADRA & NAGAR HAVELI,Hindu,60-69,3103,1591,1512,1026,910,116,137,68,69,10,7,3,1940,613,1327,51,20,31
Urban,State - DADRA & NAGAR HAVELI,Hindu,70-79,1110,511,599,195,172,23,36,20,16,2,2,0,879,319,560,4,2,2
Urban,State - DADRA & NAGAR HAVELI,Hindu,80+,497,225,272,88,78,10,12,5,7,0,0,0,397,142,255,1,1,0
Urban,State - DADRA & NAGAR HAVELI,Hindu,Age not stated,123,70,53,47,38,9,8,5,3,0,0,0,68,27,41,1,1,0
Urban,State - DADRA & NAGAR HAVELI,Hindu,15-59,102037,63694,38343,61056,54722,6334,4200,2230,1970,682,406,276,36781,6742,30039,2895,872,2023
Urban,State - DADRA & NAGAR HAVELI,Hindu,60+,4710,2327,2383,1309,1160,149,185,93,92,12,9,3,3216,1074,2142,56,23,33
Urban,State - DADRA & NAGAR HAVELI,Muslim,Total,9484,5616,3868,3628,3373,255,313,144,169,44,27,17,5543,2099,3444,155,73,82
Urban,State - DADRA & NAGAR HAVELI,Muslim,5-9,986,549,437,4,2,2,18,13,5,10,9,1,964,534,430,2,1,1
Urban,State - DADRA & NAGAR HAVELI,Muslim,10-14,820,460,360,36,28,8,7,6,1,2,2,0,777,426,351,6,3,3
Urban,State - DADRA & NAGAR HAVELI,Muslim,15-19,1029,665,364,358,334,24,37,30,7,7,6,1,634,301,333,42,34,8
Urban,State - DADRA & NAGAR HAVELI,Muslim,20-24,1397,906,491,789,741,48,63,30,33,8,4,4,545,135,410,44,22,22
Urban,State - DADRA & NAGAR HAVELI,Muslim,25-29,1151,700,451,686,646,40,63,26,37,10,3,7,402,28,374,23,6,17
Urban,State - DADRA & NAGAR HAVELI,Muslim,30-34,868,521,347,534,499,35,41,13,28,5,3,2,293,9,284,14,1,13
Urban,State - DADRA & NAGAR HAVELI,Muslim,35-39,712,445,267,460,425,35,31,8,23,2,0,2,221,12,209,11,1,10
Urban,State - DADRA & NAGAR HAVELI,Muslim,40-49,761,442,319,466,422,44,35,10,25,0,0,0,260,10,250,4,2,2
Urban,State - DADRA & NAGAR HAVELI,Muslim,50-59,376,209,167,190,175,15,10,5,5,0,0,0,176,29,147,6,1,5
Urban,State - DADRA & NAGAR HAVELI,Muslim,60-69,227,131,96,81,77,4,6,3,3,0,0,0,140,51,89,1,1,0
Urban,State - DADRA & NAGAR HAVELI,Muslim,70-79,52,28,24,9,9,0,2,0,2,0,0,0,41,19,22,0,0,0
Urban,State - DADRA & NAGAR HAVELI,Muslim,80+,37,13,24,6,6,0,0,0,0,0,0,0,31,7,24,2,1,1
Urban,State - DADRA & NAGAR HAVELI,Muslim,Age not stated,28,16,12,9,9,0,0,0,0,0,0,0,19,7,12,0,0,0
Urban,State - DADRA & NAGAR HAVELI,Muslim,15-59,6294,3888,2406,3483,3242,241,280,122,158,32,16,16,2531,524,2007,144,67,77
Urban,State - DADRA & NAGAR HAVELI,Muslim,60+,316,172,144,96,92,4,8,3,5,0,0,0,212,77,135,3,2,1
Urban,State - DADRA & NAGAR HAVELI,Christian,Total,2233,1146,1087,907,671,236,51,20,31,20,11,9,1275,455,820,61,27,34
Urban,State - DADRA & NAGAR HAVELI,Christian,5-9,213,97,116,0,0,0,0,0,0,0,0,0,213,97,116,0,0,0
Urban,State - DADRA & NAGAR HAVELI,Christian,10-14,160,80,80,2,1,1,2,2,0,1,1,0,156,77,79,0,0,0
Urban,State - DADRA & NAGAR HAVELI,Christian,15-19,188,99,89,22,15,7,5,3,2,5,3,2,161,81,80,18,14,4
Urban,State - DADRA & NAGAR HAVELI,Christian,20-24,210,111,99,83,61,22,7,3,4,3,2,1,120,47,73,18,8,10
Urban,State - DADRA & NAGAR HAVELI,Christian,25-29,231,113,118,149,101,48,9,4,5,5,4,1,73,8,65,11,0,11
Urban,State - DADRA & NAGAR HAVELI,Christian,30-34,201,99,102,123,93,30,6,0,6,1,0,1,72,6,66,8,2,6
Urban,State - DADRA & NAGAR HAVELI,Christian,35-39,222,105,117,145,101,44,9,2,7,4,0,4,68,2,66,2,0,2
Urban,State - DADRA & NAGAR HAVELI,Christian,40-49,352,192,160,248,184,64,6,3,3,0,0,0,98,5,93,2,1,1
Urban,State - DADRA & NAGAR HAVELI,Christian,50-59,175,103,72,102,85,17,5,3,2,1,1,0,68,15,53,2,2,0
Urban,State - DADRA & NAGAR HAVELI,Christian,60-69,72,35,37,23,20,3,2,0,2,0,0,0,47,15,32,0,0,0
Urban,State - DADRA & NAGAR HAVELI,Christian,70-79,33,16,17,7,7,0,0,0,0,0,0,0,26,9,17,0,0,0
Urban,State - DADRA & NAGAR HAVELI,Christian,80+,15,4,11,2,2,0,0,0,0,0,0,0,13,2,11,0,0,0
Urban,State - DADRA & NAGAR HAVELI,Christian,Age not stated,1,1,0,1,1,0,0,0,0,0,0,0,0,0,0,0,0,0
Urban,State - DADRA & NAGAR HAVELI,Christian,15-59,1579,822,757,872,640,232,47,18,29,19,10,9,660,164,496,61,27,34
Urban,State - DADRA & NAGAR HAVELI,Christian,60+,120,55,65,32,29,3,2,0,2,0,0,0,86,26,60,0,0,0
Urban,State - DADRA & NAGAR HAVELI,Sikh,Total,172,100,72,76,61,15,3,1,2,0,0,0,93,38,55,3,1,2
Urban,State - DADRA & NAGAR HAVELI,Sikh,5-9,15,6,9,0,0,0,0,0,0,0,0,0,15,6,9,0,0,0
Urban,State - DADRA & NAGAR HAVELI,Sikh,10-14,15,8,7,0,0,0,0,0,0,0,0,0,15,8,7,0,0,0
Urban,State - DADRA & NAGAR HAVELI,Sikh,15-19,17,11,6,3,3,0,1,1,0,0,0,0,13,7,6,0,0,0
Urban,State - DADRA & NAGAR HAVELI,Sikh,20-24,19,13,6,11,9,2,1,0,1,0,0,0,7,4,3,1,0,1
Urban,State - DADRA & NAGAR HAVELI,Sikh,25-29,18,8,10,12,8,4,0,0,0,0,0,0,6,0,6,1,0,1
Urban,State - DADRA & NAGAR HAVELI,Sikh,30-34,14,8,6,8,7,1,1,0,1,0,0,0,5,1,4,1,1,0
Urban,State - DADRA & NAGAR HAVELI,Sikh,35-39,18,10,8,12,10,2,0,0,0,0,0,0,6,0,6,0,0,0
Urban,State - DADRA & NAGAR HAVELI,Sikh,40-49,22,12,10,17,12,5,0,0,0,0,0,0,5,0,5,0,0,0
Urban,State - DADRA & NAGAR HAVELI,Sikh,50-59,12,10,2,9,9,0,0,0,0,0,0,0,3,1,2,0,0,0
Urban,State - DADRA & NAGAR HAVELI,Sikh,60-69,6,4,2,3,2,1,0,0,0,0,0,0,3,2,1,0,0,0
Urban,State - DADRA & NAGAR HAVELI,Sikh,70-79,4,2,2,1,1,0,0,0,0,0,0,0,3,1,2,0,0,0
Urban,State - DADRA & NAGAR HAVELI,Sikh,80+,0,0,0,0,0,0,0,0,0,0,0,0,0,0,0,0,0,0
Urban,State - DADRA & NAGAR HAVELI,Sikh,Age not stated,0,0,0,0,0,0,0,0,0,0,0,0,0,0,0,0,0,0
Urban,State - DADRA & NAGAR HAVELI,Sikh,15-59,120,72,48,72,58,14,3,1,2,0,0,0,45,13,32,3,1,2
Urban,State - DADRA & NAGAR HAVELI,Sikh,60+,10,6,4,4,3,1,0,0,0,0,0,0,6,3,3,0,0,0
Urban,State - DADRA & NAGAR HAVELI,Buddhist,Total,552,302,250,233,190,43,8,4,4,3,1,2,311,108,203,9,4,5
Urban,State - DADRA & NAGAR HAVELI,Buddhist,5-9,65,34,31,0,0,0,0,0,0,0,0,0,65,34,31,0,0,0
Urban,State - DADRA & NAGAR HAVELI,Buddhist,10-14,38,20,18,1,1,0,0,0,0,0,0,0,37,19,18,0,0,0
Urban,State - DADRA & NAGAR HAVELI,Buddhist,15-19,29,16,13,16,11,5,0,0,0,0,0,0,13,5,8,0,0,0
Urban,State - DADRA & NAGAR HAVELI,Buddhist,20-24,77,35,42,32,27,5,2,1,1,1,0,1,43,7,36,5,2,3
Urban,State - DADRA & NAGAR HAVELI,Buddhist,25-29,87,51,36,57,48,9,3,2,1,2,1,1,27,1,26,2,1,1
Urban,State - DADRA & NAGAR HAVELI,Buddhist,30-34,62,35,27,42,35,7,0,0,0,0,0,0,20,0,20,0,0,0
Urban,State - DADRA & NAGAR HAVELI,Buddhist,35-39,45,31,14,32,28,4,1,1,0,0,0,0,12,2,10,2,1,1
Urban,State - DADRA & NAGAR HAVELI,Buddhist,40-49,51,30,21,40,30,10,2,0,2,0,0,0,9,0,9,0,0,0
Urban,State - DADRA & NAGAR HAVELI,Buddhist,50-59,15,10,5,12,10,2,0,0,0,0,0,0,3,0,3,0,0,0
Urban,State - DADRA & NAGAR HAVELI,Buddhist,60-69,4,1,3,1,0,1,0,0,0,0,0,0,3,1,2,0,0,0
Urban,State - DADRA & NAGAR HAVELI,Buddhist,70-79,0,0,0,0,0,0,0,0,0,0,0,0,0,0,0,0,0,0
Urban,State - DADRA & NAGAR HAVELI,Buddhist,80+,1,0,1,0,0,0,0,0,0,0,0,0,1,0,1,0,0,0
Urban,State - DADRA & NAGAR HAVELI,Buddhist,Age not stated,0,0,0,0,0,0,0,0,0,0,0,0,0,0,0,0,0,0
Urban,State - DADRA & NAGAR HAVELI,Buddhist,15-59,366,208,158,231,189,42,8,4,4,3,1,2,127,15,112,9,4,5
Urban,State - DADRA & NAGAR HAVELI,Buddhist,60+,5,1,4,1,0,1,0,0,0,0,0,0,4,1,3,0,0,0
Urban,State - DADRA & NAGAR HAVELI,Jain,Total,1125,597,528,380,331,49,18,14,4,4,3,1,727,252,475,43,11,32
Urban,State - DADRA & NAGAR HAVELI,Jain,5-9,93,49,44,0,0,0,0,0,0,0,0,0,93,49,44,1,0,1
Urban,State - DADRA & NAGAR HAVELI,Jain,10-14,96,58,38,1,1,0,0,0,0,0,0,0,95,57,38,1,0,1
Urban,State - DADRA & NAGAR HAVELI,Jain,15-19,88,55,33,1,1,0,0,0,0,0,0,0,87,54,33,6,4,2
Urban,State - DADRA & NAGAR HAVELI,Jain,20-24,87,36,51,22,15,7,3,3,0,1,1,0,62,18,44,10,3,7
Urban,State - DADRA & NAGAR HAVELI,Jain,25-29,100,52,48,59,48,11,2,2,0,0,0,0,39,2,37,12,2,10
Urban,State - DADRA & NAGAR HAVELI,Jain,30-34,98,49,49,51,47,4,1,0,1,0,0,0,46,2,44,6,0,6
Urban,State - DADRA & NAGAR HAVELI,Jain,35-39,140,67,73,76,64,12,4,1,3,2,1,1,60,2,58,3,1,2
Urban,State - DADRA & NAGAR HAVELI,Jain,40-49,164,88,76,92,83,9,4,4,0,1,1,0,68,1,67,2,0,2
Urban,State - DADRA & NAGAR HAVELI,Jain,50-59,91,50,41,46,42,4,3,3,0,0,0,0,42,5,37,2,1,1
Urban,State - DADRA & NAGAR HAVELI,Jain,60-69,52,29,23,24,22,2,0,0,0,0,0,0,28,7,21,0,0,0
Urban,State - DADRA & NAGAR HAVELI,Jain,70-79,21,14,7,5,5,0,1,1,0,0,0,0,15,8,7,0,0,0
Urban,State - DADRA & NAGAR HAVELI,Jain,80+,10,3,7,3,3,0,0,0,0,0,0,0,7,0,7,0,0,0
Urban,State - DADRA & NAGAR HAVELI,Jain,Age not stated,0,0,0,0,0,0,0,0,0,0,0,0,0,0,0,0,0,0
Urban,State - DADRA & NAGAR HAVELI,Jain,15-59,768,397,371,347,300,47,17,13,4,4,3,1,404,84,320,41,11,30
Urban,State - DADRA & NAGAR HAVELI,Jain,60+,83,46,37,32,30,2,1,1,0,0,0,0,50,15,35,0,0,0
Urban,State - DADRA & NAGAR HAVELI,Other religious communities,Total,194,84,110,35,24,11,2,2,0,0,0,0,157,58,99,2,1,1
Urban,State - DADRA & NAGAR HAVELI,Other religious communities,5-9,40,20,20,0,0,0,0,0,0,0,0,0,40,20,20,0,0,0
Urban,State - DADRA & NAGAR HAVELI,Other religious communities,10-14,23,15,8,1,0,1,0,0,0,0,0,0,22,15,7,0,0,0
Urban,State - DADRA & NAGAR HAVELI,Other religious communities,15-19,13,8,5,6,6,0,0,0,0,0,0,0,7,2,5,0,0,0
Urban,State - DADRA & NAGAR HAVELI,Other religious communities,20-24,18,5,13,5,3,2,1,1,0,0,0,0,12,1,11,1,1,0
Urban,State - DADRA & NAGAR HAVELI,Other religious communities,25-29,23,3,20,8,3,5,0,0,0,0,0,0,15,0,15,0,0,0
Urban,State - DADRA & NAGAR HAVELI,Other religious communities,30-34,19,4,15,6,4,2,0,0,0,0,0,0,13,0,13,1,0,1
Urban,State - DADRA & NAGAR HAVELI,Other religious communities,35-39,6,4,2,4,4,0,0,0,0,0,0,0,2,0,2,0,0,0
Urban,State - DADRA & NAGAR HAVELI,Other religious communities,40-49,9,3,6,4,3,1,0,0,0,0,0,0,5,0,5,0,0,0
Urban,State - DADRA & NAGAR HAVELI,Other religious communities,50-59,1,1,0,0,0,0,1,1,0,0,0,0,0,0,0,0,0,0
Urban,State - DADRA & NAGAR HAVELI,Other religious communities,60-69,2,1,1,1,1,0,0,0,0,0,0,0,1,0,1,0,0,0
Urban,State - DADRA & NAGAR HAVELI,Other religious communities,70-79,1,1,0,0,0,0,0,0,0,0,0,0,1,1,0,0,0,0
Urban,State - DADRA & NAGAR HAVELI,Other religious communities,80+,0,0,0,0,0,0,0,0,0,0,0,0,0,0,0,0,0,0
Urban,State - DADRA & NAGAR HAVELI,Other religious communities,Age not stated,0,0,0,0,0,0,0,0,0,0,0,0,0,0,0,0,0,0
Urban,State - DADRA & NAGAR HAVELI,Other religious communities,15-59,89,28,61,33,23,10,2,2,0,0,0,0,54,3,51,2,1,1
Urban,State - DADRA & NAGAR HAVELI,Other religious communities,60+,3,2,1,1,1,0,0,0,0,0,0,0,2,1,1,0,0,0
Total,State - MAHARASHTRA,All religious communities,Total,112374333,58243056,54131277,43762890,29989314,13773576,5664988,2627561,3037427,2131440,1223288,908152,62946455,25626181,37320274,3006601,1520858,1485743
Total,State - MAHARASHTRA,All religious communities,5-9,9820654,5178177,4642477,144895,79254,65641,69567,36395,33172,11422,6160,5262,9606192,5062528,4543664,50750,27059,23691
Total,State - MAHARASHTRA,All religious communities,10-14,10734535,5662261,5072274,352021,205007,147014,161449,81732,79717,35461,19722,15739,10221065,5375522,4845543,103853,59419,44434
Total,State - MAHARASHTRA,All religious communities,15-19,10627267,5710400,4916867,1961059,1291816,669243,521402,283895,237507,235688,146975,88713,8144806,4134689,4010117,760959,463695,297264
Total,State - MAHARASHTRA,All religious communities,20-24,11090966,5845114,5245852,4943198,3373488,1569710,835896,440676,395220,420594,266493,154101,5311872,2030950,3280922,981988,559207,422781
Total,State - MAHARASHTRA,All religious communities,25-29,10147113,5272560,4874553,6135190,4302204,1832986,744560,365646,378914,340046,205115,134931,3267363,604710,2662653,485339,216882,268457
Total,State - MAHARASHTRA,All religious communities,30-34,8796307,4536297,4260010,5817781,4035244,1782537,622590,276716,345874,258110,143044,115066,2355936,224337,2131599,204228,63858,140370
Total,State - MAHARASHTRA,All religious communities,35-39,8247160,4209434,4037726,5619512,3817066,1802446,579068,242015,337053,227479,120007,107472,2048580,150353,1898227,130478,32316,98162
Total,State - MAHARASHTRA,All religious communities,40-49,13228543,6861043,6367500,9060110,6230415,2829695,902431,371492,530939,315519,165825,149694,3266002,259136,3006866,133945,37022,96923
Total,State - MAHARASHTRA,All religious communities,50-59,8805131,4555120,4250011,5541969,3867306,1674663,579780,238093,341687,158978,83165,75813,2683382,449721,2233661,66635,24503,42132
Total,State - MAHARASHTRA,All religious communities,60-69,6720832,3156877,3563955,2922899,1882172,1040727,433573,177960,255613,90790,45161,45629,3364360,1096745,2267615,55907,22258,33649
Total,State - MAHARASHTRA,All religious communities,70-79,3205909,1554723,1651186,892071,644074,247997,153347,80918,72429,23812,13795,10017,2160491,829731,1330760,19241,8004,11237
Total,State - MAHARASHTRA,All religious communities,80+,1180194,542109,638085,216314,153376,62938,37506,20246,17260,6313,3669,2644,926374,368487,557887,6587,3088,3499
Total,State - MAHARASHTRA,All religious communities,Age not stated,407696,219312,188384,155871,107892,47979,23819,11777,12042,7228,4157,3071,228006,99643,128363,6691,3547,3144
Total,State - MAHARASHTRA,All religious communities,15-59,70942487,36989968,33952519,39078819,26917539,12161280,4785727,2218533,2567194,1956414,1130624,825790,27077941,7853896,19224045,2763572,1397483,1366089
Total,State - MAHARASHTRA,All religious communities,60+,11106935,5253709,5853226,4031284,2679622,1351662,624426,279124,345302,120915,62625,58290,6451225,2294963,4156262,81735,33350,48385
Total,State - MAHARASHTRA,Hindu,Total,89703057,46535862,43167195,36099955,24208265,11891690,4717784,2106703,2611081,1743824,977912,765912,48885318,20220894,28664424,2319514,1167851,1151663
Total,State - MAHARASHTRA,Hindu,5-9,7702101,4082387,3619714,116027,63399,52628,54974,28744,26230,8731,4695,4036,7531100,3990244,3540856,39258,20936,18322
Total,State - MAHARASHTRA,Hindu,10-14,8463509,4481936,3981573,283854,160657,123197,134295,67038,67257,28598,15528,13070,8045360,4254241,3791119,78370,44088,34282
Total,State - MAHARASHTRA,Hindu,15-19,8350861,4503049,3847812,1568786,993579,575207,433961,229123,204838,194752,118566,76186,6348114,3280347,3067767,587614,354974,232640
Total,State - MAHARASHTRA,Hindu,20-24,8744652,4608121,4136531,4020930,2660578,1360352,693432,352371,341061,347800,215997,131803,4030290,1595172,2435118,770413,438196,332217
Total,State - MAHARASHTRA,Hindu,25-29,8070876,4197436,3873440,5027654,3447256,1580398,615601,290491,325110,278762,164724,114038,2427621,459689,1967932,371769,165408,206361
Total,State - MAHARASHTRA,Hindu,30-34,7039800,3627454,3412346,4779643,3242913,1536730,515000,218429,296571,210246,113175,97071,1745157,166112,1579045,153527,46779,106748
Total,State - MAHARASHTRA,Hindu,35-39,6622483,3376646,3245837,4623774,3073760,1550014,479289,190873,288416,184774,94754,90020,1519420,112013,1407407,98142,23716,74426
Total,State - MAHARASHTRA,Hindu,40-49,10713916,5542286,5171630,7494899,5051060,2443839,753066,295376,457690,257151,131270,125881,2465951,195850,2270101,100856,27378,73478
Total,State - MAHARASHTRA,Hindu,50-59,7190791,3721209,3469582,4633807,3180476,1453331,489458,193227,296231,130026,66502,63524,2067526,347506,1720020,50605,18244,32361
Total,State - MAHARASHTRA,Hindu,60-69,5518206,2589428,2928778,2480026,1573529,906497,367571,146808,220763,73089,35681,37408,2670609,869091,1801518,43328,16810,26518
Total,State - MAHARASHTRA,Hindu,70-79,2659544,1292155,1367389,762482,547433,215049,130589,68260,62329,19145,10934,8211,1766473,676462,1090011,15343,6237,9106
Total,State - MAHARASHTRA,Hindu,80+,972854,449548,523306,181773,127711,54062,31541,16830,14711,5080,2873,2207,759540,305007,454533,5128,2364,2764
Total,State - MAHARASHTRA,Hindu,Age not stated,319291,170583,148708,126300,85914,40386,19007,9133,9874,5670,3213,2457,173984,75536,98448,5161,2721,2440
Total,State - MAHARASHTRA,Hindu,15-59,56733379,29576201,27157178,32149493,21649622,10499871,3979807,1769890,2209917,1603511,904988,698523,20604079,6156689,14447390,2132926,1074695,1058231
Total,State - MAHARASHTRA,Hindu,60+,9150604,4331131,4819473,3424281,2248673,1175608,529701,231898,297803,97314,49488,47826,5196622,1850560,3346062,63799,25411,38388
Total,State - MAHARASHTRA,Muslim,Total,12971152,6789127,6182025,4073102,3337225,735877,436188,268723,167465,160247,114768,45479,8461862,3183179,5278683,353498,188920,164578
Total,State - MAHARASHTRA,Muslim,5-9,1352717,696929,655788,17898,9869,8029,8498,4425,4073,1581,871,710,1326321,682635,643686,7085,3806,3279
Total,State - MAHARASHTRA,Muslim,10-14,1396802,726169,670633,45330,31021,14309,15595,8840,6755,4173,2703,1470,1335877,686308,649569,17137,10834,6303
Total,State - MAHARASHTRA,Muslim,15-19,1393588,744149,649439,271931,220852,51079,50707,34237,16470,22576,17022,5554,1070950,489060,581890,102742,67244,35498
Total,State - MAHARASHTRA,Muslim,20-24,1405507,755819,649688,570909,481502,89407,71663,49216,22447,32770,25288,7482,762935,225101,537834,104054,61908,42146
Total,State - MAHARASHTRA,Muslim,25-29,1195458,629837,565621,618964,520730,98234,60072,38731,21341,24589,18089,6500,516422,70376,446046,50562,22261,28301
Total,State - MAHARASHTRA,Muslim,30-34,987769,520889,466880,557034,460977,96057,48877,29571,19306,18510,13113,5397,381858,30341,351517,22661,7021,15640
Total,State - MAHARASHTRA,Muslim,35-39,892694,467495,425199,518820,421153,97667,44065,25203,18862,16101,10782,5319,329809,21139,308670,15616,3890,11726
Total,State - MAHARASHTRA,Muslim,40-49,1298428,701287,597141,768751,630208,138543,63256,36684,26572,21151,14443,6708,466421,34395,432026,16406,4582,11824
Total,State - MAHARASHTRA,Muslim,50-59,770944,405780,365164,408829,333390,75439,35494,20109,15385,9807,6616,3191,326621,52281,274340,7772,3068,4704
Total,State - MAHARASHTRA,Muslim,60-69,577666,278274,299392,205725,156857,48868,24893,13743,11150,6151,3899,2252,347048,107674,239374,6105,2652,3453
Total,State - MAHARASHTRA,Muslim,70-79,249248,123046,126202,57981,46119,11862,8365,5143,3222,1703,1154,549,182902,71784,111118,1868,877,991
Total,State - MAHARASHTRA,Muslim,80+,101719,46093,55626,17490,13795,3695,2660,1617,1043,578,404,174,81569,30681,50888,760,397,363
Total,State - MAHARASHTRA,Muslim,Age not stated,41692,22600,19092,13440,10752,2688,2043,1204,839,557,384,173,26209,10644,15565,730,380,350
Total,State - MAHARASHTRA,Muslim,15-59,7944388,4225256,3719132,3715238,3068812,646426,374134,233751,140383,145504,105353,40151,3855016,922693,2932323,319813,169974,149839
Total,State - MAHARASHTRA,Muslim,60+,928633,447413,481220,281196,216771,64425,35918,20503,15415,8432,5457,2975,611519,210139,401380,8733,3926,4807
Total,State - MAHARASHTRA,Christian,Total,1080073,531916,548157,418147,273367,144780,37141,19317,17824,10965,6612,4353,624785,239232,385553,34385,16784,17601
Total,State - MAHARASHTRA,Christian,5-9,68595,35215,33380,890,503,387,835,419,416,141,67,74,66870,34293,32577,466,241,225
Total,State - MAHARASHTRA,Christian,10-14,79640,40768,38872,1960,1150,810,1252,644,608,248,139,109,76428,38974,37454,805,428,377
Total,State - MAHARASHTRA,Christian,15-19,84439,42796,41643,7782,4925,2857,2421,1331,1090,944,579,365,74236,36540,37696,5802,3305,2497
Total,State - MAHARASHTRA,Christian,20-24,96034,47405,48629,36720,21423,15297,5052,2686,2366,2225,1336,889,54262,23296,30966,10471,5635,4836
Total,State - MAHARASHTRA,Christian,25-29,94564,46297,48267,58353,35780,22573,4805,2563,2242,1861,1114,747,31406,7954,23452,6172,2760,3412
Total,State - MAHARASHTRA,Christian,30-34,86373,42456,43917,56776,36851,19925,3952,2006,1946,1297,776,521,25645,3599,22046,3008,1066,1942
Total,State - MAHARASHTRA,Christian,35-39,85691,41840,43851,56693,37197,19496,3780,1883,1897,1150,670,480,25218,2760,22458,2128,720,1408
Total,State - MAHARASHTRA,Christian,40-49,160837,78405,82432,103544,69181,34363,6587,3358,3229,1743,1081,662,50706,5866,44840,2837,1180,1657
Total,State - MAHARASHTRA,Christian,50-59,125325,62276,63049,68882,48262,20620,4442,2405,2037,795,512,283,52001,11609,40392,1443,808,635
Total,State - MAHARASHTRA,Christian,60-69,79776,37696,42080,18288,12750,5538,2531,1262,1269,372,218,154,58957,23684,35273,867,446,421
Total,State - MAHARASHTRA,Christian,70-79,36895,16342,20553,4557,2997,1560,933,480,453,88,51,37,31405,12865,18540,206,111,95
Total,State - MAHARASHTRA,Christian,80+,14438,5830,8608,1794,1114,680,307,153,154,40,26,14,12337,4563,7774,90,35,55
Total,State - MAHARASHTRA,Christian,Age not stated,4720,2341,2379,1908,1234,674,244,127,117,61,43,18,2568,980,1588,90,49,41
Total,State - MAHARASHTRA,Christian,15-59,733263,361475,371788,388750,253619,135131,31039,16232,14807,10015,6068,3947,313474,91624,221850,31861,15474,16387
Total,State - MAHARASHTRA,Christian,60+,131109,59868,71241,24639,16861,7778,3771,1895,1876,500,295,205,102699,41112,61587,1163,592,571
Total,State - MAHARASHTRA,Sikh,Total,223247,118058,105189,80611,64209,16402,6781,3666,3115,1881,1155,726,135855,50183,85672,6120,2895,3225
Total,State - MAHARASHTRA,Sikh,5-9,16250,8788,7462,300,177,123,175,101,74,40,26,14,15775,8510,7265,99,52,47
Total,State - MAHARASHTRA,Sikh,10-14,17903,9654,8249,476,309,167,267,137,130,43,18,25,17160,9208,7952,156,89,67
Total,State - MAHARASHTRA,Sikh,15-19,18793,10253,8540,2134,1689,445,582,349,233,204,125,79,16077,8215,7862,1137,708,429
Total,State - MAHARASHTRA,Sikh,20-24,22242,12062,10180,8657,6618,2039,1040,608,432,429,274,155,12545,4836,7709,1973,1059,914
Total,State - MAHARASHTRA,Sikh,25-29,21847,11554,10293,12438,9515,2923,929,489,440,330,213,117,8480,1550,6930,1192,499,693
Total,State - MAHARASHTRA,Sikh,30-34,19398,10337,9061,11736,9246,2490,774,411,363,213,122,91,6888,680,6208,500,157,343
Total,State - MAHARASHTRA,Sikh,35-39,17300,8897,8403,10119,8034,2085,663,345,318,169,102,67,6518,518,6000,392,103,289
Total,State - MAHARASHTRA,Sikh,40-49,29036,14967,14069,16981,13714,3267,1009,494,515,220,128,92,11046,759,10287,334,84,250
Total,State - MAHARASHTRA,Sikh,50-59,20711,10830,9881,10931,9206,1725,645,353,292,106,65,41,9135,1271,7864,173,65,108
Total,State - MAHARASHTRA,Sikh,60-69,13790,7040,6750,4603,3885,718,389,205,184,69,44,25,8798,2950,5848,102,44,58
Total,State - MAHARASHTRA,Sikh,70-79,6151,3111,3040,1239,1055,184,139,81,58,15,9,6,4773,1975,2798,23,15,8
Total,State - MAHARASHTRA,Sikh,80+,2646,1275,1371,428,343,85,73,39,34,16,11,5,2145,893,1252,18,9,9
Total,State - MAHARASHTRA,Sikh,Age not stated,1442,798,644,569,418,151,96,54,42,27,18,9,777,326,451,21,11,10
Total,State - MAHARASHTRA,Sikh,15-59,149327,78900,70427,72996,58022,14974,5642,3049,2593,1671,1029,642,70689,17829,52860,5701,2675,3026
Total,State - MAHARASHTRA,Sikh,60+,22587,11426,11161,6270,5283,987,601,325,276,100,64,36,15716,5818,9898,143,68,75
Total,State - MAHARASHTRA,Buddhist,Total,6531200,3314906,3216294,2443719,1599350,844369,400300,196686,203614,192029,110670,81359,3687181,1518870,2168311,247782,123153,124629
Total,State - MAHARASHTRA,Buddhist,5-9,550061,284737,265324,7542,3978,3564,3729,1973,1756,661,344,317,538790,278786,260004,3151,1659,1492
Total,State - MAHARASHTRA,Buddhist,10-14,631789,326170,305619,16641,9529,7112,7950,4044,3906,1900,1085,815,607198,312597,294601,6281,3397,2884
Total,State - MAHARASHTRA,Buddhist,15-19,629336,330407,298929,96089,61472,34617,28357,16017,12340,14743,9296,5447,504890,252918,251972,55020,32308,22712
Total,State - MAHARASHTRA,Buddhist,20-24,662294,339231,323063,253619,166529,87090,55335,30886,24449,32824,20977,11847,353340,141816,211524,79627,44025,35602
Total,State - MAHARASHTRA,Buddhist,25-29,602142,305519,296623,330141,222789,107352,54597,28975,25622,31040,18932,12108,217404,53755,163649,47827,22804,25023
Total,State - MAHARASHTRA,Buddhist,30-34,512655,259768,252887,327169,218305,108864,46919,22981,23938,25391,14555,10836,138567,18482,120085,20993,7777,13216
Total,State - MAHARASHTRA,Buddhist,35-39,487847,244883,242964,329217,213913,115304,44660,20748,23912,23034,12585,10449,113970,10222,103748,11897,3298,8599
Total,State - MAHARASHTRA,Buddhist,40-49,773817,396946,376871,531280,350476,180804,67686,30771,36915,31921,17212,14709,174851,15699,159152,10942,3067,7875
Total,State - MAHARASHTRA,Buddhist,50-59,504078,256596,247482,317359,211252,106107,42344,18624,23720,16492,8611,7881,144375,26720,117655,5244,1880,3364
Total,State - MAHARASHTRA,Buddhist,60-69,396484,178577,217907,166492,95853,70639,33457,13714,19743,10248,4914,5334,196535,69010,127525,4415,1874,2541
Total,State - MAHARASHTRA,Buddhist,70-79,182401,85825,96576,50050,33313,16737,11490,5970,5520,2644,1537,1107,120861,46542,74319,1481,619,862
Total,State - MAHARASHTRA,Buddhist,80+,58459,26275,32184,10776,7175,3601,2326,1282,1044,520,309,211,45357,17818,27539,460,214,246
Total,State - MAHARASHTRA,Buddhist,Age not stated,19673,10346,9327,7344,4766,2578,1450,701,749,611,313,298,10879,4879,6000,444,231,213
Total,State - MAHARASHTRA,Buddhist,15-59,4172169,2133350,2038819,2184874,1444736,740138,339898,169002,170896,175445,102168,73277,1647397,519612,1127785,231550,115159,116391
Total,State - MAHARASHTRA,Buddhist,60+,637344,290677,346667,227318,136341,90977,47273,20966,26307,13412,6760,6652,362753,133370,229383,6356,2707,3649
Total,State - MAHARASHTRA,Jain,Total,1400349,713157,687192,484288,402933,81355,30586,15177,15409,5449,3245,2204,885475,295047,590428,30644,13378,17266
Total,State - MAHARASHTRA,Jain,5-9,89484,47941,41543,1060,583,477,720,395,325,117,79,38,87704,46963,40741,424,221,203
Total,State - MAHARASHTRA,Jain,10-14,100011,53660,46351,1689,1105,584,939,485,454,172,87,85,97383,52070,45313,671,366,305
Total,State - MAHARASHTRA,Jain,15-19,106508,56702,49806,5186,3853,1333,1704,949,755,526,325,201,99618,51900,47718,4912,2883,2029
Total,State - MAHARASHTRA,Jain,20-24,116781,59875,56906,33968,25346,8622,3815,2049,1766,1397,849,548,78998,32480,46518,11230,5893,5337
Total,State - MAHARASHTRA,Jain,25-29,124261,62081,62180,65764,51976,13788,3812,1971,1841,997,619,378,54685,8134,46551,5703,2108,3595
Total,State - MAHARASHTRA,Jain,30-34,117983,58915,59068,65283,53957,11326,3302,1557,1745,533,298,235,49398,3401,45997,2354,568,1786
Total,State - MAHARASHTRA,Jain,35-39,111502,54774,56728,61772,50923,10849,3079,1380,1699,445,247,198,46651,2471,44180,1567,275,1292
Total,State - MAHARASHTRA,Jain,40-49,204288,102918,101370,113231,95888,17343,5330,2435,2895,641,395,246,85727,4595,81132,1783,381,1402
Total,State - MAHARASHTRA,Jain,50-59,158905,81295,77610,81625,71396,10229,3870,1858,2012,346,199,147,73410,8041,65369,974,269,705
Total,State - MAHARASHTRA,Jain,60-69,106834,52985,53849,37315,32823,4492,2365,1200,1165,171,90,81,67154,18962,48192,659,239,420
Total,State - MAHARASHTRA,Jain,70-79,55595,26961,28634,12269,10826,1443,1088,607,481,50,24,26,42238,15528,26710,195,94,101
Total,State - MAHARASHTRA,Jain,80+,22336,9654,12682,3040,2573,467,340,189,151,25,18,7,18956,6892,12064,99,48,51
Total,State - MAHARASHTRA,Jain,Age not stated,5872,3024,2848,2086,1684,402,222,102,120,29,15,14,3564,1238,2326,73,33,40
Total,State - MAHARASHTRA,Jain,15-59,940228,476560,463668,426829,353339,73490,24912,12199,12713,4885,2932,1953,488487,111022,377465,28523,12377,16146
Total,State - MAHARASHTRA,Jain,60+,184765,89600,95165,52624,46222,6402,3793,1996,1797,246,132,114,128348,41382,86966,953,381,572
Total,State - MAHARASHTRA,Other religious communities,Total,178965,89823,89142,68170,42525,25645,18838,8647,10191,10418,5167,5251,91957,38651,53306,4697,2294,2403
Total,State - MAHARASHTRA,Other religious communities,5-9,13562,6960,6602,233,129,104,175,91,84,21,11,10,13154,6740,6414,95,53,42
Total,State - MAHARASHTRA,Other religious communities,10-14,15084,7684,7400,615,352,263,451,207,244,130,70,60,14018,7125,6893,174,84,90
Total,State - MAHARASHTRA,Other religious communities,15-19,15419,7926,7493,3098,1748,1350,1953,957,996,1211,635,576,10368,5221,5147,1276,718,558
Total,State - MAHARASHTRA,Other religious communities,20-24,15553,7984,7569,6641,4035,2606,2961,1430,1531,1903,996,907,5951,2519,3432,1334,730,604
Total,State - MAHARASHTRA,Other religious communities,25-29,14213,7326,6887,8603,5290,3313,2384,1188,1196,1473,812,661,3226,848,2378,622,279,343
Total,State - MAHARASHTRA,Other religious communities,30-34,12653,6387,6266,8282,5151,3131,1956,874,1082,1188,580,608,2415,362,2053,329,102,227
Total,State - MAHARASHTRA,Other religious communities,35-39,12336,6216,6120,8269,5135,3134,1908,829,1079,1139,527,612,2159,252,1907,206,60,146
Total,State - MAHARASHTRA,Other religious communities,40-49,21872,11072,10800,14850,9252,5598,3104,1322,1782,1802,823,979,3918,498,3420,246,82,164
Total,State - MAHARASHTRA,Other religious communities,50-59,17173,8657,8516,10431,6759,3672,2049,878,1171,941,423,518,4693,1020,3673,163,74,89
Total,State - MAHARASHTRA,Other religious communities,60-69,14428,6828,7600,4838,3125,1713,1301,580,721,452,213,239,8289,3123,5166,174,73,101
Total,State - MAHARASHTRA,Other religious communities,70-79,9261,4241,5020,1620,1100,520,401,195,206,97,48,49,7240,2946,4294,55,22,33
Total,State - MAHARASHTRA,Other religious communities,80+,4695,2061,2634,446,299,147,126,64,62,22,10,12,4123,1698,2425,15,12,3
Total,State - MAHARASHTRA,Other religious communities,Age not stated,640,314,326,244,150,94,69,32,37,39,19,20,327,132,195,8,5,3
Total,State - MAHARASHTRA,Other religious communities,15-59,109219,55568,53651,60174,37370,22804,16315,7478,8837,9657,4796,4861,32730,10720,22010,4176,2045,2131
Total,State - MAHARASHTRA,Other religious communities,60+,28384,13130,15254,6904,4524,2380,1828,839,989,571,271,300,19652,7767,11885,244,107,137
Rural,State - MAHARASHTRA,All religious communities,Total,61556074,31539034,30017040,26510066,16188697,10321369,4140805,1698374,2442431,1623400,880503,742897,30905203,13651963,17253240,1424317,742778,681539
Rural,State - MAHARASHTRA,All religious communities,5-9,5650613,2971867,2678746,95562,51182,44380,36326,18739,17587,5280,2836,2444,5518725,2901946,2616779,27099,14280,12819
Rural,State - MAHARASHTRA,All religious communities,10-14,6256057,3288156,2967901,244021,131918,112103,113195,54923,58272,23968,12819,11149,5898841,3101315,2797526,56676,31410,25266
Rural,State - MAHARASHTRA,All religious communities,15-19,5979665,3209224,2770441,1353818,803856,549962,394149,199166,194983,182284,109027,73257,4231698,2206202,2025496,439015,265275,173740
Rural,State - MAHARASHTRA,All religious communities,20-24,5764844,3018199,2746645,3048594,1855102,1193492,601322,284453,316869,315871,191920,123951,2114928,878644,1236284,461393,272037,189356
Rural,State - MAHARASHTRA,All religious communities,25-29,5025278,2589352,2435926,3433818,2145897,1287921,517874,220846,297028,250852,143230,107622,1073586,222609,850977,186702,86864,99838
Rural,State - MAHARASHTRA,All religious communities,30-34,4395201,2218757,2176444,3249590,1977955,1271635,436362,164947,271415,193431,99962,93469,709249,75855,633394,73814,22342,51472
Rural,State - MAHARASHTRA,All religious communities,35-39,4223357,2111275,2112082,3212002,1913633,1298369,411318,146473,264845,172665,84942,87723,600037,51169,548868,47617,11135,36482
Rural,State - MAHARASHTRA,All religious communities,40-49,6930697,3532093,3398604,5290037,3209856,2080181,660239,232053,428186,246230,120563,125667,980421,90184,890237,52907,13103,39804
Rural,State - MAHARASHTRA,All religious communities,50-59,4737084,2383925,2353159,3378696,2090766,1287930,442623,156502,286121,128416,63045,65371,915765,136657,779108,29889,8546,21343
Rural,State - MAHARASHTRA,All religious communities,60-69,4164255,1890899,2273356,2251816,1350056,901760,356459,133525,222934,75048,35607,39441,1555980,407318,1148662,30620,9927,20693
Rural,State - MAHARASHTRA,All religious communities,70-79,2075944,1008945,1066999,715946,503717,212229,127651,65369,62282,19659,11186,8473,1232347,439859,792488,12158,4635,7523
Rural,State - MAHARASHTRA,All religious communities,80+,729341,339248,390093,150425,101888,48537,28372,14923,13449,4690,2651,2039,550544,222437,328107,3537,1672,1865
Rural,State - MAHARASHTRA,All religious communities,Age not stated,205929,108723,97206,85741,52871,32870,14915,6455,8460,5006,2715,2291,105273,49397,55876,2890,1552,1338
Rural,State - MAHARASHTRA,All religious communities,15-59,37056126,19062825,17993301,22966555,13997065,8969490,3463887,1404440,2059447,1489749,812689,677060,10625684,3661320,6964364,1291337,679302,612035
Rural,State - MAHARASHTRA,All religious communities,60+,6969540,3239092,3730448,3118187,1955661,1162526,512482,213817,298665,99397,49444,49953,3338871,1069614,2269257,46315,16234,30081
Rural,State - MAHARASHTRA,Hindu,Total,53986028,27674324,26311704,23557389,14296069,9261320,3641968,1465920,2176048,1394593,748886,645707,26786671,11912335,14874336,1219442,638163,581279
Rural,State - MAHARASHTRA,Hindu,5-9,4923128,2596364,2326764,84005,44988,39017,32077,16535,15542,4597,2472,2125,4807046,2534841,2272205,23526,12414,11112
Rural,State - MAHARASHTRA,Hindu,10-14,5449901,2870082,2579819,214690,115205,99485,101520,49030,52490,21154,11203,9951,5133691,2705847,2427844,48888,27065,21823
Rural,State - MAHARASHTRA,Hindu,15-19,5204662,2798212,2406450,1183019,693251,489768,349776,174640,175136,160116,94709,65407,3671867,1930321,1741546,378880,229279,149601
Rural,State - MAHARASHTRA,Hindu,20-24,5034584,2633212,2401372,2697776,1623544,1074232,529712,245985,283727,274984,165569,109415,1807096,763683,1043413,397952,235443,162509
Rural,State - MAHARASHTRA,Hindu,25-29,4407888,2271887,2136001,3051269,1892875,1158394,454161,189600,264561,216070,122269,93801,902458,189412,713046,157394,73253,84141
Rural,State - MAHARASHTRA,Hindu,30-34,3862253,1949146,1913107,2886489,1744666,1141823,381646,140477,241169,165046,84007,81039,594118,64003,530115,61284,18389,42895
Rural,State - MAHARASHTRA,Hindu,35-39,3714659,1856100,1858559,2851519,1687912,1163607,359718,124618,235100,147029,71287,75742,503422,43570,459852,39627,9240,30387
Rural,State - MAHARASHTRA,Hindu,40-49,6126870,3116036,3010834,4710837,2840272,1870565,580373,198496,381877,209848,101317,108531,835660,77268,758392,44664,10910,33754
Rural,State - MAHARASHTRA,Hindu,50-59,4207646,2118010,2089636,3024629,1865042,1159587,390601,135258,255343,109020,53054,55966,792416,117710,674706,25246,7093,18153
Rural,State - MAHARASHTRA,Hindu,60-69,3677600,1672695,2004905,2006683,1203044,803639,312603,115650,196953,62418,29423,32995,1358314,354001,1004313,26066,8368,17698
Rural,State - MAHARASHTRA,Hindu,70-79,1835784,892798,942986,637362,448660,188702,111962,57099,54863,16226,9149,7077,1086460,387039,699421,10390,3931,6459
Rural,State - MAHARASHTRA,Hindu,80+,646437,301072,345365,134184,90720,43464,25002,13067,11935,3959,2200,1759,487251,197285,289966,3035,1438,1597
Rural,State - MAHARASHTRA,Hindu,Age not stated,176832,92920,83912,74927,45890,29037,12817,5465,7352,4126,2227,1899,89088,41565,47523,2490,1340,1150
Rural,State - MAHARASHTRA,Hindu,15-59,32558562,16742603,15815959,20405538,12347562,8057976,3045987,1209074,1836913,1282113,692212,589901,9107037,3185967,5921070,1105047,583607,521440
Rural,State - MAHARASHTRA,Hindu,60+,6159821,2866565,3293256,2778229,1742424,1035805,449567,185816,263751,82603,40772,41831,2932025,938325,1993700,39491,13737,25754
Rural,State - MAHARASHTRA,Muslim,Total,3496807,1785117,1711690,1246700,862203,384497,173367,87959,85408,70929,45880,25049,2076740,834955,1241785,84558,42820,41738
Rural,State - MAHARASHTRA,Muslim,5-9,374514,192812,181702,5421,2881,2540,1961,1006,955,296,157,139,367132,188925,178207,1724,906,818
Rural,State - MAHARASHTRA,Muslim,10-14,397968,206373,191595,15866,9266,6600,5520,2906,2614,1422,890,532,376582,194201,182381,4143,2420,1723
Rural,State - MAHARASHTRA,Muslim,15-19,378301,198981,179320,93080,63696,29384,20347,11798,8549,9640,6745,2895,264874,123487,141387,26266,16103,10163
Rural,State - MAHARASHTRA,Muslim,20-24,344663,181136,163527,166520,119763,46757,26629,15484,11145,13549,9717,3832,151514,45889,105625,24396,14139,10257
Rural,State - MAHARASHTRA,Muslim,25-29,281491,143076,138415,167176,119635,47541,22027,11435,10592,10446,6886,3560,92288,12006,80282,10701,4436,6265
Rural,State - MAHARASHTRA,Muslim,30-34,241822,121408,120414,155176,107280,47896,18804,9054,9750,8404,5276,3128,67842,5074,62768,5022,1331,3691
Rural,State - MAHARASHTRA,Muslim,35-39,225366,112406,112960,149790,100956,48834,17336,7852,9484,7392,4395,2997,58240,3598,54642,3633,778,2855
Rural,State - MAHARASHTRA,Muslim,40-49,337200,175401,161799,228151,157624,70527,25621,11695,13926,9932,5960,3972,83428,6082,77346,3818,975,2843
Rural,State - MAHARASHTRA,Muslim,50-59,212976,107029,105947,132205,90880,41325,15685,7085,8600,4929,2937,1992,65086,9064,56022,2022,656,1366
Rural,State - MAHARASHTRA,Muslim,60-69,196585,89930,106655,92974,60644,32330,12885,5978,6907,3374,1926,1448,90726,23308,67418,1783,621,1162
Rural,State - MAHARASHTRA,Muslim,70-79,94198,46476,47722,29474,21925,7549,4662,2663,1999,1024,658,366,60062,21888,38174,680,279,401
Rural,State - MAHARASHTRA,Muslim,80+,37014,16870,20144,6900,4949,1951,1223,678,545,285,189,96,28891,11243,17648,224,106,118
Rural,State - MAHARASHTRA,Muslim,Age not stated,11166,5847,5319,3967,2704,1263,667,325,342,236,144,92,6532,2818,3714,146,70,76
Rural,State - MAHARASHTRA,Muslim,15-59,2021819,1039437,982382,1092098,759834,332264,146449,74403,72046,64292,41916,22376,783272,205200,578072,75858,38418,37440
Rural,State - MAHARASHTRA,Muslim,60+,327797,153276,174521,129348,87518,41830,18770,9319,9451,4683,2773,1910,179679,56439,123240,2687,1006,1681
Rural,State - MAHARASHTRA,Christian,Total,114972,58022,56950,45842,28994,16848,8377,3998,4379,3417,1950,1467,60753,25030,35723,4250,1985,2265
Rural,State - MAHARASHTRA,Christian,5-9,9076,4668,4408,162,92,70,75,40,35,10,4,6,8839,4536,4303,60,21,39
Rural,State - MAHARASHTRA,Christian,10-14,10345,5356,4989,382,211,171,173,79,94,45,22,23,9790,5066,4724,114,63,51
Rural,State - MAHARASHTRA,Christian,15-19,10419,5418,5001,1779,1102,677,572,323,249,293,196,97,8068,3993,4075,984,558,426
Rural,State - MAHARASHTRA,Christian,20-24,10551,5372,5179,4504,2793,1711,1132,577,555,639,381,258,4915,2002,2913,1289,674,615
Rural,State - MAHARASHTRA,Christian,25-29,9562,4815,4747,5755,3648,2107,1014,504,510,536,308,228,2793,663,2130,674,285,389
Rural,State - MAHARASHTRA,Christian,30-34,8840,4418,4422,5837,3707,2130,918,419,499,412,225,187,2085,292,1793,343,98,245
Rural,State - MAHARASHTRA,Christian,35-39,8412,4204,4208,5812,3622,2190,879,384,495,377,200,177,1721,198,1523,246,76,170
Rural,State - MAHARASHTRA,Christian,40-49,15087,7654,7433,10364,6556,3808,1589,716,873,594,323,271,3134,382,2752,253,81,172
Rural,State - MAHARASHTRA,Christian,50-59,10521,5385,5136,6519,4297,2222,963,468,495,288,164,124,3039,620,2419,115,46,69
Rural,State - MAHARASHTRA,Christian,60-69,7944,3720,4224,3287,2029,1258,687,302,385,153,81,72,3970,1389,2581,116,53,63
Rural,State - MAHARASHTRA,Christian,70-79,3762,1705,2057,949,628,321,267,128,139,38,23,15,2546,949,1597,34,18,16
Rural,State - MAHARASHTRA,Christian,80+,1334,591,743,266,174,92,62,32,30,11,7,4,1006,385,621,8,3,5
Rural,State - MAHARASHTRA,Christian,Age not stated,520,273,247,226,135,91,46,26,20,21,16,5,248,112,136,14,9,5
Rural,State - MAHARASHTRA,Christian,15-59,73392,37266,36126,40570,25725,14845,7067,3391,3676,3139,1797,1342,25755,8150,17605,3904,1818,2086
Rural,State - MAHARASHTRA,Christian,60+,13040,6016,7024,4502,2831,1671,1016,462,554,202,111,91,7522,2723,4799,158,74,84
Rural,State - MAHARASHTRA,Sikh,Total,26450,13987,12463,10222,7115,3107,1749,781,968,639,369,270,14479,6091,8388,713,344,369
Rural,State - MAHARASHTRA,Sikh,5-9,2398,1194,1204,56,31,25,34,16,18,9,4,5,2308,1147,1161,13,5,8
Rural,State - MAHARASHTRA,Sikh,10-14,2535,1366,1169,118,74,44,49,21,28,13,2,11,2368,1271,1097,27,16,11
Rural,State - MAHARASHTRA,Sikh,15-19,2444,1379,1065,473,327,146,173,103,70,60,40,20,1798,949,849,202,121,81
Rural,State - MAHARASHTRA,Sikh,20-24,2546,1360,1186,1182,831,351,286,138,148,137,77,60,1078,391,687,210,115,95
Rural,State - MAHARASHTRA,Sikh,25-29,2319,1193,1126,1384,973,411,235,106,129,111,74,37,700,114,586,114,45,69
Rural,State - MAHARASHTRA,Sikh,30-34,1992,1059,933,1316,925,391,197,81,116,75,39,36,479,53,426,44,19,25
Rural,State - MAHARASHTRA,Sikh,35-39,1796,972,824,1234,868,366,159,68,91,60,42,18,403,36,367,32,5,27
Rural,State - MAHARASHTRA,Sikh,40-49,2849,1487,1362,1952,1345,607,251,95,156,74,38,36,646,47,599,28,5,23
Rural,State - MAHARASHTRA,Sikh,50-59,1882,1025,857,1236,883,353,147,61,86,40,19,21,499,81,418,16,4,12
Rural,State - MAHARASHTRA,Sikh,60-69,1476,730,746,748,498,250,112,42,70,30,15,15,616,190,426,16,3,13
Rural,State - MAHARASHTRA,Sikh,70-79,709,363,346,258,192,66,44,21,23,8,5,3,407,150,257,6,4,2
Rural,State - MAHARASHTRA,Sikh,80+,309,143,166,85,57,28,24,12,12,8,6,2,200,74,126,2,0,2
Rural,State - MAHARASHTRA,Sikh,Age not stated,464,236,228,180,111,69,38,17,21,14,8,6,246,108,138,3,2,1
Rural,State - MAHARASHTRA,Sikh,15-59,15828,8475,7353,8777,6152,2625,1448,652,796,557,329,228,5603,1671,3932,646,314,332
Rural,State - MAHARASHTRA,Sikh,60+,2494,1236,1258,1091,747,344,180,75,105,46,26,20,1223,414,809,24,7,17
Rural,State - MAHARASHTRA,Buddhist,Total,3412078,1737963,1674115,1452403,857486,594917,277941,123479,154462,137437,74846,62591,1681734,756998,924736,101540,52541,48999
Rural,State - MAHARASHTRA,Buddhist,5-9,299095,153921,145174,4863,2525,2338,1751,920,831,285,156,129,292481,150476,142005,1560,813,747
Rural,State - MAHARASHTRA,Buddhist,10-14,346937,178708,168229,11070,6060,5010,4970,2432,2538,1076,578,498,330897,170216,160681,3145,1658,1487
Rural,State - MAHARASHTRA,Buddhist,15-19,335649,179369,156280,67033,40404,26629,19862,10586,9276,10402,6356,4046,248754,128379,120375,29031,17023,12008
Rural,State - MAHARASHTRA,Buddhist,20-24,324969,172469,152500,159366,95527,63839,38095,19611,18484,23448,14427,9021,127508,57331,70177,32943,19039,13904
Rural,State - MAHARASHTRA,Buddhist,25-29,281695,146231,135464,183570,111468,72102,35708,16966,18742,21256,12281,8975,62417,17797,44620,15841,7913,7928
Rural,State - MAHARASHTRA,Buddhist,30-34,243560,123933,119627,177522,105211,72311,30868,13303,17565,17616,9433,8183,35170,5419,29751,6237,2270,3967
Rural,State - MAHARASHTRA,Buddhist,35-39,237475,119691,117784,180515,104592,75923,29475,12099,17376,16085,8195,7890,27485,3000,24485,3523,893,2630
Rural,State - MAHARASHTRA,Buddhist,40-49,385824,199222,186602,297460,175422,122038,46293,18689,27604,23171,11661,11510,42071,5111,36960,3555,975,2580
Rural,State - MAHARASHTRA,Buddhist,50-59,259220,129318,129902,186266,109499,76767,31128,12091,19037,12721,6219,6502,41826,7728,34098,2100,651,1449
Rural,State - MAHARASHTRA,Buddhist,60-69,245074,107176,137898,131382,71963,59419,27374,10439,16935,8380,3846,4534,86318,24774,61544,2290,762,1528
Rural,State - MAHARASHTRA,Buddhist,70-79,122370,58519,63851,41702,27473,14229,9750,4978,4772,2202,1269,933,70918,26068,44850,934,357,577
Rural,State - MAHARASHTRA,Buddhist,80+,36637,17138,19499,7563,4924,2639,1786,986,800,369,214,155,27288,11228,16060,220,103,117
Rural,State - MAHARASHTRA,Buddhist,Age not stated,9696,5100,4596,4091,2418,1673,881,379,502,426,211,215,4724,2303,2421,161,84,77
Rural,State - MAHARASHTRA,Buddhist,15-59,2068392,1070233,998159,1251732,742123,509609,231429,103345,128084,124699,68572,56127,585231,224765,360466,93230,48764,44466
Rural,State - MAHARASHTRA,Buddhist,60+,404081,182833,221248,180647,104360,76287,38910,16403,22507,10951,5329,5622,184524,62070,122454,3444,1222,2222
Rural,State - MAHARASHTRA,Jain,Total,269959,140476,129483,99645,79097,20548,9863,3782,6081,1865,1174,691,160451,57597,102854,7155,3421,3734
Rural,State - MAHARASHTRA,Jain,5-9,17818,9889,7929,232,142,90,111,65,46,9,8,1,17475,9682,7793,74,42,32
Rural,State - MAHARASHTRA,Jain,10-14,20838,11656,9182,406,244,162,196,107,89,25,11,14,20236,11305,8931,143,80,63
Rural,State - MAHARASHTRA,Jain,15-19,22311,12283,10028,1732,1344,388,533,294,239,156,113,43,20046,10645,9401,1425,883,542
Rural,State - MAHARASHTRA,Jain,20-24,24369,12808,11561,7600,5999,1601,1182,589,593,466,320,146,15587,6220,9367,2778,1528,1250
Rural,State - MAHARASHTRA,Jain,25-29,22952,12000,10952,12224,9849,2375,1195,528,667,342,241,101,9533,1623,7910,1180,523,657
Rural,State - MAHARASHTRA,Jain,30-34,20238,10309,9929,11859,9388,2471,1077,350,727,212,127,85,7302,571,6731,493,115,378
Rural,State - MAHARASHTRA,Jain,35-39,19917,9845,10072,11885,9104,2781,1070,307,763,176,91,85,6962,434,6528,311,59,252
Rural,State - MAHARASHTRA,Jain,40-49,37093,19012,18081,22642,17724,4918,1770,556,1214,235,140,95,12681,732,11949,330,58,272
Rural,State - MAHARASHTRA,Jain,50-59,27561,14376,13185,16125,13052,3073,1276,415,861,141,75,66,10160,909,9251,180,39,141
Rural,State - MAHARASHTRA,Jain,60-69,21601,10357,11244,9716,7832,1884,888,308,580,66,26,40,10997,2217,8780,142,48,94
Rural,State - MAHARASHTRA,Jain,70-79,12340,6001,6339,3955,3379,576,402,192,210,19,9,10,7983,2430,5553,47,24,23
Rural,State - MAHARASHTRA,Jain,80+,5148,2323,2825,894,747,147,114,60,54,14,11,3,4140,1516,2624,35,15,20
Rural,State - MAHARASHTRA,Jain,Age not stated,1017,502,515,375,293,82,49,11,38,4,2,2,593,198,395,17,7,10
Rural,State - MAHARASHTRA,Jain,15-59,174441,90633,83808,84067,66460,17607,8103,3039,5064,1728,1107,621,82271,21134,61137,6697,3205,3492
Rural,State - MAHARASHTRA,Jain,60+,39089,18681,20408,14565,11958,2607,1404,560,844,99,46,53,23120,6163,16957,224,87,137
Rural,State - MAHARASHTRA,Other religious communities,Total,93647,47080,46567,36894,21312,15582,16054,7137,8917,9687,4738,4949,40699,18631,22068,2374,1125,1249
Rural,State - MAHARASHTRA,Other religious communities,5-9,8980,4469,4511,175,92,83,117,59,58,12,6,6,8688,4318,4370,39,24,15
Rural,State - MAHARASHTRA,Other religious communities,10-14,9988,5084,4904,450,260,190,362,166,196,104,58,46,9176,4658,4518,70,32,38
Rural,State - MAHARASHTRA,Other religious communities,15-19,9870,5040,4830,2451,1326,1125,1742,833,909,1123,581,542,5677,2881,2796,920,502,418
Rural,State - MAHARASHTRA,Other religious communities,20-24,9102,4625,4477,4350,2474,1876,2603,1218,1385,1775,911,864,2149,933,1216,615,350,265
Rural,State - MAHARASHTRA,Other religious communities,25-29,7614,3938,3676,4631,2705,1926,2041,984,1057,1376,747,629,942,249,693,265,117,148
Rural,State - MAHARASHTRA,Other religious communities,30-34,6521,3257,3264,4292,2460,1832,1668,714,954,1111,535,576,561,83,478,134,28,106
Rural,State - MAHARASHTRA,Other religious communities,35-39,6486,3283,3203,4418,2532,1886,1624,693,931,1043,478,565,444,58,386,78,16,62
Rural,State - MAHARASHTRA,Other religious communities,40-49,11135,5623,5512,7739,4407,3332,2694,1112,1582,1686,760,926,702,104,598,82,17,65
Rural,State - MAHARASHTRA,Other religious communities,50-59,7338,3728,3610,4830,2913,1917,1738,692,1046,888,387,501,770,123,647,68,12,56
Rural,State - MAHARASHTRA,Other religious communities,60-69,5245,2403,2842,2563,1504,1059,1055,459,596,427,205,222,1627,440,1187,65,15,50
Rural,State - MAHARASHTRA,Other religious communities,70-79,2382,1067,1315,735,488,247,281,139,142,85,42,43,1366,440,926,29,7,22
Rural,State - MAHARASHTRA,Other religious communities,80+,676,316,360,138,85,53,75,44,31,20,10,10,463,187,276,4,2,2
Rural,State - MAHARASHTRA,Other religious communities,Age not stated,312,151,161,122,66,56,54,24,30,37,18,19,136,61,75,5,3,2
Rural,State - MAHARASHTRA,Other religious communities,15-59,58066,29494,28572,32711,18817,13894,14110,6246,7864,9002,4399,4603,11245,4431,6814,2162,1042,1120
Rural,State - MAHARASHTRA,Other religious communities,60+,8303,3786,4517,3436,2077,1359,1411,642,769,532,257,275,3456,1067,2389,98,24,74
Urban,State - MAHARASHTRA,All religious communities,Total,50818259,26704022,24114237,17252824,13800617,3452207,1524183,929187,594996,508040,342785,165255,32041252,11974218,20067034,1582284,778080,804204
Urban,State - MAHARASHTRA,All religious communities,5-9,4170041,2206310,1963731,49333,28072,21261,33241,17656,15585,6142,3324,2818,4087467,2160582,1926885,23651,12779,10872
Urban,State - MAHARASHTRA,All religious communities,10-14,4478478,2374105,2104373,108000,73089,34911,48254,26809,21445,11493,6903,4590,4322224,2274207,2048017,47177,28009,19168
Urban,State - MAHARASHTRA,All religious communities,15-19,4647602,2501176,2146426,607241,487960,119281,127253,84729,42524,53404,37948,15456,3913108,1928487,1984621,321944,198420,123524
Urban,State - MAHARASHTRA,All religious communities,20-24,5326122,2826915,2499207,1894604,1518386,376218,234574,156223,78351,104723,74573,30150,3196944,1152306,2044638,520595,287170,233425
Urban,State - MAHARASHTRA,All religious communities,25-29,5121835,2683208,2438627,2701372,2156307,545065,226686,144800,81886,89194,61885,27309,2193777,382101,1811676,298637,130018,168619
Urban,State - MAHARASHTRA,All religious communities,30-34,4401106,2317540,2083566,2568191,2057289,510902,186228,111769,74459,64679,43082,21597,1646687,148482,1498205,130414,41516,88898
Urban,State - MAHARASHTRA,All religious communities,35-39,4023803,2098159,1925644,2407510,1903433,504077,167750,95542,72208,54814,35065,19749,1448543,99184,1349359,82861,21181,61680
Urban,State - MAHARASHTRA,All religious communities,40-49,6297846,3328950,2968896,3770073,3020559,749514,242192,139439,102753,69289,45262,24027,2285581,168952,2116629,81038,23919,57119
Urban,State - MAHARASHTRA,All religious communities,50-59,4068047,2171195,1896852,2163273,1776540,386733,137157,81591,55566,30562,20120,10442,1767617,313064,1454553,36746,15957,20789
Urban,State - MAHARASHTRA,All religious communities,60-69,2556577,1265978,1290599,671083,532116,138967,77114,44435,32679,15742,9554,6188,1808380,689427,1118953,25287,12331,12956
Urban,State - MAHARASHTRA,All religious communities,70-79,1129965,545778,584187,176125,140357,35768,25696,15549,10147,4153,2609,1544,928144,389872,538272,7083,3369,3714
Urban,State - MAHARASHTRA,All religious communities,80+,450853,202861,247992,65889,51488,14401,9134,5323,3811,1623,1018,605,375830,146050,229780,3050,1416,1634
Urban,State - MAHARASHTRA,All religious communities,Age not stated,201767,110589,91178,70130,55021,15109,8904,5322,3582,2222,1442,780,122733,50246,72487,3801,1995,1806
Urban,State - MAHARASHTRA,All religious communities,15-59,33886361,17927143,15959218,16112264,12920474,3191790,1321840,814093,507747,466665,317935,148730,16452257,4192576,12259681,1472235,718181,754054
Urban,State - MAHARASHTRA,All religious communities,60+,4137395,2014617,2122778,913097,723961,189136,111944,65307,46637,21518,13181,8337,3112354,1225349,1887005,35420,17116,18304
Urban,State - MAHARASHTRA,Hindu,Total,35717029,18861538,16855491,12542566,9912196,2630370,1075816,640783,435033,349231,229026,120205,22098647,8308559,13790088,1100072,529688,570384
Urban,State - MAHARASHTRA,Hindu,5-9,2778973,1486023,1292950,32022,18411,13611,22897,12209,10688,4134,2223,1911,2724054,1455403,1268651,15732,8522,7210
Urban,State - MAHARASHTRA,Hindu,10-14,3013608,1611854,1401754,69164,45452,23712,32775,18008,14767,7444,4325,3119,2911669,1548394,1363275,29482,17023,12459
Urban,State - MAHARASHTRA,Hindu,15-19,3146199,1704837,1441362,385767,300328,85439,84185,54483,29702,34636,23857,10779,2676247,1350026,1326221,208734,125695,83039
Urban,State - MAHARASHTRA,Hindu,20-24,3710068,1974909,1735159,1323154,1037034,286120,163720,106386,57334,72816,50428,22388,2223194,831489,1391705,372461,202753,169708
Urban,State - MAHARASHTRA,Hindu,25-29,3662988,1925549,1737439,1976385,1554381,422004,161440,100891,60549,62692,42455,20237,1525163,270277,1254886,214375,92155,122220
Urban,State - MAHARASHTRA,Hindu,30-34,3177547,1678308,1499239,1893154,1498247,394907,133354,77952,55402,45200,29168,16032,1151039,102109,1048930,92243,28390,63853
Urban,State - MAHARASHTRA,Hindu,35-39,2907824,1520546,1387278,1772255,1385848,386407,119571,66255,53316,37745,23467,14278,1015998,68443,947555,58515,14476,44039
Urban,State - MAHARASHTRA,Hindu,40-49,4587046,2426250,2160796,2784062,2210788,573274,172693,96880,75813,47303,29953,17350,1630291,118582,1511709,56192,16468,39724
Urban,State - MAHARASHTRA,Hindu,50-59,2983145,1603199,1379946,1609178,1315434,293744,98857,57969,40888,21006,13448,7558,1275110,229796,1045314,25359,11151,14208
Urban,State - MAHARASHTRA,Hindu,60-69,1840606,916733,923873,473343,370485,102858,54968,31158,23810,10671,6258,4413,1312295,515090,797205,17262,8442,8820
Urban,State - MAHARASHTRA,Hindu,70-79,823760,399357,424403,125120,98773,26347,18627,11161,7466,2919,1785,1134,680013,289423,390590,4953,2306,2647
Urban,State - MAHARASHTRA,Hindu,80+,326417,148476,177941,47589,36991,10598,6539,3763,2776,1121,673,448,272289,107722,164567,2093,926,1167
Urban,State - MAHARASHTRA,Hindu,Age not stated,142459,77663,64796,51373,40024,11349,6190,3668,2522,1544,986,558,84896,33971,50925,2671,1381,1290
Urban,State - MAHARASHTRA,Hindu,15-59,24174817,12833598,11341219,11743955,9302060,2441895,933820,560816,373004,321398,212776,108622,11497042,2970722,8526320,1027879,491088,536791
Urban,State - MAHARASHTRA,Hindu,60+,2990783,1464566,1526217,646052,506249,139803,80134,46082,34052,14711,8716,5995,2264597,912235,1352362,24308,11674,12634
Urban,State - MAHARASHTRA,Muslim,Total,9474345,5004010,4470335,2826402,2475022,351380,262821,180764,82057,89318,68888,20430,6385122,2348224,4036898,268940,146100,122840
Urban,State - MAHARASHTRA,Muslim,5-9,978203,504117,474086,12477,6988,5489,6537,3419,3118,1285,714,571,959189,493710,465479,5361,2900,2461
Urban,State - MAHARASHTRA,Muslim,10-14,998834,519796,479038,29464,21755,7709,10075,5934,4141,2751,1813,938,959295,492107,467188,12994,8414,4580
Urban,State - MAHARASHTRA,Muslim,15-19,1015287,545168,470119,178851,157156,21695,30360,22439,7921,12936,10277,2659,806076,365573,440503,76476,51141,25335
Urban,State - MAHARASHTRA,Muslim,20-24,1060844,574683,486161,404389,361739,42650,45034,33732,11302,19221,15571,3650,611421,179212,432209,79658,47769,31889
Urban,State - MAHARASHTRA,Muslim,25-29,913967,486761,427206,451788,401095,50693,38045,27296,10749,14143,11203,2940,424134,58370,365764,39861,17825,22036
Urban,State - MAHARASHTRA,Muslim,30-34,745947,399481,346466,401858,353697,48161,30073,20517,9556,10106,7837,2269,314016,25267,288749,17639,5690,11949
Urban,State - MAHARASHTRA,Muslim,35-39,667328,355089,312239,369030,320197,48833,26729,17351,9378,8709,6387,2322,271569,17541,254028,11983,3112,8871
Urban,State - MAHARASHTRA,Muslim,40-49,961228,525886,435342,540600,472584,68016,37635,24989,12646,11219,8483,2736,382993,28313,354680,12588,3607,8981
Urban,State - MAHARASHTRA,Muslim,50-59,557968,298751,259217,276624,242510,34114,19809,13024,6785,4878,3679,1199,261535,43217,218318,5750,2412,3338
Urban,State - MAHARASHTRA,Muslim,60-69,381081,188344,192737,112751,96213,16538,12008,7765,4243,2777,1973,804,256322,84366,171956,4322,2031,2291
Urban,State - MAHARASHTRA,Muslim,70-79,155050,76570,78480,28507,24194,4313,3703,2480,1223,679,496,183,122840,49896,72944,1188,598,590
Urban,State - MAHARASHTRA,Muslim,80+,64705,29223,35482,10590,8846,1744,1437,939,498,293,215,78,52678,19438,33240,536,291,245
Urban,State - MAHARASHTRA,Muslim,Age not stated,30526,16753,13773,9473,8048,1425,1376,879,497,321,240,81,19677,7826,11851,584,310,274
Urban,State - MAHARASHTRA,Muslim,15-59,5922569,3185819,2736750,2623140,2308978,314162,227685,159348,68337,81212,63437,17775,3071744,717493,2354251,243955,131556,112399
Urban,State - MAHARASHTRA,Muslim,60+,600836,294137,306699,151848,129253,22595,17148,11184,5964,3749,2684,1065,431840,153700,278140,6046,2920,3126
Urban,State - MAHARASHTRA,Christian,Total,965101,473894,491207,372305,244373,127932,28764,15319,13445,7548,4662,2886,564032,214202,349830,30135,14799,15336
Urban,State - MAHARASHTRA,Christian,5-9,59519,30547,28972,728,411,317,760,379,381,131,63,68,58031,29757,28274,406,220,186
Urban,State - MAHARASHTRA,Christian,10-14,69295,35412,33883,1578,939,639,1079,565,514,203,117,86,66638,33908,32730,691,365,326
Urban,State - MAHARASHTRA,Christian,15-19,74020,37378,36642,6003,3823,2180,1849,1008,841,651,383,268,66168,32547,33621,4818,2747,2071
Urban,State - MAHARASHTRA,Christian,20-24,85483,42033,43450,32216,18630,13586,3920,2109,1811,1586,955,631,49347,21294,28053,9182,4961,4221
Urban,State - MAHARASHTRA,Christian,25-29,85002,41482,43520,52598,32132,20466,3791,2059,1732,1325,806,519,28613,7291,21322,5498,2475,3023
Urban,State - MAHARASHTRA,Christian,30-34,77533,38038,39495,50939,33144,17795,3034,1587,1447,885,551,334,23560,3307,20253,2665,968,1697
Urban,State - MAHARASHTRA,Christian,35-39,77279,37636,39643,50881,33575,17306,2901,1499,1402,773,470,303,23497,2562,20935,1882,644,1238
Urban,State - MAHARASHTRA,Christian,40-49,145750,70751,74999,93180,62625,30555,4998,2642,2356,1149,758,391,47572,5484,42088,2584,1099,1485
Urban,State - MAHARASHTRA,Christian,50-59,114804,56891,57913,62363,43965,18398,3479,1937,1542,507,348,159,48962,10989,37973,1328,762,566
Urban,State - MAHARASHTRA,Christian,60-69,71832,33976,37856,15001,10721,4280,1844,960,884,219,137,82,54987,22295,32692,751,393,358
Urban,State - MAHARASHTRA,Christian,70-79,33133,14637,18496,3608,2369,1239,666,352,314,50,28,22,28859,11916,16943,172,93,79
Urban,State - MAHARASHTRA,Christian,80+,13104,5239,7865,1528,940,588,245,121,124,29,19,10,11331,4178,7153,82,32,50
Urban,State - MAHARASHTRA,Christian,Age not stated,4200,2068,2132,1682,1099,583,198,101,97,40,27,13,2320,868,1452,76,40,36
Urban,State - MAHARASHTRA,Christian,15-59,659871,324209,335662,348180,227894,120286,23972,12841,11131,6876,4271,2605,287719,83474,204245,27957,13656,14301
Urban,State - MAHARASHTRA,Christian,60+,118069,53852,64217,20137,14030,6107,2755,1433,1322,298,184,114,95177,38389,56788,1005,518,487
Urban,State - MAHARASHTRA,Sikh,Total,196797,104071,92726,70389,57094,13295,5032,2885,2147,1242,786,456,121376,44092,77284,5407,2551,2856
Urban,State - MAHARASHTRA,Sikh,5-9,13852,7594,6258,244,146,98,141,85,56,31,22,9,13467,7363,6104,86,47,39
Urban,State - MAHARASHTRA,Sikh,10-14,15368,8288,7080,358,235,123,218,116,102,30,16,14,14792,7937,6855,129,73,56
Urban,State - MAHARASHTRA,Sikh,15-19,16349,8874,7475,1661,1362,299,409,246,163,144,85,59,14279,7266,7013,935,587,348
Urban,State - MAHARASHTRA,Sikh,20-24,19696,10702,8994,7475,5787,1688,754,470,284,292,197,95,11467,4445,7022,1763,944,819
Urban,State - MAHARASHTRA,Sikh,25-29,19528,10361,9167,11054,8542,2512,694,383,311,219,139,80,7780,1436,6344,1078,454,624
Urban,State - MAHARASHTRA,Sikh,30-34,17406,9278,8128,10420,8321,2099,577,330,247,138,83,55,6409,627,5782,456,138,318
Urban,State - MAHARASHTRA,Sikh,35-39,15504,7925,7579,8885,7166,1719,504,277,227,109,60,49,6115,482,5633,360,98,262
Urban,State - MAHARASHTRA,Sikh,40-49,26187,13480,12707,15029,12369,2660,758,399,359,146,90,56,10400,712,9688,306,79,227
Urban,State - MAHARASHTRA,Sikh,50-59,18829,9805,9024,9695,8323,1372,498,292,206,66,46,20,8636,1190,7446,157,61,96
Urban,State - MAHARASHTRA,Sikh,60-69,12314,6310,6004,3855,3387,468,277,163,114,39,29,10,8182,2760,5422,86,41,45
Urban,State - MAHARASHTRA,Sikh,70-79,5442,2748,2694,981,863,118,95,60,35,7,4,3,4366,1825,2541,17,11,6
Urban,State - MAHARASHTRA,Sikh,80+,2337,1132,1205,343,286,57,49,27,22,8,5,3,1945,819,1126,16,9,7
Urban,State - MAHARASHTRA,Sikh,Age not stated,978,562,416,389,307,82,58,37,21,13,10,3,531,218,313,18,9,9
Urban,State - MAHARASHTRA,Sikh,15-59,133499,70425,63074,64219,51870,12349,4194,2397,1797,1114,700,414,65086,16158,48928,5055,2361,2694
Urban,State - MAHARASHTRA,Sikh,60+,20093,10190,9903,5179,4536,643,421,250,171,54,38,16,14493,5404,9089,119,61,58
Urban,State - MAHARASHTRA,Buddhist,Total,3119122,1576943,1542179,991316,741864,249452,122359,73207,49152,54592,35824,18768,2005447,761872,1243575,146242,70612,75630
Urban,State - MAHARASHTRA,Buddhist,5-9,250966,130816,120150,2679,1453,1226,1978,1053,925,376,188,188,246309,128310,117999,1591,846,745
Urban,State - MAHARASHTRA,Buddhist,10-14,284852,147462,137390,5571,3469,2102,2980,1612,1368,824,507,317,276301,142381,133920,3136,1739,1397
Urban,State - MAHARASHTRA,Buddhist,15-19,293687,151038,142649,29056,21068,7988,8495,5431,3064,4341,2940,1401,256136,124539,131597,25989,15285,10704
Urban,State - MAHARASHTRA,Buddhist,20-24,337325,166762,170563,94253,71002,23251,17240,11275,5965,9376,6550,2826,225832,84485,141347,46684,24986,21698
Urban,State - MAHARASHTRA,Buddhist,25-29,320447,159288,161159,146571,111321,35250,18889,12009,6880,9784,6651,3133,154987,35958,119029,31986,14891,17095
Urban,State - MAHARASHTRA,Buddhist,30-34,269095,135835,133260,149647,113094,36553,16051,9678,6373,7775,5122,2653,103397,13063,90334,14756,5507,9249
Urban,State - MAHARASHTRA,Buddhist,35-39,250372,125192,125180,148702,109321,39381,15185,8649,6536,6949,4390,2559,86485,7222,79263,8374,2405,5969
Urban,State - MAHARASHTRA,Buddhist,40-49,387993,197724,190269,233820,175054,58766,21393,12082,9311,8750,5551,3199,132780,10588,122192,7387,2092,5295
Urban,State - MAHARASHTRA,Buddhist,50-59,244858,127278,117580,131093,101753,29340,11216,6533,4683,3771,2392,1379,102549,18992,83557,3144,1229,1915
Urban,State - MAHARASHTRA,Buddhist,60-69,151410,71401,80009,35110,23890,11220,6083,3275,2808,1868,1068,800,110217,44236,65981,2125,1112,1013
Urban,State - MAHARASHTRA,Buddhist,70-79,60031,27306,32725,8348,5840,2508,1740,992,748,442,268,174,49943,20474,29469,547,262,285
Urban,State - MAHARASHTRA,Buddhist,80+,21822,9137,12685,3213,2251,962,540,296,244,151,95,56,18069,6590,11479,240,111,129
Urban,State - MAHARASHTRA,Buddhist,Age not stated,9977,5246,4731,3253,2348,905,569,322,247,185,102,83,6155,2576,3579,283,147,136
Urban,State - MAHARASHTRA,Buddhist,15-59,2103777,1063117,1040660,933142,702613,230529,108469,65657,42812,50746,33596,17150,1062166,294847,767319,138320,66395,71925
Urban,State - MAHARASHTRA,Buddhist,60+,233263,107844,125419,46671,31981,14690,8363,4563,3800,2461,1431,1030,178229,71300,106929,2912,1485,1427
Urban,State - MAHARASHTRA,Jain,Total,1130390,572681,557709,384643,323836,60807,20723,11395,9328,3584,2071,1513,725024,237450,487574,23489,9957,13532
Urban,State - MAHARASHTRA,Jain,5-9,71666,38052,33614,828,441,387,609,330,279,108,71,37,70229,37281,32948,350,179,171
Urban,State - MAHARASHTRA,Jain,10-14,79173,42004,37169,1283,861,422,743,378,365,147,76,71,77147,40765,36382,528,286,242
Urban,State - MAHARASHTRA,Jain,15-19,84197,44419,39778,3454,2509,945,1171,655,516,370,212,158,79572,41255,38317,3487,2000,1487
Urban,State - MAHARASHTRA,Jain,20-24,92412,47067,45345,26368,19347,7021,2633,1460,1173,931,529,402,63411,26260,37151,8452,4365,4087
Urban,State - MAHARASHTRA,Jain,25-29,101309,50081,51228,53540,42127,11413,2617,1443,1174,655,378,277,45152,6511,38641,4523,1585,2938
Urban,State - MAHARASHTRA,Jain,30-34,97745,48606,49139,53424,44569,8855,2225,1207,1018,321,171,150,42096,2830,39266,1861,453,1408
Urban,State - MAHARASHTRA,Jain,35-39,91585,44929,46656,49887,41819,8068,2009,1073,936,269,156,113,39689,2037,37652,1256,216,1040
Urban,State - MAHARASHTRA,Jain,40-49,167195,83906,83289,90589,78164,12425,3560,1879,1681,406,255,151,73046,3863,69183,1453,323,1130
Urban,State - MAHARASHTRA,Jain,50-59,131344,66919,64425,65500,58344,7156,2594,1443,1151,205,124,81,63250,7132,56118,794,230,564
Urban,State - MAHARASHTRA,Jain,60-69,85233,42628,42605,27599,24991,2608,1477,892,585,105,64,41,56157,16745,39412,517,191,326
Urban,State - MAHARASHTRA,Jain,70-79,43255,20960,22295,8314,7447,867,686,415,271,31,15,16,34255,13098,21157,148,70,78
Urban,State - MAHARASHTRA,Jain,80+,17188,7331,9857,2146,1826,320,226,129,97,11,7,4,14816,5376,9440,64,33,31
Urban,State - MAHARASHTRA,Jain,Age not stated,4855,2522,2333,1711,1391,320,173,91,82,25,13,12,2971,1040,1931,56,26,30
Urban,State - MAHARASHTRA,Jain,15-59,765787,385927,379860,342762,286879,55883,16809,9160,7649,3157,1825,1332,406216,89888,316328,21826,9172,12654
Urban,State - MAHARASHTRA,Jain,60+,145676,70919,74757,38059,34264,3795,2389,1436,953,147,86,61,105228,35219,70009,729,294,435
Urban,State - MAHARASHTRA,Other religious communities,Total,85318,42743,42575,31276,21213,10063,2784,1510,1274,731,429,302,51258,20020,31238,2323,1169,1154
Urban,State - MAHARASHTRA,Other religious communities,5-9,4582,2491,2091,58,37,21,58,32,26,9,5,4,4466,2422,2044,56,29,27
Urban,State - MAHARASHTRA,Other religious communities,10-14,5096,2600,2496,165,92,73,89,41,48,26,12,14,4842,2467,2375,104,52,52
Urban,State - MAHARASHTRA,Other religious communities,15-19,5549,2886,2663,647,422,225,211,124,87,88,54,34,4691,2340,2351,356,216,140
Urban,State - MAHARASHTRA,Other religious communities,20-24,6451,3359,3092,2291,1561,730,358,212,146,128,85,43,3802,1586,2216,719,380,339
Urban,State - MAHARASHTRA,Other religious communities,25-29,6599,3388,3211,3972,2585,1387,343,204,139,97,65,32,2284,599,1685,357,162,195
Urban,State - MAHARASHTRA,Other religious communities,30-34,6132,3130,3002,3990,2691,1299,288,160,128,77,45,32,1854,279,1575,195,74,121
Urban,State - MAHARASHTRA,Other religious communities,35-39,5850,2933,2917,3851,2603,1248,284,136,148,96,49,47,1715,194,1521,128,44,84
Urban,State - MAHARASHTRA,Other religious communities,40-49,10737,5449,5288,7111,4845,2266,410,210,200,116,63,53,3216,394,2822,164,65,99
Urban,State - MAHARASHTRA,Other religious communities,50-59,9835,4929,4906,5601,3846,1755,311,186,125,53,36,17,3923,897,3026,95,62,33
Urban,State - MAHARASHTRA,Other religious communities,60-69,9183,4425,4758,2275,1621,654,246,121,125,25,8,17,6662,2683,3979,109,58,51
Urban,State - MAHARASHTRA,Other religious communities,70-79,6879,3174,3705,885,612,273,120,56,64,12,6,6,5874,2506,3368,26,15,11
Urban,State - MAHARASHTRA,Other religious communities,80+,4019,1745,2274,308,214,94,51,20,31,2,0,2,3660,1511,2149,11,10,1
Urban,State - MAHARASHTRA,Other religious communities,Age not stated,328,163,165,122,84,38,15,8,7,2,1,1,191,71,120,3,2,1
Urban,State - MAHARASHTRA,Other religious communities,15-59,51153,26074,25079,27463,18553,8910,2205,1232,973,655,397,258,21485,6289,15196,2014,1003,1011
Urban,State - MAHARASHTRA,Other religious communities,60+,20081,9344,10737,3468,2447,1021,417,197,220,39,14,25,16196,6700,9496,146,83,63
Total,State - ANDHRA PRADESH,All religious communities,Total,84580777,42442146,42138631,33037378,21460081,11577297,6385528,2725514,3660014,2902184,1396653,1505531,45157871,18256551,26901320,3020089,1322236,1697853
Total,State - ANDHRA PRADESH,All religious communities,5-9,7304432,3760398,3544034,75659,41747,33912,78168,39676,38492,18983,9874,9109,7150605,3678975,3471630,41618,21589,20029
Total,State - ANDHRA PRADESH,All religious communities,10-14,8201595,4208884,3992711,329192,172573,156619,189984,90710,99274,61018,29329,31689,7682419,3945601,3736818,90457,46591,43866
Total,State - ANDHRA PRADESH,All religious communities,15-19,8093747,4196307,3897440,1707424,1011341,696083,551778,267264,284514,282745,146338,136407,5834545,2917702,2916843,724912,381328,343584
Total,State - ANDHRA PRADESH,All religious communities,20-24,8132094,4055697,4076397,3469163,2169216,1299947,818254,376330,441924,447907,231599,216308,3844677,1510151,2334526,909405,471602,437803
Total,State - ANDHRA PRADESH,All religious communities,25-29,7799036,3809887,3989149,4610486,2959794,1650692,863012,361487,501525,447495,213477,234018,2325538,488606,1836932,512369,210125,302244
Total,State - ANDHRA PRADESH,All religious communities,30-34,6584371,3300407,3283964,4356520,2847856,1508664,729476,292993,436483,358249,165583,192666,1498375,159558,1338817,208476,57703,150773
Total,State - ANDHRA PRADESH,All religious communities,35-39,6507339,3198512,3308827,4416363,2823639,1592724,722919,277263,445656,345281,153962,191319,1368057,97610,1270447,147110,27444,119666
Total,State - ANDHRA PRADESH,All religious communities,40-49,10056742,5169031,4887711,6867789,4581619,2286170,1064007,427437,636570,472588,221680,250908,2124946,159975,1964971,157228,30327,126901
Total,State - ANDHRA PRADESH,All religious communities,50-59,6566984,3213122,3353862,4049320,2690094,1359226,671706,259017,412689,258235,115748,142487,1845958,264011,1581947,94275,23811,70464
Total,State - ANDHRA PRADESH,All religious communities,60-69,5367691,2520124,2847567,2252501,1515119,737382,486306,220025,266281,151747,76822,74925,2628884,784980,1843904,89250,31777,57473
Total,State - ANDHRA PRADESH,All religious communities,70-79,2156347,1060217,1096130,528024,399355,128669,120596,69874,50722,29054,17593,11461,1507727,590988,916739,25082,10741,14341
Total,State - ANDHRA PRADESH,All religious communities,80+,754203,325987,428216,124001,86247,37754,28909,14970,13939,7270,3750,3520,601293,224770,376523,4949,2053,2896
Total,State - ANDHRA PRADESH,All religious communities,Age not stated,771431,387686,383745,250936,161481,89455,60413,28468,31945,21612,10898,10714,460082,197737,262345,14958,7145,7813
Total,State - ANDHRA PRADESH,All religious communities,15-59,53740313,26942963,26797350,29477065,19083559,10393506,5421152,2261791,3159361,2612500,1248387,1364113,18842096,5597613,13244483,2753775,1202340,1551435
Total,State - ANDHRA PRADESH,All religious communities,60+,8278241,3906328,4371913,2904526,2000721,903805,635811,304869,330942,188071,98165,89906,4737904,1600738,3137166,119281,44571,74710
Total,State - ANDHRA PRADESH,Hindu,Total,74824149,37537084,37287065,29959209,19193162,10766047,5763596,2395529,3368067,2650456,1251219,1399237,39101344,15948393,23152951,2558190,1127685,1430505
Total,State - ANDHRA PRADESH,Hindu,5-9,6358685,3274805,3083880,63339,34459,28880,59455,29916,29539,14413,7438,6975,6235891,3210430,3025461,34454,17831,16623
Total,State - ANDHRA PRADESH,Hindu,10-14,7189974,3691628,3498346,290623,148507,142116,160888,75363,85525,52611,24752,27859,6738463,3467758,3270705,76461,39156,37305
Total,State - ANDHRA PRADESH,Hindu,15-19,7073460,3680717,3392743,1520244,883188,637056,487666,231881,255785,252719,128860,123859,5065550,2565648,2499902,609605,321279,288326
Total,State - ANDHRA PRADESH,Hindu,20-24,7102352,3550650,3551702,3112644,1906830,1205814,732087,328038,404049,404899,205563,199336,3257621,1315782,1941839,780719,408861,371858
Total,State - ANDHRA PRADESH,Hindu,25-29,6872120,3356907,3515213,4160993,2624177,1536816,778890,316219,462671,408569,190677,217892,1932237,416511,1515726,435065,181483,253582
Total,State - ANDHRA PRADESH,Hindu,30-34,5839228,2924241,2914987,3939161,2535800,1403361,660444,257038,403406,329028,148809,180219,1239623,131403,1108220,173564,48333,125231
Total,State - ANDHRA PRADESH,Hindu,35-39,5803201,2845087,2958114,4005753,2521909,1483844,657073,243930,413143,318203,138850,179353,1140375,79248,1061127,121175,22197,98978
Total,State - ANDHRA PRADESH,Hindu,40-49,9028009,4633931,4394078,6255127,4122799,2132328,971444,379300,592144,436872,201008,235864,1801438,131832,1669606,130263,24434,105829
Total,State - ANDHRA PRADESH,Hindu,50-59,5927006,2894925,3032081,3706176,2436369,1269807,617604,232140,385464,240109,105908,134201,1603226,226416,1376810,79991,19684,60307
Total,State - ANDHRA PRADESH,Hindu,60-69,4905022,2300133,2604889,2087541,1396379,691162,451354,201720,249634,141528,70976,70552,2366127,702034,1664093,77750,27146,50604
Total,State - ANDHRA PRADESH,Hindu,70-79,1977781,973884,1003897,488414,368990,119424,111358,64265,47093,26791,16177,10614,1378009,540629,837380,22456,9580,12876
Total,State - ANDHRA PRADESH,Hindu,80+,684706,296431,388275,111761,77182,34579,25476,13133,12343,6345,3239,3106,547469,206116,341353,4275,1783,2492
Total,State - ANDHRA PRADESH,Hindu,Age not stated,630959,316265,314694,217433,136573,80860,49857,22586,27271,18369,8962,9407,363669,157106,206563,12412,5918,6494
Total,State - ANDHRA PRADESH,Hindu,15-59,47645376,23886458,23758918,26700098,17031072,9669026,4905208,1988546,2916662,2390399,1119675,1270724,16040070,4866840,11173230,2330382,1026271,1304111
Total,State - ANDHRA PRADESH,Hindu,60+,7567509,3570448,3997061,2687716,1842551,845165,588188,279118,309070,174664,90392,84272,4291605,1448779,2842826,104481,38509,65972
Total,State - ANDHRA PRADESH,Muslim,Total,8082412,4085913,3996499,2504075,1896428,607647,496629,272720,223909,197189,118714,78475,5081708,1916765,3164943,381192,159894,221298
Total,State - ANDHRA PRADESH,Muslim,5-9,800262,410618,389644,9882,5898,3984,15581,8163,7418,3783,2016,1767,774799,396557,378242,6128,3231,2897
Total,State - ANDHRA PRADESH,Muslim,10-14,851873,435482,416391,32746,20815,11931,24293,12977,11316,6967,3865,3102,794834,401690,393144,12094,6436,5658
Total,State - ANDHRA PRADESH,Muslim,15-19,861294,435239,426055,159349,111320,48029,52732,29687,23045,24248,14458,9790,649213,294232,354981,98413,51349,47064
Total,State - ANDHRA PRADESH,Muslim,20-24,865170,427094,438076,298566,226473,72093,69340,40407,28933,33754,21367,12387,497264,160214,337050,105804,51600,54204
Total,State - ANDHRA PRADESH,Muslim,25-29,770037,378568,391469,368683,283746,84937,66746,37258,29488,30079,18423,11656,334608,57564,277044,62425,22607,39818
Total,State - ANDHRA PRADESH,Muslim,30-34,614980,312499,302481,339348,260761,78587,54986,29636,25350,22824,13662,9162,220646,22102,198544,28095,7163,20932
Total,State - ANDHRA PRADESH,Muslim,35-39,580190,294019,286171,333044,251881,81163,52595,27768,24827,21178,12419,8759,194551,14370,180181,20994,3917,17077
Total,State - ANDHRA PRADESH,Muslim,40-49,839793,442494,397299,493138,380392,112746,73337,39745,33592,27755,16894,10861,273318,22357,250961,21948,4502,17446
Total,State - ANDHRA PRADESH,Muslim,50-59,513540,258678,254862,271388,206741,64647,42153,21827,20326,13883,7893,5990,199999,30110,169889,11646,3282,8364
Total,State - ANDHRA PRADESH,Muslim,60-69,369032,178223,190809,132535,97625,34910,27095,14689,12406,7844,4664,3180,209402,65909,143493,9115,3739,5376
Total,State - ANDHRA PRADESH,Muslim,70-79,140185,68833,71352,31486,24631,6855,7205,4527,2678,1766,1145,621,101494,39675,61819,2100,948,1152
Total,State - ANDHRA PRADESH,Muslim,80+,54905,23464,31441,9686,7391,2295,2698,1482,1216,733,421,312,42521,14591,27930,539,222,317
Total,State - ANDHRA PRADESH,Muslim,Age not stated,103807,52805,51002,24224,18754,5470,7868,4554,3314,2375,1487,888,71715,29497,42218,1891,898,993
Total,State - ANDHRA PRADESH,Muslim,15-59,5045004,2548591,2496413,2263516,1721314,542202,411889,226328,185561,173721,105116,68605,2369599,600949,1768650,349325,144420,204905
Total,State - ANDHRA PRADESH,Muslim,60+,564122,270520,293602,173707,129647,44060,36998,20698,16300,10343,6230,4113,353417,120175,233242,11754,4909,6845
Total,State - ANDHRA PRADESH,Christian,Total,1129784,548753,581031,417566,269984,147582,83173,37328,45845,36608,17668,18940,629045,241441,387604,51000,20819,30181
Total,State - ANDHRA PRADESH,Christian,5-9,90476,45788,44688,1074,591,483,1515,769,746,336,183,153,87887,44428,43459,581,297,284
Total,State - ANDHRA PRADESH,Christian,10-14,101217,50477,50740,3343,1878,1465,2564,1216,1348,781,375,406,95310,47383,47927,1204,607,597
Total,State - ANDHRA PRADESH,Christian,15-19,101626,49591,52035,16999,10446,6553,6976,3403,3573,3648,1847,1801,77651,35742,41909,9580,4636,4944
Total,State - ANDHRA PRADESH,Christian,20-24,110283,50680,59603,38616,23743,14873,10688,4801,5887,5943,2882,3061,60979,22136,38843,15095,7022,8073
Total,State - ANDHRA PRADESH,Christian,25-29,108842,51217,57625,57560,36806,20754,11624,5214,6410,5989,2915,3074,39658,9197,30461,10104,3961,6143
Total,State - ANDHRA PRADESH,Christian,30-34,92901,45912,46989,58045,38091,19954,9651,4277,5374,4492,2153,2339,25205,3544,21661,4454,1389,3065
Total,State - ANDHRA PRADESH,Christian,35-39,90781,44411,46370,59245,38232,21013,9346,3922,5424,4158,1899,2259,22190,2257,19933,3176,793,2383
Total,State - ANDHRA PRADESH,Christian,40-49,140363,70116,70247,92327,60604,31723,13769,6037,7732,5781,2775,3006,34267,3475,30792,3104,775,2329
Total,State - ANDHRA PRADESH,Christian,50-59,94839,45442,49397,55526,36423,19103,8599,3644,4955,3096,1420,1676,30714,5375,25339,1631,508,1123
Total,State - ANDHRA PRADESH,Christian,60-69,69297,31479,37818,23888,15705,8183,5651,2616,3035,1655,840,815,39758,13158,26600,1345,512,833
Total,State - ANDHRA PRADESH,Christian,70-79,27675,12918,14757,5843,4119,1724,1421,764,657,336,192,144,20411,8035,12376,310,125,185
Total,State - ANDHRA PRADESH,Christian,80+,9628,4077,5551,1676,1094,582,439,223,216,116,57,59,7513,2760,4753,83,28,55
Total,State - ANDHRA PRADESH,Christian,Age not stated,11629,5628,6001,3424,2252,1172,930,442,488,277,130,147,7275,2934,4341,333,166,167
Total,State - ANDHRA PRADESH,Christian,15-59,739635,357369,382266,378318,244345,133973,70653,31298,39355,33107,15891,17216,290664,81726,208938,47144,19084,28060
Total,State - ANDHRA PRADESH,Christian,60+,106600,48474,58126,31407,20918,10489,7511,3603,3908,2107,1089,1018,67682,23953,43729,1738,665,1073
Total,State - ANDHRA PRADESH,Sikh,Total,40244,21534,18710,13728,10619,3109,2730,1520,1210,978,556,422,23786,9395,14391,2070,893,1177
Total,State - ANDHRA PRADESH,Sikh,5-9,3735,1999,1736,109,60,49,144,83,61,37,20,17,3482,1856,1626,69,36,33
Total,State - ANDHRA PRADESH,Sikh,10-14,3628,1940,1688,161,103,58,191,98,93,49,18,31,3276,1739,1537,134,80,54
Total,State - ANDHRA PRADESH,Sikh,15-19,3697,2059,1638,673,482,191,260,144,116,127,73,54,2764,1433,1331,471,252,219
Total,State - ANDHRA PRADESH,Sikh,20-24,4263,2262,2001,1671,1263,408,374,207,167,183,102,81,2218,792,1426,542,253,289
Total,State - ANDHRA PRADESH,Sikh,25-29,3994,2131,1863,2070,1573,497,355,218,137,161,102,59,1569,340,1229,318,120,198
Total,State - ANDHRA PRADESH,Sikh,30-34,3244,1708,1536,1850,1423,427,279,144,135,89,54,35,1115,141,974,137,38,99
Total,State - ANDHRA PRADESH,Sikh,35-39,2888,1543,1345,1657,1296,361,256,139,117,82,45,37,975,108,867,106,28,78
Total,State - ANDHRA PRADESH,Sikh,40-49,4529,2449,2080,2662,2135,527,339,195,144,112,67,45,1528,119,1409,125,29,96
Total,State - ANDHRA PRADESH,Sikh,50-59,2979,1601,1378,1600,1286,314,238,128,110,69,38,31,1141,187,954,71,21,50
Total,State - ANDHRA PRADESH,Sikh,60-69,1971,1010,961,735,574,161,158,88,70,47,24,23,1078,348,730,75,24,51
Total,State - ANDHRA PRADESH,Sikh,70-79,811,421,390,233,181,52,43,28,15,5,4,1,535,212,323,12,7,5
Total,State - ANDHRA PRADESH,Sikh,80+,417,223,194,93,76,17,37,19,18,7,4,3,287,128,159,4,2,2
Total,State - ANDHRA PRADESH,Sikh,Age not stated,687,380,307,214,167,47,56,29,27,10,5,5,417,184,233,6,3,3
Total,State - ANDHRA PRADESH,Sikh,15-59,25594,13753,11841,12183,9458,2725,2101,1175,926,823,481,342,11310,3120,8190,1770,741,1029
Total,State - ANDHRA PRADESH,Sikh,60+,3199,1654,1545,1061,831,230,238,135,103,59,32,27,1900,688,1212,91,33,58
Total,State - ANDHRA PRADESH,Buddhist,Total,36692,18812,17880,13265,8222,5043,3879,1726,2153,2377,1117,1260,19548,8864,10684,1845,784,1061
Total,State - ANDHRA PRADESH,Buddhist,5-9,3504,1833,1671,67,35,32,72,28,44,24,9,15,3365,1770,1595,33,17,16
Total,State - ANDHRA PRADESH,Buddhist,10-14,3694,1932,1762,178,97,81,114,51,63,46,21,25,3402,1784,1618,45,23,22
Total,State - ANDHRA PRADESH,Buddhist,15-19,3722,1903,1819,771,468,303,334,156,178,208,106,102,2617,1279,1338,516,253,263
Total,State - ANDHRA PRADESH,Buddhist,20-24,3486,1813,1673,1469,878,591,559,272,287,394,204,190,1458,663,795,456,245,211
Total,State - ANDHRA PRADESH,Buddhist,25-29,3176,1592,1584,1780,1094,686,568,270,298,368,191,177,828,228,600,251,95,156
Total,State - ANDHRA PRADESH,Buddhist,30-34,2691,1389,1302,1725,1103,622,462,201,261,286,118,168,504,85,419,120,25,95
Total,State - ANDHRA PRADESH,Buddhist,35-39,2630,1338,1292,1781,1108,673,426,164,262,284,122,162,423,66,357,86,19,67
Total,State - ANDHRA PRADESH,Buddhist,40-49,3688,1929,1759,2581,1637,944,561,238,323,333,151,182,546,54,492,101,14,87
Total,State - ANDHRA PRADESH,Buddhist,50-59,2192,1067,1125,1355,861,494,323,120,203,182,69,113,514,86,428,70,17,53
Total,State - ANDHRA PRADESH,Buddhist,60-69,1945,899,1046,806,483,323,243,120,123,124,62,62,896,296,600,98,41,57
Total,State - ANDHRA PRADESH,Buddhist,70-79,782,367,415,185,123,62,58,37,21,29,17,12,539,207,332,26,10,16
Total,State - ANDHRA PRADESH,Buddhist,80+,268,124,144,65,42,23,11,5,6,5,2,3,192,77,115,4,4,0
Total,State - ANDHRA PRADESH,Buddhist,Age not stated,1636,824,812,502,293,209,148,64,84,94,45,49,986,467,519,39,21,18
Total,State - ANDHRA PRADESH,Buddhist,15-59,21585,11031,10554,11462,7149,4313,3233,1421,1812,2055,961,1094,6890,2461,4429,1600,668,932
Total,State - ANDHRA PRADESH,Buddhist,60+,2995,1390,1605,1056,648,408,312,162,150,158,81,77,1627,580,1047,128,55,73
Total,State - ANDHRA PRADESH,Jain,Total,53849,27473,26376,16251,14196,2055,2360,1317,1043,603,332,271,35238,11960,23278,2135,811,1324
Total,State - ANDHRA PRADESH,Jain,5-9,4460,2382,2078,52,34,18,140,79,61,17,7,10,4268,2269,1999,21,11,10
Total,State - ANDHRA PRADESH,Jain,10-14,4543,2402,2141,107,73,34,173,88,85,27,16,11,4263,2241,2022,50,23,27
Total,State - ANDHRA PRADESH,Jain,15-19,4707,2442,2265,449,309,140,249,141,108,87,47,40,4009,1992,2017,394,204,190
Total,State - ANDHRA PRADESH,Jain,20-24,5138,2589,2549,1479,1190,289,299,163,136,142,77,65,3360,1236,2124,697,326,371
Total,State - ANDHRA PRADESH,Jain,25-29,5092,2535,2557,2348,2003,345,265,158,107,83,48,35,2479,374,2105,341,107,234
Total,State - ANDHRA PRADESH,Jain,30-34,4706,2418,2288,2355,2088,267,245,151,94,54,36,18,2106,179,1927,164,39,125
Total,State - ANDHRA PRADESH,Jain,35-39,4181,2076,2105,2056,1829,227,203,115,88,46,27,19,1922,132,1790,163,33,130
Total,State - ANDHRA PRADESH,Jain,40-49,6948,3541,3407,3527,3198,329,344,180,164,81,36,45,3077,163,2914,162,27,135
Total,State - ANDHRA PRADESH,Jain,50-59,4469,2332,2137,2244,2039,205,205,104,101,34,19,15,2020,189,1831,71,12,59
Total,State - ANDHRA PRADESH,Jain,60-69,2753,1334,1419,1017,898,119,122,69,53,15,7,8,1614,367,1247,52,22,30
Total,State - ANDHRA PRADESH,Jain,70-79,1207,579,628,293,269,24,56,30,26,5,1,4,858,280,578,9,4,5
Total,State - ANDHRA PRADESH,Jain,80+,521,221,300,110,95,15,16,8,8,1,1,0,395,118,277,1,1,0
Total,State - ANDHRA PRADESH,Jain,Age not stated,830,415,415,214,171,43,43,31,12,11,10,1,573,213,360,10,2,8
Total,State - ANDHRA PRADESH,Jain,15-59,35241,17933,17308,14458,12656,1802,1810,1012,798,527,290,237,18973,4265,14708,1992,748,1244
Total,State - ANDHRA PRADESH,Jain,60+,4481,2134,2347,1420,1262,158,194,107,87,21,9,12,2867,765,2102,62,27,35
Total,State - ANDHRA PRADESH,Other religious communities,Total,9547,4815,4732,3279,2214,1065,690,321,369,247,118,129,5578,2280,3298,401,171,230
Total,State - ANDHRA PRADESH,Other religious communities,5-9,890,467,423,25,18,7,28,13,15,10,4,6,837,436,401,8,6,2
Total,State - ANDHRA PRADESH,Other religious communities,10-14,959,499,460,29,16,13,27,11,16,7,2,5,903,472,431,18,5,13
Total,State - ANDHRA PRADESH,Other religious communities,15-19,877,471,406,208,136,72,64,33,31,30,10,20,605,302,303,76,46,30
Total,State - ANDHRA PRADESH,Other religious communities,20-24,927,462,465,361,245,116,108,44,64,46,19,27,458,173,285,95,53,42
Total,State - ANDHRA PRADESH,Other religious communities,25-29,894,400,494,496,295,201,103,44,59,43,23,20,295,61,234,62,18,44
Total,State - ANDHRA PRADESH,Other religious communities,30-34,792,398,394,457,314,143,68,39,29,21,11,10,267,45,222,45,11,34
Total,State - ANDHRA PRADESH,Other religious communities,35-39,621,325,296,385,268,117,61,26,35,22,12,10,175,31,144,16,6,10
Total,State - ANDHRA PRADESH,Other religious communities,40-49,943,489,454,585,406,179,92,43,49,32,15,17,266,40,226,31,5,26
Total,State - ANDHRA PRADESH,Other religious communities,50-59,665,345,320,385,269,116,61,29,32,15,9,6,219,47,172,20,4,16
Total,State - ANDHRA PRADESH,Other religious communities,60-69,541,259,282,191,134,57,45,25,20,14,9,5,305,100,205,21,9,12
Total,State - ANDHRA PRADESH,Other religious communities,70-79,255,106,149,67,48,19,11,3,8,0,0,0,177,55,122,4,3,1
Total,State - ANDHRA PRADESH,Other religious communities,80+,117,48,69,20,14,6,6,3,3,1,1,0,91,31,60,1,1,0
Total,State - ANDHRA PRADESH,Other religious communities,Age not stated,237,129,108,70,51,19,16,8,8,6,3,3,151,70,81,4,4,0
Total,State - ANDHRA PRADESH,Other religious communities,15-59,5719,2890,2829,2877,1933,944,557,258,299,209,99,110,2285,699,1586,345,143,202
Total,State - ANDHRA PRADESH,Other religious communities,60+,913,413,500,278,196,82,62,31,31,15,10,5,573,186,387,26,13,13
Rural,State - ANDHRA PRADESH,All religious communities,Total,56361702,28243241,28118461,24142968,14585917,9557051,4909339,1912272,2997067,2373727,1081311,1292416,27309395,11745052,15564343,1591038,719975,871063
Rural,State - ANDHRA PRADESH,All religious communities,5-9,4976869,2559092,2417777,47666,25138,22528,34081,16723,17358,8744,4420,4324,4895122,2517231,2377891,23760,12210,11550
Rural,State - ANDHRA PRADESH,All religious communities,10-14,5565402,2859860,2705542,262278,129480,132798,128338,58159,70179,44475,20326,24149,5174786,2672221,2502565,56459,28576,27883
Rural,State - ANDHRA PRADESH,All religious communities,15-19,5334069,2799993,2534076,1383061,785728,597333,429574,199076,230498,229531,115131,114400,3521434,1815189,1706245,424397,223803,200594
Rural,State - ANDHRA PRADESH,All religious communities,20-24,5263277,2682670,2580607,2656428,1567337,1089091,625617,267465,358152,354734,175155,179579,1981232,847868,1133364,477661,257631,220030
Rural,State - ANDHRA PRADESH,All religious communities,25-29,4995581,2453142,2542439,3314743,1970882,1343861,651472,244179,407293,356184,158743,197441,1029366,238081,791285,234993,102409,132584
Rural,State - ANDHRA PRADESH,All religious communities,30-34,4233619,2106915,2126704,3054996,1837920,1217076,553447,196905,356542,292193,126150,166043,625176,72090,553086,92400,26223,66177
Rural,State - ANDHRA PRADESH,All religious communities,35-39,4246358,2064444,2181914,3122709,1831399,1291310,555453,188569,366884,285811,119134,166677,568196,44476,523720,65314,12405,52909
Rural,State - ANDHRA PRADESH,All religious communities,40-49,6608201,3369415,3238786,4864640,2995855,1868785,827998,297163,530835,398870,176225,222645,915563,76397,839166,76286,14154,62132
Rural,State - ANDHRA PRADESH,All religious communities,50-59,4416639,2107612,2309027,2937231,1792775,1144456,539606,186427,353179,224363,95492,128871,939802,128410,811392,54487,11986,42501
Rural,State - ANDHRA PRADESH,All religious communities,60-69,3967254,1841042,2126212,1832535,1187706,644829,409979,176851,233128,134241,66287,67954,1724740,476485,1248255,57678,18441,39237
Rural,State - ANDHRA PRADESH,All religious communities,70-79,1608059,797543,810516,425511,316493,109018,98968,56514,42454,24923,14970,9953,1083580,424536,659044,18263,7779,10484
Rural,State - ANDHRA PRADESH,All religious communities,80+,532778,234293,298485,87237,58027,29210,19856,10074,9782,5284,2634,2650,425685,166192,259493,2826,1202,1624
Rural,State - ANDHRA PRADESH,All religious communities,Age not stated,401438,201614,199824,153933,87177,66756,34950,14167,20783,14374,6644,7730,212555,100270,112285,6514,3156,3358
Rural,State - ANDHRA PRADESH,All religious communities,15-59,35097744,17584191,17513553,21333808,12781896,8551912,4183167,1579784,2603383,2141686,966030,1175656,9580769,3222511,6358258,1425538,648611,776927
Rural,State - ANDHRA PRADESH,All religious communities,60+,6108091,2872878,3235213,2345283,1562226,783057,528803,243439,285364,164448,83891,80557,3234005,1067213,2166792,78767,27422,51345
Rural,State - ANDHRA PRADESH,Hindu,Total,52793521,26461972,26331549,22768601,13692520,9076081,4643616,1794632,2848984,2249899,1018269,1231630,25381304,10974820,14406484,1473724,673054,800670
Rural,State - ANDHRA PRADESH,Hindu,5-9,4631401,2382187,2249214,44373,23269,21104,31615,15511,16104,8068,4063,4005,4555413,2343407,2212006,21985,11334,10651
Rural,State - ANDHRA PRADESH,Hindu,10-14,5196953,2671681,2525272,244166,119590,124576,120525,54383,66142,41750,18935,22815,4832262,2497708,2334554,52032,26356,25676
Rural,State - ANDHRA PRADESH,Hindu,15-19,4974774,2616585,2358189,1287617,725958,561659,402960,185750,217210,215857,107705,108152,3284197,1704877,1579320,393098,208281,184817
Rural,State - ANDHRA PRADESH,Hindu,20-24,4906336,2503640,2402696,2489276,1456009,1033267,589610,249793,339817,335186,164292,170894,1827450,797838,1029612,444502,241856,202646
Rural,State - ANDHRA PRADESH,Hindu,25-29,4672859,2295056,2377803,3120627,1842706,1277921,615785,228338,387447,337504,149177,188327,936447,224012,712435,217559,96550,121009
Rural,State - ANDHRA PRADESH,Hindu,30-34,3971299,1975587,1995712,2880700,1723872,1156828,523958,184635,339323,277457,118934,158523,566641,67080,499561,84663,24516,60147
Rural,State - ANDHRA PRADESH,Hindu,35-39,3987187,1936505,2050682,2945846,1718607,1227239,525880,176864,349016,271376,112329,159047,515461,41034,474427,59433,11382,48051
Rural,State - ANDHRA PRADESH,Hindu,40-49,6225642,3172863,3052779,4600277,2822708,1777569,785410,279567,505843,379291,166557,212734,839955,70588,769367,69931,12977,56954
Rural,State - ANDHRA PRADESH,Hindu,50-59,4169459,1990425,2179034,2784434,1695227,1089207,512521,175780,336741,213493,90451,123042,872504,119418,753086,50647,11145,39502
Rural,State - ANDHRA PRADESH,Hindu,60-69,3754794,1744198,2010596,1741273,1128048,613225,390033,167711,222322,127897,62987,64910,1623488,448439,1175049,54111,17270,36841
Rural,State - ANDHRA PRADESH,Hindu,70-79,1524556,757403,767153,404331,301127,103204,94173,53741,40432,23666,14222,9444,1026052,402535,623517,17262,7354,9908
Rural,State - ANDHRA PRADESH,Hindu,80+,503948,222156,281792,82519,54915,27604,18731,9525,9206,4966,2483,2483,402698,157716,244982,2610,1126,1484
Rural,State - ANDHRA PRADESH,Hindu,Age not stated,368412,185063,183349,143162,80484,62678,32415,13034,19381,13388,6134,7254,192835,91545,101290,5891,2907,2984
Rural,State - ANDHRA PRADESH,Hindu,15-59,32907556,16490661,16416895,20108777,11985087,8123690,3956124,1480727,2475397,2030164,909445,1120719,8842655,3024847,5817808,1319833,606707,713126
Rural,State - ANDHRA PRADESH,Hindu,60+,5783298,2723757,3059541,2228123,1484090,744033,502937,230977,271960,156529,79692,76837,3052238,1008690,2043548,73983,25750,48233
Rural,State - ANDHRA PRADESH,Muslim,Total,2839300,1424322,1414978,1089252,724302,364950,196924,90206,106718,89021,47276,41745,1553124,609814,943310,90634,35334,55300
Rural,State - ANDHRA PRADESH,Muslim,5-9,279261,142852,136409,2359,1348,1011,1754,873,881,463,242,221,275148,140631,134517,1391,695,696
Rural,State - ANDHRA PRADESH,Muslim,10-14,295741,150948,144793,14805,8148,6657,5996,2936,3060,2072,1084,988,274940,139864,135076,3668,1826,1842
Rural,State - ANDHRA PRADESH,Muslim,15-19,289405,147648,141757,78467,49910,28557,20308,10399,9909,10182,5685,4497,190630,87339,103291,24625,12145,12480
Rural,State - ANDHRA PRADESH,Muslim,20-24,287263,144978,142285,135046,92734,42312,26792,13737,13055,14047,8212,5835,125425,38507,86918,25578,11973,13605
Rural,State - ANDHRA PRADESH,Muslim,25-29,258796,127386,131410,155066,105188,49878,26365,12163,14202,13301,7154,6147,77365,10035,67330,13321,4180,9141
Rural,State - ANDHRA PRADESH,Muslim,30-34,209697,105591,104106,138507,92686,45821,21987,9390,12597,10659,5407,5252,49203,3515,45688,5877,1120,4757
Rural,State - ANDHRA PRADESH,Muslim,35-39,206631,102890,103741,140228,91413,48815,22080,9096,12984,10478,5181,5297,44323,2381,41942,4507,640,3867
Rural,State - ANDHRA PRADESH,Muslim,40-49,301773,156778,144995,207821,139115,68706,31337,13420,17917,13910,7206,6704,62615,4243,58372,4837,782,4055
Rural,State - ANDHRA PRADESH,Muslim,50-59,192774,92279,100495,118553,77319,41234,19766,8043,11723,7694,3704,3990,54455,6917,47538,2954,615,2339
Rural,State - ANDHRA PRADESH,Muslim,60-69,164935,76343,88592,71402,47488,23914,14615,6905,7710,4510,2426,2084,78918,21950,56968,2558,828,1730
Rural,State - ANDHRA PRADESH,Muslim,70-79,64121,31249,32872,16471,12124,4347,3562,2122,1440,902,556,346,44088,17003,27085,733,325,408
Rural,State - ANDHRA PRADESH,Muslim,80+,22297,9312,12985,3600,2419,1181,840,417,423,230,110,120,17857,6476,11381,177,59,118
Rural,State - ANDHRA PRADESH,Muslim,Age not stated,21172,10445,10727,6927,4410,2517,1522,705,817,573,309,264,12723,5330,7393,408,146,262
Rural,State - ANDHRA PRADESH,Muslim,15-59,1746339,877550,868789,973688,648365,325323,168635,76248,92387,80271,42549,37722,604016,152937,451079,81699,31455,50244
Rural,State - ANDHRA PRADESH,Muslim,60+,251353,116904,134449,91473,62031,29442,19017,9444,9573,5642,3092,2550,140863,45429,95434,3468,1212,2256
Rural,State - ANDHRA PRADESH,Christian,Total,502264,244039,258225,204911,124045,80866,47662,18706,28956,24289,10893,13396,249691,101288,148403,17682,7130,10552
Rural,State - ANDHRA PRADESH,Christian,5-9,42070,21369,20701,369,202,167,302,143,159,87,50,37,41399,21024,20375,236,112,124
Rural,State - ANDHRA PRADESH,Christian,10-14,46745,23389,23356,1903,1020,883,1042,446,596,379,172,207,43800,21923,21877,506,245,261
Rural,State - ANDHRA PRADESH,Christian,15-19,46488,23373,23115,10971,6558,4413,4191,1938,2253,2388,1180,1208,31326,14877,16449,4024,1918,2106
Rural,State - ANDHRA PRADESH,Christian,20-24,48376,22991,25385,21824,12744,9080,6147,2542,3605,3681,1738,1943,20405,7705,12700,5273,2464,2809
Rural,State - ANDHRA PRADESH,Christian,25-29,45802,21730,24072,27709,16534,11175,6481,2482,3999,3763,1665,2098,11612,2714,8898,2977,1149,1828
Rural,State - ANDHRA PRADESH,Christian,30-34,38761,18953,19808,26419,15984,10435,5296,2002,3294,2905,1272,1633,7046,967,6079,1305,375,930
Rural,State - ANDHRA PRADESH,Christian,35-39,39209,18849,20360,27323,16312,11011,5364,1855,3509,2821,1141,1680,6522,682,5840,959,223,736
Rural,State - ANDHRA PRADESH,Christian,40-49,61159,30462,30697,42838,26363,16475,8237,3069,5168,4178,1827,2351,10084,1030,9054,1021,223,798
Rural,State - ANDHRA PRADESH,Christian,50-59,40985,19063,21922,25854,15674,10180,5354,1906,3448,2356,990,1366,9777,1483,8294,544,129,415
Rural,State - ANDHRA PRADESH,Christian,60-69,35046,15365,19681,14649,9244,5405,3903,1645,2258,1320,640,680,16494,4476,12018,559,177,382
Rural,State - ANDHRA PRADESH,Christian,70-79,13948,6572,7376,3395,2383,1012,904,481,423,250,142,108,9649,3708,5941,162,64,98
Rural,State - ANDHRA PRADESH,Christian,80+,4414,1964,2450,719,468,251,181,92,89,55,27,28,3514,1404,2110,21,9,12
Rural,State - ANDHRA PRADESH,Christian,Age not stated,2869,1400,1469,938,559,379,260,105,155,106,49,57,1671,736,935,95,42,53
Rural,State - ANDHRA PRADESH,Christian,15-59,320780,155421,165359,182938,110169,72769,41070,15794,25276,22092,9813,12279,96772,29458,67314,16103,6481,9622
Rural,State - ANDHRA PRADESH,Christian,60+,53408,23901,29507,18763,12095,6668,4988,2218,2770,1625,809,816,29657,9588,20069,742,250,492
Rural,State - ANDHRA PRADESH,Sikh,Total,7915,4329,3586,3224,2226,998,693,345,348,285,150,135,3998,1758,2240,232,102,130
Rural,State - ANDHRA PRADESH,Sikh,5-9,838,438,400,11,4,7,11,5,6,5,2,3,816,429,387,6,4,2
Rural,State - ANDHRA PRADESH,Sikh,10-14,762,399,363,40,26,14,19,10,9,6,3,3,703,363,340,14,11,3
Rural,State - ANDHRA PRADESH,Sikh,15-19,716,380,336,193,117,76,52,28,24,26,12,14,471,235,236,62,25,37
Rural,State - ANDHRA PRADESH,Sikh,20-24,785,431,354,405,284,121,103,48,55,51,23,28,277,99,178,56,32,24
Rural,State - ANDHRA PRADESH,Sikh,25-29,766,420,346,504,342,162,90,50,40,40,25,15,172,28,144,34,12,22
Rural,State - ANDHRA PRADESH,Sikh,30-34,558,318,240,404,276,128,70,32,38,22,12,10,84,10,74,7,0,7
Rural,State - ANDHRA PRADESH,Sikh,35-39,550,334,216,402,284,118,73,40,33,22,14,8,75,10,65,9,4,5
Rural,State - ANDHRA PRADESH,Sikh,40-49,816,483,333,579,411,168,107,58,49,48,31,17,130,14,116,11,5,6
Rural,State - ANDHRA PRADESH,Sikh,50-59,545,313,232,355,252,103,81,38,43,30,14,16,109,23,86,10,2,8
Rural,State - ANDHRA PRADESH,Sikh,60-69,466,226,240,207,139,68,58,24,34,27,11,16,201,63,138,18,4,14
Rural,State - ANDHRA PRADESH,Sikh,70-79,168,97,71,63,46,17,10,6,4,3,2,1,95,45,50,2,1,1
Rural,State - ANDHRA PRADESH,Sikh,80+,58,34,24,10,8,2,4,1,3,1,0,1,44,25,19,0,0,0
Rural,State - ANDHRA PRADESH,Sikh,Age not stated,170,91,79,51,37,14,15,5,10,4,1,3,104,49,55,3,2,1
Rural,State - ANDHRA PRADESH,Sikh,15-59,4736,2679,2057,2842,1966,876,576,294,282,239,131,108,1318,419,899,189,80,109
Rural,State - ANDHRA PRADESH,Sikh,60+,692,357,335,280,193,87,72,31,41,31,13,18,340,133,207,20,5,15
Rural,State - ANDHRA PRADESH,Buddhist,Total,23554,11976,11578,9078,5140,3938,2815,1158,1657,1815,801,1014,11661,5678,5983,1077,515,562
Rural,State - ANDHRA PRADESH,Buddhist,5-9,2366,1222,1144,56,28,28,48,17,31,20,7,13,2262,1177,1085,22,9,13
Rural,State - ANDHRA PRADESH,Buddhist,10-14,2492,1307,1185,137,71,66,77,34,43,36,16,20,2278,1202,1076,35,20,15
Rural,State - ANDHRA PRADESH,Buddhist,15-19,2441,1241,1200,558,303,255,253,109,144,161,81,80,1630,829,801,350,182,168
Rural,State - ANDHRA PRADESH,Buddhist,20-24,2160,1121,1039,1044,558,486,416,183,233,297,141,156,700,380,320,252,160,92
Rural,State - ANDHRA PRADESH,Buddhist,25-29,1927,972,955,1191,669,522,418,189,229,287,141,146,318,114,204,117,52,65
Rural,State - ANDHRA PRADESH,Buddhist,30-34,1611,825,786,1124,662,462,323,132,191,214,85,129,164,31,133,59,13,46
Rural,State - ANDHRA PRADESH,Buddhist,35-39,1631,811,820,1186,678,508,311,110,201,223,85,138,134,23,111,41,12,29
Rural,State - ANDHRA PRADESH,Buddhist,40-49,2283,1172,1111,1701,1000,701,402,151,251,255,107,148,180,21,159,51,6,45
Rural,State - ANDHRA PRADESH,Buddhist,50-59,1362,632,730,901,513,388,245,83,162,143,53,90,216,36,180,44,10,34
Rural,State - ANDHRA PRADESH,Buddhist,60-69,1397,624,773,640,365,275,187,85,102,93,45,48,570,174,396,64,28,36
Rural,State - ANDHRA PRADESH,Buddhist,70-79,549,261,288,148,94,54,38,24,14,20,10,10,363,143,220,18,6,12
Rural,State - ANDHRA PRADESH,Buddhist,80+,180,76,104,42,22,20,6,1,5,4,1,3,132,53,79,2,2,0
Rural,State - ANDHRA PRADESH,Buddhist,Age not stated,1007,508,499,350,177,173,91,40,51,62,29,33,566,291,275,22,15,7
Rural,State - ANDHRA PRADESH,Buddhist,15-59,13415,6774,6641,7705,4383,3322,2368,957,1411,1580,693,887,3342,1434,1908,914,435,479
Rural,State - ANDHRA PRADESH,Buddhist,60+,2126,961,1165,830,481,349,231,110,121,117,56,61,1065,370,695,84,36,48
Rural,State - ANDHRA PRADESH,Jain,Total,5164,2564,2600,1541,970,571,314,149,165,136,83,53,3309,1445,1864,152,65,87
Rural,State - ANDHRA PRADESH,Jain,5-9,631,327,304,6,4,2,5,2,3,0,0,0,620,321,299,1,0,1
Rural,State - ANDHRA PRADESH,Jain,10-14,676,342,334,23,9,14,10,3,7,3,2,1,643,330,313,7,4,3
Rural,State - ANDHRA PRADESH,Jain,15-19,554,288,266,132,63,69,41,16,25,15,7,8,381,209,172,44,26,18
Rural,State - ANDHRA PRADESH,Jain,20-24,528,260,268,255,152,103,60,31,29,36,23,13,213,77,136,53,24,29
Rural,State - ANDHRA PRADESH,Jain,25-29,347,182,165,225,147,78,37,16,21,14,8,6,85,19,66,12,5,7
Rural,State - ANDHRA PRADESH,Jain,30-34,292,155,137,194,131,63,33,18,15,21,14,7,65,6,59,9,2,7
Rural,State - ANDHRA PRADESH,Jain,35-39,280,139,141,178,121,57,32,16,16,15,9,6,70,2,68,10,1,9
Rural,State - ANDHRA PRADESH,Jain,40-49,362,194,168,245,164,81,47,28,19,20,12,8,70,2,68,1,0,1
Rural,State - ANDHRA PRADESH,Jain,50-59,239,106,133,136,94,42,20,4,16,4,2,2,83,8,75,5,0,5
Rural,State - ANDHRA PRADESH,Jain,60-69,260,92,168,82,49,33,17,5,12,3,2,1,161,38,123,7,2,5
Rural,State - ANDHRA PRADESH,Jain,70-79,120,43,77,23,14,9,6,4,2,1,0,1,91,25,66,1,1,0
Rural,State - ANDHRA PRADESH,Jain,80+,45,13,32,6,4,2,0,0,0,0,0,0,39,9,30,0,0,0
Rural,State - ANDHRA PRADESH,Jain,Age not stated,137,68,69,36,18,18,6,6,0,4,4,0,95,44,51,2,0,2
Rural,State - ANDHRA PRADESH,Jain,15-59,2602,1324,1278,1365,872,493,270,129,141,125,75,50,967,323,644,134,58,76
Rural,State - ANDHRA PRADESH,Jain,60+,425,148,277,111,67,44,23,9,14,4,2,2,291,72,219,8,3,5
Rural,State - ANDHRA PRADESH,Other religious communities,Total,3710,1836,1874,1444,841,603,278,104,174,115,52,63,1988,891,1097,116,52,64
Rural,State - ANDHRA PRADESH,Other religious communities,5-9,387,200,187,7,4,3,5,2,3,2,0,2,375,194,181,4,3,1
Rural,State - ANDHRA PRADESH,Other religious communities,10-14,474,257,217,16,9,7,8,3,5,1,0,1,450,245,205,9,2,7
Rural,State - ANDHRA PRADESH,Other religious communities,15-19,341,165,176,103,54,49,26,10,16,17,5,12,212,101,111,28,14,14
Rural,State - ANDHRA PRADESH,Other religious communities,20-24,332,171,161,165,98,67,43,13,30,21,9,12,124,60,64,25,17,8
Rural,State - ANDHRA PRADESH,Other religious communities,25-29,334,144,190,236,120,116,39,11,28,17,8,9,59,13,46,15,5,10
Rural,State - ANDHRA PRADESH,Other religious communities,30-34,267,139,128,198,115,83,23,14,9,8,4,4,46,10,36,8,2,6
Rural,State - ANDHRA PRADESH,Other religious communities,35-39,228,113,115,170,101,69,26,9,17,10,6,4,32,3,29,3,1,2
Rural,State - ANDHRA PRADESH,Other religious communities,40-49,337,162,175,241,143,98,42,12,30,18,8,10,54,7,47,4,0,4
Rural,State - ANDHRA PRADESH,Other religious communities,50-59,239,122,117,165,106,59,27,10,17,8,4,4,47,6,41,4,0,4
Rural,State - ANDHRA PRADESH,Other religious communities,60-69,229,105,124,91,58,33,29,17,12,11,8,3,109,30,79,12,5,7
Rural,State - ANDHRA PRADESH,Other religious communities,70-79,86,32,54,25,16,9,3,0,3,0,0,0,58,16,42,2,1,1
Rural,State - ANDHRA PRADESH,Other religious communities,80+,28,12,16,6,4,2,1,0,1,0,0,0,21,8,13,0,0,0
Rural,State - ANDHRA PRADESH,Other religious communities,Age not stated,75,40,35,21,13,8,6,3,3,2,0,2,48,24,24,2,2,0
Rural,State - ANDHRA PRADESH,Other religious communities,15-59,2078,1016,1062,1278,737,541,226,79,147,99,44,55,574,200,374,87,39,48
Rural,State - ANDHRA PRADESH,Other religious communities,60+,343,149,194,122,78,44,33,17,16,11,8,3,188,54,134,14,6,8
Urban,State - ANDHRA PRADESH,All religious communities,Total,28219075,14198905,14020170,8894410,6874164,2020246,1476189,813242,662947,528457,315342,213115,17848476,6511499,11336977,1429051,602261,826790
Urban,State - ANDHRA PRADESH,All religious communities,5-9,2327563,1201306,1126257,27993,16609,11384,44087,22953,21134,10239,5454,4785,2255483,1161744,1093739,17858,9379,8479
Urban,State - ANDHRA PRADESH,All religious communities,10-14,2636193,1349024,1287169,66914,43093,23821,61646,32551,29095,16543,9003,7540,2507633,1273380,1234253,33998,18015,15983
Urban,State - ANDHRA PRADESH,All religious communities,15-19,2759678,1396314,1363364,324363,225613,98750,122204,68188,54016,53214,31207,22007,2313111,1102513,1210598,300515,157525,142990
Urban,State - ANDHRA PRADESH,All religious communities,20-24,2868817,1373027,1495790,812735,601879,210856,192637,108865,83772,93173,56444,36729,1863445,662283,1201162,431744,213971,217773
Urban,State - ANDHRA PRADESH,All religious communities,25-29,2803455,1356745,1446710,1295743,988912,306831,211540,117308,94232,91311,54734,36577,1296172,250525,1045647,277376,107716,169660
Urban,State - ANDHRA PRADESH,All religious communities,30-34,2350752,1193492,1157260,1301524,1009936,291588,176029,96088,79941,66056,39433,26623,873199,87468,785731,116076,31480,84596
Urban,State - ANDHRA PRADESH,All religious communities,35-39,2260981,1134068,1126913,1293654,992240,301414,167466,88694,78772,59470,34828,24642,799861,53134,746727,81796,15039,66757
Urban,State - ANDHRA PRADESH,All religious communities,40-49,3448541,1799616,1648925,2003149,1585764,417385,236009,130274,105735,73718,45455,28263,1209383,83578,1125805,80942,16173,64769
Urban,State - ANDHRA PRADESH,All religious communities,50-59,2150345,1105510,1044835,1112089,897319,214770,132100,72590,59510,33872,20256,13616,906156,135601,770555,39788,11825,27963
Urban,State - ANDHRA PRADESH,All religious communities,60-69,1400437,679082,721355,419966,327413,92553,76327,43174,33153,17506,10535,6971,904144,308495,595649,31572,13336,18236
Urban,State - ANDHRA PRADESH,All religious communities,70-79,548288,262674,285614,102513,82862,19651,21628,13360,8268,4131,2623,1508,424147,166452,257695,6819,2962,3857
Urban,State - ANDHRA PRADESH,All religious communities,80+,221425,91694,129731,36764,28220,8544,9053,4896,4157,1986,1116,870,175608,58578,117030,2123,851,1272
Urban,State - ANDHRA PRADESH,All religious communities,Age not stated,369993,186072,183921,97003,74304,22699,25463,14301,11162,7238,4254,2984,247527,97467,150060,8444,3989,4455
Urban,State - ANDHRA PRADESH,All religious communities,15-59,18642569,9358772,9283797,8143257,6301663,1841594,1237985,682007,555978,470814,282357,188457,9261327,2375102,6886225,1328237,553729,774508
Urban,State - ANDHRA PRADESH,All religious communities,60+,2170150,1033450,1136700,559243,438495,120748,107008,61430,45578,23623,14274,9349,1503899,533525,970374,40514,17149,23365
Urban,State - ANDHRA PRADESH,Hindu,Total,22030628,11075112,10955516,7190608,5500642,1689966,1119980,600897,519083,400557,232950,167607,13720040,4973573,8746467,1084466,454631,629835
Urban,State - ANDHRA PRADESH,Hindu,5-9,1727284,892618,834666,18966,11190,7776,27840,14405,13435,6345,3375,2970,1680478,867023,813455,12469,6497,5972
Urban,State - ANDHRA PRADESH,Hindu,10-14,1993021,1019947,973074,46457,28917,17540,40363,20980,19383,10861,5817,5044,1906201,970050,936151,24429,12800,11629
Urban,State - ANDHRA PRADESH,Hindu,15-19,2098686,1064132,1034554,232627,157230,75397,84706,46131,38575,36862,21155,15707,1781353,860771,920582,216507,112998,103509
Urban,State - ANDHRA PRADESH,Hindu,20-24,2196016,1047010,1149006,623368,450821,172547,142477,78245,64232,69713,41271,28442,1430171,517944,912227,336217,167005,169212
Urban,State - ANDHRA PRADESH,Hindu,25-29,2199261,1061851,1137410,1040366,781471,258895,163105,87881,75224,71065,41500,29565,995790,192499,803291,217506,84933,132573
Urban,State - ANDHRA PRADESH,Hindu,30-34,1867929,948654,919275,1058461,811928,246533,136486,72403,64083,51571,29875,21696,672982,64323,608659,88901,23817,65084
Urban,State - ANDHRA PRADESH,Hindu,35-39,1816014,908582,907432,1059907,803302,256605,131193,67066,64127,46827,26521,20306,624914,38214,586700,61742,10815,50927
Urban,State - ANDHRA PRADESH,Hindu,40-49,2802367,1461068,1341299,1654850,1300091,354759,186034,99733,86301,57581,34451,23130,961483,61244,900239,60332,11457,48875
Urban,State - ANDHRA PRADESH,Hindu,50-59,1757547,904500,853047,921742,741142,180600,105083,56360,48723,26616,15457,11159,730722,106998,623724,29344,8539,20805
Urban,State - ANDHRA PRADESH,Hindu,60-69,1150228,555935,594293,346268,268331,77937,61321,34009,27312,13631,7989,5642,742639,253595,489044,23639,9876,13763
Urban,State - ANDHRA PRADESH,Hindu,70-79,453225,216481,236744,84083,67863,16220,17185,10524,6661,3125,1955,1170,351957,138094,213863,5194,2226,2968
Urban,State - ANDHRA PRADESH,Hindu,80+,180758,74275,106483,29242,22267,6975,6745,3608,3137,1379,756,623,144771,48400,96371,1665,657,1008
Urban,State - ANDHRA PRADESH,Hindu,Age not stated,262547,131202,131345,74271,56089,18182,17442,9552,7890,4981,2828,2153,170834,65561,105273,6521,3011,3510
Urban,State - ANDHRA PRADESH,Hindu,15-59,14737820,7395797,7342023,6591321,5045985,1545336,949084,507819,441265,360235,210230,150005,7197415,1841993,5355422,1010549,419564,590985
Urban,State - ANDHRA PRADESH,Hindu,60+,1784211,846691,937520,459593,358461,101132,85251,48141,37110,18135,10700,7435,1239367,440089,799278,30498,12759,17739
Urban,State - ANDHRA PRADESH,Muslim,Total,5243112,2661591,2581521,1414823,1172126,242697,299705,182514,117191,108168,71438,36730,3528584,1306951,2221633,290558,124560,165998
Urban,State - ANDHRA PRADESH,Muslim,5-9,521001,267766,253235,7523,4550,2973,13827,7290,6537,3320,1774,1546,499651,255926,243725,4737,2536,2201
Urban,State - ANDHRA PRADESH,Muslim,10-14,556132,284534,271598,17941,12667,5274,18297,10041,8256,4895,2781,2114,519894,261826,258068,8426,4610,3816
Urban,State - ANDHRA PRADESH,Muslim,15-19,571889,287591,284298,80882,61410,19472,32424,19288,13136,14066,8773,5293,458583,206893,251690,73788,39204,34584
Urban,State - ANDHRA PRADESH,Muslim,20-24,577907,282116,295791,163520,133739,29781,42548,26670,15878,19707,13155,6552,371839,121707,250132,80226,39627,40599
Urban,State - ANDHRA PRADESH,Muslim,25-29,511241,251182,260059,213617,178558,35059,40381,25095,15286,16778,11269,5509,257243,47529,209714,49104,18427,30677
Urban,State - ANDHRA PRADESH,Muslim,30-34,405283,206908,198375,200841,168075,32766,32999,20246,12753,12165,8255,3910,171443,18587,152856,22218,6043,16175
Urban,State - ANDHRA PRADESH,Muslim,35-39,373559,191129,182430,192816,160468,32348,30515,18672,11843,10700,7238,3462,150228,11989,138239,16487,3277,13210
Urban,State - ANDHRA PRADESH,Muslim,40-49,538020,285716,252304,285317,241277,44040,42000,26325,15675,13845,9688,4157,210703,18114,192589,17111,3720,13391
Urban,State - ANDHRA PRADESH,Muslim,50-59,320766,166399,154367,152835,129422,23413,22387,13784,8603,6189,4189,2000,145544,23193,122351,8692,2667,6025
Urban,State - ANDHRA PRADESH,Muslim,60-69,204097,101880,102217,61133,50137,10996,12480,7784,4696,3334,2238,1096,130484,43959,86525,6557,2911,3646
Urban,State - ANDHRA PRADESH,Muslim,70-79,76064,37584,38480,15015,12507,2508,3643,2405,1238,864,589,275,57406,22672,34734,1367,623,744
Urban,State - ANDHRA PRADESH,Muslim,80+,32608,14152,18456,6086,4972,1114,1858,1065,793,503,311,192,24664,8115,16549,362,163,199
Urban,State - ANDHRA PRADESH,Muslim,Age not stated,82635,42360,40275,17297,14344,2953,6346,3849,2497,1802,1178,624,58992,24167,34825,1483,752,731
Urban,State - ANDHRA PRADESH,Muslim,15-59,3298665,1671041,1627624,1289828,1072949,216879,243254,150080,93174,93450,62567,30883,1765583,448012,1317571,267626,112965,154661
Urban,State - ANDHRA PRADESH,Muslim,60+,312769,153616,159153,82234,67616,14618,17981,11254,6727,4701,3138,1563,212554,74746,137808,8286,3697,4589
Urban,State - ANDHRA PRADESH,Christian,Total,627520,304714,322806,212655,145939,66716,35511,18622,16889,12319,6775,5544,379354,140153,239201,33318,13689,19629
Urban,State - ANDHRA PRADESH,Christian,5-9,48406,24419,23987,705,389,316,1213,626,587,249,133,116,46488,23404,23084,345,185,160
Urban,State - ANDHRA PRADESH,Christian,10-14,54472,27088,27384,1440,858,582,1522,770,752,402,203,199,51510,25460,26050,698,362,336
Urban,State - ANDHRA PRADESH,Christian,15-19,55138,26218,28920,6028,3888,2140,2785,1465,1320,1260,667,593,46325,20865,25460,5556,2718,2838
Urban,State - ANDHRA PRADESH,Christian,20-24,61907,27689,34218,16792,10999,5793,4541,2259,2282,2262,1144,1118,40574,14431,26143,9822,4558,5264
Urban,State - ANDHRA PRADESH,Christian,25-29,63040,29487,33553,29851,20272,9579,5143,2732,2411,2226,1250,976,28046,6483,21563,7127,2812,4315
Urban,State - ANDHRA PRADESH,Christian,30-34,54140,26959,27181,31626,22107,9519,4355,2275,2080,1587,881,706,18159,2577,15582,3149,1014,2135
Urban,State - ANDHRA PRADESH,Christian,35-39,51572,25562,26010,31922,21920,10002,3982,2067,1915,1337,758,579,15668,1575,14093,2217,570,1647
Urban,State - ANDHRA PRADESH,Christian,40-49,79204,39654,39550,49489,34241,15248,5532,2968,2564,1603,948,655,24183,2445,21738,2083,552,1531
Urban,State - ANDHRA PRADESH,Christian,50-59,53854,26379,27475,29672,20749,8923,3245,1738,1507,740,430,310,20937,3892,17045,1087,379,708
Urban,State - ANDHRA PRADESH,Christian,60-69,34251,16114,18137,9239,6461,2778,1748,971,777,335,200,135,23264,8682,14582,786,335,451
Urban,State - ANDHRA PRADESH,Christian,70-79,13727,6346,7381,2448,1736,712,517,283,234,86,50,36,10762,4327,6435,148,61,87
Urban,State - ANDHRA PRADESH,Christian,80+,5214,2113,3101,957,626,331,258,131,127,61,30,31,3999,1356,2643,62,19,43
Urban,State - ANDHRA PRADESH,Christian,Age not stated,8760,4228,4532,2486,1693,793,670,337,333,171,81,90,5604,2198,3406,238,124,114
Urban,State - ANDHRA PRADESH,Christian,15-59,418855,201948,216907,195380,134176,61204,29583,15504,14079,11015,6078,4937,193892,52268,141624,31041,12603,18438
Urban,State - ANDHRA PRADESH,Christian,60+,53192,24573,28619,12644,8823,3821,2523,1385,1138,482,280,202,38025,14365,23660,996,415,581
Urban,State - ANDHRA PRADESH,Sikh,Total,32329,17205,15124,10504,8393,2111,2037,1175,862,693,406,287,19788,7637,12151,1838,791,1047
Urban,State - ANDHRA PRADESH,Sikh,5-9,2897,1561,1336,98,56,42,133,78,55,32,18,14,2666,1427,1239,63,32,31
Urban,State - ANDHRA PRADESH,Sikh,10-14,2866,1541,1325,121,77,44,172,88,84,43,15,28,2573,1376,1197,120,69,51
Urban,State - ANDHRA PRADESH,Sikh,15-19,2981,1679,1302,480,365,115,208,116,92,101,61,40,2293,1198,1095,409,227,182
Urban,State - ANDHRA PRADESH,Sikh,20-24,3478,1831,1647,1266,979,287,271,159,112,132,79,53,1941,693,1248,486,221,265
Urban,State - ANDHRA PRADESH,Sikh,25-29,3228,1711,1517,1566,1231,335,265,168,97,121,77,44,1397,312,1085,284,108,176
Urban,State - ANDHRA PRADESH,Sikh,30-34,2686,1390,1296,1446,1147,299,209,112,97,67,42,25,1031,131,900,130,38,92
Urban,State - ANDHRA PRADESH,Sikh,35-39,2338,1209,1129,1255,1012,243,183,99,84,60,31,29,900,98,802,97,24,73
Urban,State - ANDHRA PRADESH,Sikh,40-49,3713,1966,1747,2083,1724,359,232,137,95,64,36,28,1398,105,1293,114,24,90
Urban,State - ANDHRA PRADESH,Sikh,50-59,2434,1288,1146,1245,1034,211,157,90,67,39,24,15,1032,164,868,61,19,42
Urban,State - ANDHRA PRADESH,Sikh,60-69,1505,784,721,528,435,93,100,64,36,20,13,7,877,285,592,57,20,37
Urban,State - ANDHRA PRADESH,Sikh,70-79,643,324,319,170,135,35,33,22,11,2,2,0,440,167,273,10,6,4
Urban,State - ANDHRA PRADESH,Sikh,80+,359,189,170,83,68,15,33,18,15,6,4,2,243,103,140,4,2,2
Urban,State - ANDHRA PRADESH,Sikh,Age not stated,517,289,228,163,130,33,41,24,17,6,4,2,313,135,178,3,1,2
Urban,State - ANDHRA PRADESH,Sikh,15-59,20858,11074,9784,9341,7492,1849,1525,881,644,584,350,234,9992,2701,7291,1581,661,920
Urban,State - ANDHRA PRADESH,Sikh,60+,2507,1297,1210,781,638,143,166,104,62,28,19,9,1560,555,1005,71,28,43
Urban,State - ANDHRA PRADESH,Buddhist,Total,13138,6836,6302,4187,3082,1105,1064,568,496,562,316,246,7887,3186,4701,768,269,499
Urban,State - ANDHRA PRADESH,Buddhist,5-9,1138,611,527,11,7,4,24,11,13,4,2,2,1103,593,510,11,8,3
Urban,State - ANDHRA PRADESH,Buddhist,10-14,1202,625,577,41,26,15,37,17,20,10,5,5,1124,582,542,10,3,7
Urban,State - ANDHRA PRADESH,Buddhist,15-19,1281,662,619,213,165,48,81,47,34,47,25,22,987,450,537,166,71,95
Urban,State - ANDHRA PRADESH,Buddhist,20-24,1326,692,634,425,320,105,143,89,54,97,63,34,758,283,475,204,85,119
Urban,State - ANDHRA PRADESH,Buddhist,25-29,1249,620,629,589,425,164,150,81,69,81,50,31,510,114,396,134,43,91
Urban,State - ANDHRA PRADESH,Buddhist,30-34,1080,564,516,601,441,160,139,69,70,72,33,39,340,54,286,61,12,49
Urban,State - ANDHRA PRADESH,Buddhist,35-39,999,527,472,595,430,165,115,54,61,61,37,24,289,43,246,45,7,38
Urban,State - ANDHRA PRADESH,Buddhist,40-49,1405,757,648,880,637,243,159,87,72,78,44,34,366,33,333,50,8,42
Urban,State - ANDHRA PRADESH,Buddhist,50-59,830,435,395,454,348,106,78,37,41,39,16,23,298,50,248,26,7,19
Urban,State - ANDHRA PRADESH,Buddhist,60-69,548,275,273,166,118,48,56,35,21,31,17,14,326,122,204,34,13,21
Urban,State - ANDHRA PRADESH,Buddhist,70-79,233,106,127,37,29,8,20,13,7,9,7,2,176,64,112,8,4,4
Urban,State - ANDHRA PRADESH,Buddhist,80+,88,48,40,23,20,3,5,4,1,1,1,0,60,24,36,2,2,0
Urban,State - ANDHRA PRADESH,Buddhist,Age not stated,629,316,313,152,116,36,57,24,33,32,16,16,420,176,244,17,6,11
Urban,State - ANDHRA PRADESH,Buddhist,15-59,8170,4257,3913,3757,2766,991,865,464,401,475,268,207,3548,1027,2521,686,233,453
Urban,State - ANDHRA PRADESH,Buddhist,60+,869,429,440,226,167,59,81,52,29,41,25,16,562,210,352,44,19,25
Urban,State - ANDHRA PRADESH,Jain,Total,48685,24909,23776,14710,13226,1484,2046,1168,878,467,249,218,31929,10515,21414,1983,746,1237
Urban,State - ANDHRA PRADESH,Jain,5-9,3829,2055,1774,46,30,16,135,77,58,17,7,10,3648,1948,1700,20,11,9
Urban,State - ANDHRA PRADESH,Jain,10-14,3867,2060,1807,84,64,20,163,85,78,24,14,10,3620,1911,1709,43,19,24
Urban,State - ANDHRA PRADESH,Jain,15-19,4153,2154,1999,317,246,71,208,125,83,72,40,32,3628,1783,1845,350,178,172
Urban,State - ANDHRA PRADESH,Jain,20-24,4610,2329,2281,1224,1038,186,239,132,107,106,54,52,3147,1159,1988,644,302,342
Urban,State - ANDHRA PRADESH,Jain,25-29,4745,2353,2392,2123,1856,267,228,142,86,69,40,29,2394,355,2039,329,102,227
Urban,State - ANDHRA PRADESH,Jain,30-34,4414,2263,2151,2161,1957,204,212,133,79,33,22,11,2041,173,1868,155,37,118
Urban,State - ANDHRA PRADESH,Jain,35-39,3901,1937,1964,1878,1708,170,171,99,72,31,18,13,1852,130,1722,153,32,121
Urban,State - ANDHRA PRADESH,Jain,40-49,6586,3347,3239,3282,3034,248,297,152,145,61,24,37,3007,161,2846,161,27,134
Urban,State - ANDHRA PRADESH,Jain,50-59,4230,2226,2004,2108,1945,163,185,100,85,30,17,13,1937,181,1756,66,12,54
Urban,State - ANDHRA PRADESH,Jain,60-69,2493,1242,1251,935,849,86,105,64,41,12,5,7,1453,329,1124,45,20,25
Urban,State - ANDHRA PRADESH,Jain,70-79,1087,536,551,270,255,15,50,26,24,4,1,3,767,255,512,8,3,5
Urban,State - ANDHRA PRADESH,Jain,80+,476,208,268,104,91,13,16,8,8,1,1,0,356,109,247,1,1,0
Urban,State - ANDHRA PRADESH,Jain,Age not stated,693,347,346,178,153,25,37,25,12,7,6,1,478,169,309,8,2,6
Urban,State - ANDHRA PRADESH,Jain,15-59,32639,16609,16030,13093,11784,1309,1540,883,657,402,215,187,18006,3942,14064,1858,690,1168
Urban,State - ANDHRA PRADESH,Jain,60+,4056,1986,2070,1309,1195,114,171,98,73,17,7,10,2576,693,1883,54,24,30
Urban,State - ANDHRA PRADESH,Other religious communities,Total,5837,2979,2858,1835,1373,462,412,217,195,132,66,66,3590,1389,2201,285,119,166
Urban,State - ANDHRA PRADESH,Other religious communities,5-9,503,267,236,18,14,4,23,11,12,8,4,4,462,242,220,4,3,1
Urban,State - ANDHRA PRADESH,Other religious communities,10-14,485,242,243,13,7,6,19,8,11,6,2,4,453,227,226,9,3,6
Urban,State - ANDHRA PRADESH,Other religious communities,15-19,536,306,230,105,82,23,38,23,15,13,5,8,393,201,192,48,32,16
Urban,State - ANDHRA PRADESH,Other religious communities,20-24,595,291,304,196,147,49,65,31,34,25,10,15,334,113,221,70,36,34
Urban,State - ANDHRA PRADESH,Other religious communities,25-29,560,256,304,260,175,85,64,33,31,26,15,11,236,48,188,47,13,34
Urban,State - ANDHRA PRADESH,Other religious communities,30-34,525,259,266,259,199,60,45,25,20,13,7,6,221,35,186,37,9,28
Urban,State - ANDHRA PRADESH,Other religious communities,35-39,393,212,181,215,167,48,35,17,18,12,6,6,143,28,115,13,5,8
Urban,State - ANDHRA PRADESH,Other religious communities,40-49,606,327,279,344,263,81,50,31,19,14,7,7,212,33,179,27,5,22
Urban,State - ANDHRA PRADESH,Other religious communities,50-59,426,223,203,220,163,57,34,19,15,7,5,2,172,41,131,16,4,12
Urban,State - ANDHRA PRADESH,Other religious communities,60-69,312,154,158,100,76,24,16,8,8,3,1,2,196,70,126,9,4,5
Urban,State - ANDHRA PRADESH,Other religious communities,70-79,169,74,95,42,32,10,8,3,5,0,0,0,119,39,80,2,2,0
Urban,State - ANDHRA PRADESH,Other religious communities,80+,89,36,53,14,10,4,5,3,2,1,1,0,70,23,47,1,1,0
Urban,State - ANDHRA PRADESH,Other religious communities,Age not stated,162,89,73,49,38,11,10,5,5,4,3,1,103,46,57,2,2,0
Urban,State - ANDHRA PRADESH,Other religious communities,15-59,3641,1874,1767,1599,1196,403,331,179,152,110,55,55,1711,499,1212,258,104,154
Urban,State - ANDHRA PRADESH,Other religious communities,60+,570,264,306,156,118,38,29,14,15,4,2,2,385,132,253,12,7,5
Total,State - KARNATAKA,All religious communities,Total,61095297,30966657,30128640,23397181,16349837,7047344,4475416,1920279,2555137,1104284,603015,501269,33222700,12696541,20526159,1665817,711124,954693
Total,State - KARNATAKA,All religious communities,5-9,5241509,2696670,2544839,49753,27219,22534,44298,22585,21713,7394,3808,3586,5147458,2646866,2500592,27916,14595,13321
Total,State - KARNATAKA,All religious communities,10-14,5736646,2955287,2781359,199679,117773,81906,127615,63300,64315,24476,12804,11672,5409352,2774214,2635138,56736,30068,26668
Total,State - KARNATAKA,All religious communities,15-19,5827277,3042048,2785229,1293180,877839,415341,450794,237663,213131,146335,87306,59029,4083303,1926546,2156757,439025,234359,204666
Total,State - KARNATAKA,All religious communities,20-24,6052558,3109586,2942972,2715409,1908990,806419,649806,327366,322440,229260,140208,89052,2687343,873230,1814113,529754,256134,273620
Total,State - KARNATAKA,All religious communities,25-29,5771606,2879254,2892352,3332924,2328310,1004614,630151,281899,348252,191188,108733,82455,1808531,269045,1539486,274815,96022,178793
Total,State - KARNATAKA,All religious communities,30-34,4698380,2389594,2308786,2985310,2083678,901632,496405,202603,293802,125454,66463,58991,1216665,103313,1113352,107316,27718,79598
Total,State - KARNATAKA,All religious communities,35-39,4695451,2319088,2376363,3064324,2063873,1000451,504717,184497,320220,114591,55572,59019,1126410,70718,1055692,76411,14383,62028
Total,State - KARNATAKA,All religious communities,40-49,7346494,3782601,3563893,4845113,3385015,1460098,746852,275817,471035,145731,70819,74912,1754529,121769,1632760,74185,14430,59755
Total,State - KARNATAKA,All religious communities,50-59,4841774,2438023,2403751,2914544,2090149,824395,445898,160907,284991,70679,32424,38255,1481332,186967,1294365,37739,8493,29246
Total,State - KARNATAKA,All religious communities,60-69,3580171,1718317,1861854,1483073,1073050,410023,276689,111943,164746,37219,18172,19047,1820409,533324,1287085,29971,10460,19511
Total,State - KARNATAKA,All religious communities,70-79,1585551,760253,825298,401866,311435,90431,78124,39654,38470,8651,4858,3793,1105561,409164,696397,8833,3224,5609
Total,State - KARNATAKA,All religious communities,80+,625310,268502,356808,100268,74316,25952,21161,10577,10584,2742,1522,1220,503881,183609,320272,2560,946,1614
Total,State - KARNATAKA,All religious communities,Age not stated,45851,25410,20441,11738,8190,3548,2906,1468,1438,564,326,238,31207,15752,15455,556,292,264
Total,State - KARNATAKA,All religious communities,15-59,39233540,19960194,19273346,21150804,14737854,6412950,3924623,1670752,2253871,1023238,561525,461713,14158113,3551588,10606525,1539245,651539,887706
Total,State - KARNATAKA,All religious communities,60+,5791032,2747072,3043960,1985207,1458801,526406,375974,162174,213800,48612,24552,24060,3429851,1126097,2303754,41364,14630,26734
Total,State - KARNATAKA,Hindu,Total,51317472,26017983,25299489,20188492,13911880,6276612,3936469,1628326,2308143,964848,515842,449006,27192511,10477777,16714734,1380750,591786,788964
Total,State - KARNATAKA,Hindu,5-9,4278069,2202433,2075636,41240,22464,18776,36294,18563,17731,5940,3070,2870,4200535,2161406,2039129,22397,11746,10651
Total,State - KARNATAKA,Hindu,10-14,4720343,2435773,2284570,166262,95330,70932,109600,53464,56136,20632,10556,10076,4444481,2286979,2157502,45630,23887,21743
Total,State - KARNATAKA,Hindu,15-19,4795382,2518642,2276740,1074963,715285,359678,387236,199411,187825,125911,73985,51926,3333183,1603946,1729237,361029,193469,167560
Total,State - KARNATAKA,Hindu,20-24,5017709,2587669,2430040,2300182,1587848,712334,565467,276022,289445,200498,120558,79940,2152060,723799,1428261,442337,214879,227458
Total,State - KARNATAKA,Hindu,25-29,4855706,2425813,2429893,2860365,1964945,895420,553775,239317,314458,168311,93961,74350,1441566,221551,1220015,229240,81330,147910
Total,State - KARNATAKA,Hindu,30-34,3968701,2016664,1952037,2564209,1762008,802201,436240,170904,265336,109920,56937,52983,968252,83752,884500,89007,23264,65743
Total,State - KARNATAKA,Hindu,35-39,3991617,1965131,2026486,2643584,1751546,892038,445529,155628,289901,100487,47399,53088,902504,57957,844547,62719,11935,50784
Total,State - KARNATAKA,Hindu,40-49,6305559,3240318,3065241,4210957,2905556,1305401,663309,234018,429291,127746,60236,67510,1431293,100744,1330549,61337,11848,49489
Total,State - KARNATAKA,Hindu,50-59,4180162,2104732,2075430,2553417,1813414,740003,398924,138025,260899,62184,27735,34449,1227821,153293,1074528,31348,6914,24434
Total,State - KARNATAKA,Hindu,60-69,3113576,1491692,1621884,1315379,943634,371745,248706,97530,151176,32782,15634,17148,1549491,450528,1098963,25431,8723,16708
Total,State - KARNATAKA,Hindu,70-79,1391795,666888,724907,359862,277934,81928,70252,35047,35205,7603,4206,3397,961681,353907,607774,7605,2731,4874
Total,State - KARNATAKA,Hindu,80+,546558,235231,311327,88399,65255,23144,18742,9216,9526,2362,1289,1073,439417,160760,278657,2177,805,1372
Total,State - KARNATAKA,Hindu,Age not stated,36921,20291,16630,9673,6661,3012,2395,1181,1214,472,276,196,24853,12449,12404,493,255,238
Total,State - KARNATAKA,Hindu,15-59,33114836,16858969,16255867,18207677,12500602,5707075,3450480,1413325,2037155,895057,480811,414246,11456679,2945042,8511637,1277017,543639,733378
Total,State - KARNATAKA,Hindu,60+,5051929,2393811,2658118,1763640,1286823,476817,337700,141793,195907,42747,21129,21618,2950589,965195,1985394,35213,12259,22954
Total,State - KARNATAKA,Muslim,Total,7893065,4007871,3885194,2534437,1962028,572409,441332,243761,197571,115016,73258,41758,4917296,1802082,3115214,221722,92270,129452
Total,State - KARNATAKA,Muslim,5-9,820068,420107,399961,6986,3923,3063,6073,3064,3009,1135,583,552,807009,413120,393889,4558,2328,2230
Total,State - KARNATAKA,Muslim,10-14,858946,437811,421135,29885,20312,9573,14803,8135,6668,3273,1945,1328,814258,409364,404894,9544,5332,4212
Total,State - KARNATAKA,Muslim,15-19,865954,438093,427861,198100,148802,49298,55885,33877,22008,17885,11840,6045,611969,255414,356555,64767,33763,31004
Total,State - KARNATAKA,Muslim,20-24,850630,429962,420668,349348,277114,72234,71233,44141,27092,23771,16628,7143,430049,108707,321342,66725,31003,35722
Total,State - KARNATAKA,Muslim,25-29,738357,366387,371970,376506,297446,79060,63078,35880,27198,18476,12204,6272,298773,33061,265712,34167,10734,23433
Total,State - KARNATAKA,Muslim,30-34,574627,294559,280068,328368,255736,72632,49064,26242,22822,12556,7836,4720,197195,12581,184614,13372,3064,10308
Total,State - KARNATAKA,Muslim,35-39,555740,280903,274837,329063,248432,80631,48386,23981,24405,11582,6785,4797,178291,8490,169801,10170,1623,8547
Total,State - KARNATAKA,Muslim,40-49,800157,421801,378356,484251,372993,111258,66965,34324,32641,14775,8799,5976,248941,14484,234457,9380,1688,7692
Total,State - KARNATAKA,Muslim,50-59,488725,248415,240310,264183,205874,58309,36354,18068,18286,6767,3790,2977,188188,24473,163715,4578,1002,3576
Total,State - KARNATAKA,Muslim,60-69,349076,171171,177905,127317,99066,28251,21656,11425,10231,3593,2095,1498,200103,60680,139423,3239,1237,2002
Total,State - KARNATAKA,Muslim,70-79,137613,68061,69552,30772,24836,5936,5825,3482,2343,844,531,313,101016,39743,61273,919,382,537
Total,State - KARNATAKA,Muslim,80+,54485,23546,30939,8658,6733,1925,1763,1000,763,315,198,117,44064,15813,28251,266,94,172
Total,State - KARNATAKA,Muslim,Age not stated,4206,2331,1875,1000,761,239,247,142,105,44,24,20,2959,1428,1531,37,20,17
Total,State - KARNATAKA,Muslim,15-59,4874190,2480120,2394070,2329819,1806397,523422,390965,216513,174452,105812,67882,37930,2153406,457210,1696196,203159,82877,120282
Total,State - KARNATAKA,Muslim,60+,541174,262778,278396,166747,130635,36112,29244,15907,13337,4752,2824,1928,345183,116236,228947,4424,1713,2711
Total,State - KARNATAKA,Christian,Total,1142647,557436,585211,434322,292089,142233,51766,27705,24061,13544,7910,5634,656559,237642,418917,39474,16101,23373
Total,State - KARNATAKA,Christian,5-9,80577,41025,39552,836,448,388,1130,533,597,176,77,99,78611,40044,38567,526,283,243
Total,State - KARNATAKA,Christian,10-14,89304,45048,44256,1900,1127,773,1575,804,771,292,162,130,85829,43117,42712,843,455,388
Total,State - KARNATAKA,Christian,15-19,96092,46893,49199,11039,7244,3795,3549,2012,1537,1306,749,557,81504,37637,43867,7924,4059,3865
Total,State - KARNATAKA,Christian,20-24,110204,52077,58127,41121,25209,15912,6638,3772,2866,2712,1615,1097,62445,23096,39349,12673,5941,6732
Total,State - KARNATAKA,Christian,25-29,108580,51631,56949,62587,40473,22114,7103,3830,3273,2477,1451,1026,38890,7328,31562,7392,2438,4954
Total,State - KARNATAKA,Christian,30-34,96343,47813,48530,61210,41684,19526,5961,3171,2790,1666,953,713,29172,2958,26214,3213,854,2359
Total,State - KARNATAKA,Christian,35-39,92754,45487,47267,60545,40500,20045,5856,2996,2860,1440,843,597,26353,1991,24362,2287,531,1756
Total,State - KARNATAKA,Christian,40-49,153696,76351,77345,99349,67726,31623,9176,4784,4392,1861,1124,737,45171,3841,41330,2298,632,1666
Total,State - KARNATAKA,Christian,50-59,113651,55710,57941,64760,45521,19239,6022,3215,2807,998,575,423,42869,6974,35895,1211,449,762
Total,State - KARNATAKA,Christian,60-69,73560,34736,38824,22882,16465,6417,3304,1792,1512,463,272,191,47374,16479,30895,833,357,476
Total,State - KARNATAKA,Christian,70-79,34897,15195,19702,5880,4208,1672,995,549,446,107,63,44,28022,10438,17584,186,71,115
Total,State - KARNATAKA,Christian,80+,15115,5783,9332,1923,1315,608,352,191,161,36,22,14,12840,4277,8563,76,24,52
Total,State - KARNATAKA,Christian,Age not stated,1044,521,523,290,169,121,105,56,49,10,4,6,649,296,353,12,7,5
Total,State - KARNATAKA,Christian,15-59,771320,375962,395358,400611,268357,132254,44305,23780,20525,12460,7310,5150,326404,83825,242579,36998,14904,22094
Total,State - KARNATAKA,Christian,60+,123572,55714,67858,30685,21988,8697,4651,2532,2119,606,357,249,88236,31194,57042,1095,452,643
Total,State - KARNATAKA,Sikh,Total,28773,15955,12818,11264,8829,2435,1475,837,638,396,227,169,16034,6289,9745,841,338,503
Total,State - KARNATAKA,Sikh,5-9,2348,1261,1087,39,20,19,37,15,22,4,0,4,2272,1226,1046,19,6,13
Total,State - KARNATAKA,Sikh,10-14,2272,1250,1022,87,60,27,51,34,17,10,6,4,2134,1156,978,35,14,21
Total,State - KARNATAKA,Sikh,15-19,2411,1368,1043,487,384,103,132,79,53,51,27,24,1792,905,887,164,88,76
Total,State - KARNATAKA,Sikh,20-24,3366,2008,1358,1382,1097,285,244,151,93,91,54,37,1740,760,980,281,149,132
Total,State - KARNATAKA,Sikh,25-29,3192,1691,1501,1873,1390,483,240,142,98,68,42,26,1079,159,920,128,34,94
Total,State - KARNATAKA,Sikh,30-34,2736,1558,1178,1783,1388,395,165,91,74,41,28,13,788,79,709,70,19,51
Total,State - KARNATAKA,Sikh,35-39,2335,1292,1043,1504,1168,336,143,71,72,32,16,16,688,53,635,47,7,40
Total,State - KARNATAKA,Sikh,40-49,3317,1895,1422,2136,1700,436,217,123,94,51,26,25,964,72,892,47,8,39
Total,State - KARNATAKA,Sikh,50-59,2064,1134,930,1182,963,219,124,70,54,24,13,11,758,101,657,21,5,16
Total,State - KARNATAKA,Sikh,60-69,1429,744,685,542,457,85,75,34,41,14,8,6,812,253,559,23,6,17
Total,State - KARNATAKA,Sikh,70-79,592,319,273,175,144,31,30,19,11,7,5,2,387,156,231,2,0,2
Total,State - KARNATAKA,Sikh,80+,249,135,114,57,47,10,11,6,5,0,0,0,181,82,99,4,2,2
Total,State - KARNATAKA,Sikh,Age not stated,102,64,38,17,11,6,6,2,4,3,2,1,79,51,28,0,0,0
Total,State - KARNATAKA,Sikh,15-59,19421,10946,8475,10347,8090,2257,1265,727,538,358,206,152,7809,2129,5680,758,310,448
Total,State - KARNATAKA,Sikh,60+,2270,1198,1072,774,648,126,116,59,57,21,13,8,1380,491,889,29,8,21
Total,State - KARNATAKA,Buddhist,Total,95710,55015,40695,27073,17027,10046,9057,4838,4219,2772,1591,1181,59580,33150,26430,3480,1773,1707
Total,State - KARNATAKA,Buddhist,5-9,7993,4225,3768,95,49,46,68,51,17,15,8,7,7830,4125,3705,87,52,35
Total,State - KARNATAKA,Buddhist,10-14,9774,5787,3987,393,205,188,237,168,69,52,24,28,9144,5414,3730,131,69,62
Total,State - KARNATAKA,Buddhist,15-19,11055,6785,4270,1458,903,555,717,456,261,223,136,87,8880,5426,3454,836,491,345
Total,State - KARNATAKA,Buddhist,20-24,11006,6788,4218,2798,1836,962,1042,604,438,453,275,178,7166,4348,2818,1098,591,507
Total,State - KARNATAKA,Buddhist,25-29,9735,6043,3692,3640,2264,1376,1110,582,528,471,278,193,4985,3197,1788,602,291,311
Total,State - KARNATAKA,Buddhist,30-34,7993,5142,2851,3322,2184,1138,1072,581,491,377,217,160,3599,2377,1222,292,126,166
Total,State - KARNATAKA,Buddhist,35-39,6663,3874,2789,3488,2150,1338,1055,556,499,337,205,132,2120,1168,952,152,57,95
Total,State - KARNATAKA,Buddhist,40-49,9262,5223,4039,5445,3406,2039,1526,748,778,439,243,196,2291,1069,1222,144,45,99
Total,State - KARNATAKA,Buddhist,50-59,5800,2853,2947,3361,2049,1312,1006,432,574,247,121,126,1433,372,1061,47,13,34
Total,State - KARNATAKA,Buddhist,60-69,4921,2356,2565,2082,1292,790,800,387,413,129,67,62,2039,677,1362,59,28,31
Total,State - KARNATAKA,Buddhist,70-79,3100,1647,1453,794,555,239,327,210,117,21,13,8,1979,882,1097,26,6,20
Total,State - KARNATAKA,Buddhist,80+,1360,685,675,180,121,59,92,60,32,6,2,4,1088,504,584,6,4,2
Total,State - KARNATAKA,Buddhist,Age not stated,62,37,25,17,13,4,5,3,2,2,2,0,40,21,19,0,0,0
Total,State - KARNATAKA,Buddhist,15-59,61514,36708,24806,23512,14792,8720,7528,3959,3569,2547,1475,1072,30474,17957,12517,3171,1614,1557
Total,State - KARNATAKA,Buddhist,60+,9381,4688,4693,3056,1968,1088,1219,657,562,156,82,74,5106,2063,3043,91,38,53
Total,State - KARNATAKA,Jain,Total,440280,225544,214736,152761,125996,26765,20654,7860,12794,3620,1985,1635,266865,91688,175177,11486,4782,6704
Total,State - KARNATAKA,Jain,5-9,33911,17849,16062,209,120,89,326,158,168,42,24,18,33376,17571,15805,153,84,69
Total,State - KARNATAKA,Jain,10-14,36887,19622,17265,448,336,112,633,325,308,73,42,31,35806,18961,16845,284,166,118
Total,State - KARNATAKA,Jain,15-19,37454,20093,17361,3594,2930,664,1644,924,720,390,236,154,32216,16239,15977,2401,1345,1056
Total,State - KARNATAKA,Jain,20-24,40059,20928,19131,13621,11161,2460,2769,1344,1425,859,554,305,23669,8423,15246,4010,2037,1973
Total,State - KARNATAKA,Jain,25-29,39061,19651,19410,20000,16462,3538,2624,1079,1545,656,393,263,16437,2110,14327,1939,666,1273
Total,State - KARNATAKA,Jain,30-34,35664,18042,17622,19951,16425,3526,2214,820,1394,434,239,195,13499,797,12702,819,179,640
Total,State - KARNATAKA,Jain,35-39,35371,17583,17788,20312,16332,3980,2324,684,1640,349,152,197,12735,567,12168,634,93,541
Total,State - KARNATAKA,Jain,40-49,59055,30298,28757,34728,28354,6374,3627,1013,2614,431,186,245,20700,931,19769,642,91,551
Total,State - KARNATAKA,Jain,50-59,41624,21199,20425,22910,19291,3619,2382,681,1701,240,92,148,16332,1227,15105,322,39,283
Total,State - KARNATAKA,Jain,60-69,30171,14714,15457,12418,10542,1876,1482,513,969,110,45,65,16271,3659,12612,218,58,160
Total,State - KARNATAKA,Jain,70-79,14124,6818,7306,3724,3310,414,491,250,241,23,16,7,9909,3258,6651,45,12,33
Total,State - KARNATAKA,Jain,80+,5849,2479,3370,787,680,107,131,65,66,10,3,7,4931,1734,3197,17,10,7
Total,State - KARNATAKA,Jain,Age not stated,212,130,82,59,53,6,7,4,3,3,3,0,146,73,73,2,2,0
Total,State - KARNATAKA,Jain,15-59,288288,147794,140494,135116,110955,24161,17584,6545,11039,3359,1852,1507,135588,30294,105294,10767,4450,6317
Total,State - KARNATAKA,Jain,60+,50144,24011,26133,16929,14532,2397,2104,828,1276,143,64,79,31111,8651,22460,280,80,200
Total,State - KARNATAKA,Other religious communities,Total,11263,5704,5559,3669,2820,849,794,388,406,354,180,174,6800,2496,4304,365,149,216
Total,State - KARNATAKA,Other religious communities,5-9,979,502,477,7,5,2,0,0,0,0,0,0,972,497,475,9,3,6
Total,State - KARNATAKA,Other religious communities,10-14,1067,558,509,28,20,8,13,6,7,4,2,2,1026,532,494,16,8,8
Total,State - KARNATAKA,Other religious communities,15-19,1070,551,519,180,131,49,63,34,29,38,17,21,827,386,441,91,49,42
Total,State - KARNATAKA,Other religious communities,20-24,1038,522,516,393,302,91,108,58,50,64,36,28,537,162,375,106,45,61
Total,State - KARNATAKA,Other religious communities,25-29,1058,519,539,497,389,108,131,61,70,66,34,32,430,69,361,79,28,51
Total,State - KARNATAKA,Other religious communities,30-34,866,454,412,501,382,119,108,52,56,48,21,27,257,20,237,19,4,15
Total,State - KARNATAKA,Other religious communities,35-39,851,434,417,483,375,108,97,48,49,41,23,18,271,11,260,12,1,11
Total,State - KARNATAKA,Other religious communities,40-49,1280,653,627,743,580,163,119,55,64,33,19,14,418,18,400,11,2,9
Total,State - KARNATAKA,Other religious communities,50-59,930,462,468,522,394,128,77,33,44,22,8,14,331,35,296,12,4,8
Total,State - KARNATAKA,Other religious communities,60-69,687,326,361,249,191,58,52,25,27,23,10,13,386,110,276,7,3,4
Total,State - KARNATAKA,Other religious communities,70-79,310,144,166,54,43,11,21,12,9,11,7,4,235,89,146,3,2,1
Total,State - KARNATAKA,Other religious communities,80+,118,43,75,8,6,2,5,4,1,4,3,1,105,33,72,0,0,0
Total,State - KARNATAKA,Other religious communities,Age not stated,14,8,6,4,2,2,0,0,0,0,0,0,10,6,4,0,0,0
Total,State - KARNATAKA,Other religious communities,15-59,7093,3595,3498,3319,2553,766,703,341,362,312,158,154,3071,701,2370,330,133,197
Total,State - KARNATAKA,Other religious communities,60+,1115,513,602,311,240,71,78,41,37,38,20,18,726,232,494,10,5,5
Rural,State - KARNATAKA,All religious communities,Total,37469335,18929354,18539981,15060905,10003021,5057884,3441325,1308405,2132920,838436,433593,404843,18967105,7617928,11349177,868368,383881,484487
Rural,State - KARNATAKA,All religious communities,5-9,3309619,1700617,1609002,30363,16414,13949,20843,10488,10355,3061,1544,1517,3258413,1673715,1584698,15202,7908,7294
Rural,State - KARNATAKA,All religious communities,10-14,3662475,1889725,1772750,144093,81119,62974,92301,44333,47968,17119,8674,8445,3426081,1764273,1661808,34379,17931,16448
Rural,State - KARNATAKA,All religious communities,15-19,3658264,1933809,1724455,930074,614439,315635,357958,179793,178165,115806,67638,48168,2370232,1139577,1230655,265009,140539,124470
Rural,State - KARNATAKA,All religious communities,20-24,3549425,1849584,1699841,1751991,1194073,557918,497086,231154,265932,174024,103874,70150,1300348,424357,875991,274277,134870,139407
Rural,State - KARNATAKA,All religious communities,25-29,3283508,1645487,1638021,2001027,1334138,666889,473621,187168,286453,141775,76762,65013,808860,124181,684679,123708,46025,77683
Rural,State - KARNATAKA,All religious communities,30-34,2657749,1332397,1325352,1764662,1154224,610438,371530,128775,242755,92574,45352,47222,521557,49398,472159,46102,12873,33229
Rural,State - KARNATAKA,All religious communities,35-39,2770958,1337639,1433319,1889873,1183820,706053,385736,117898,267838,86600,38173,48427,495349,35921,459428,33129,6893,26236
Rural,State - KARNATAKA,All religious communities,40-49,4486031,2287245,2198786,3113535,2045271,1068264,581337,180109,401228,112579,49577,63002,791159,61865,729294,35073,6616,28457
Rural,State - KARNATAKA,All religious communities,50-59,2988913,1480869,1508044,1915079,1289223,625856,354017,107375,246642,55948,23283,32665,719817,84271,635546,18918,3443,15475
Rural,State - KARNATAKA,All religious communities,60-69,2391737,1134138,1257599,1132915,796548,336367,226706,82880,143826,29983,13860,16123,1032116,254710,777406,15172,4202,10970
Rural,State - KARNATAKA,All religious communities,70-79,1086369,518600,567769,313076,240006,73070,62973,30311,32662,6778,3689,3089,710320,248283,462037,5518,1836,3682
Rural,State - KARNATAKA,All religious communities,80+,418963,179395,239568,67754,49412,18342,15505,7354,8151,1867,991,876,335704,122629,213075,1502,545,957
Rural,State - KARNATAKA,All religious communities,Age not stated,25829,13953,11876,6463,4334,2129,1712,767,945,322,176,146,17654,8852,8802,379,200,179
Rural,State - KARNATAKA,All religious communities,15-59,23394848,11867030,11527818,13366241,8815188,4551053,3021285,1132272,1889013,779306,404659,374647,7007322,1919570,5087752,796216,351259,444957
Rural,State - KARNATAKA,All religious communities,60+,3897069,1832133,2064936,1513745,1085966,427779,305184,120545,184639,38628,18540,20088,2078140,625622,1452518,22192,6583,15609
Rural,State - KARNATAKA,Hindu,Total,33905041,17122399,16782642,13819660,9126588,4693072,3167574,1181320,1986254,766478,391602,374876,16917807,6814491,10103316,781228,346044,435184
Rural,State - KARNATAKA,Hindu,5-9,2949293,1515094,1434199,27325,14727,12598,19111,9624,9487,2727,1376,1351,2902857,1490743,1412114,13458,6994,6464
Rural,State - KARNATAKA,Hindu,10-14,3275049,1690574,1584475,130343,72793,57550,84729,40366,44363,15435,7730,7705,3059977,1577415,1482562,30483,15828,14655
Rural,State - KARNATAKA,Hindu,15-19,3272434,1733744,1538690,837177,549521,287656,324338,161064,163274,105033,60750,44283,2110919,1023159,1087760,237821,126232,111589
Rural,State - KARNATAKA,Hindu,20-24,3193201,1664844,1528357,1591384,1075871,515513,454775,207921,246854,159410,94122,65288,1147042,381052,765990,247889,122031,125858
Rural,State - KARNATAKA,Hindu,25-29,2980937,1493507,1487430,1833692,1213204,620488,436539,169446,267093,130490,69922,60568,710706,110857,599849,111831,41985,69846
Rural,State - KARNATAKA,Hindu,30-34,2416052,1210118,1205934,1617627,1050840,566787,342012,116058,225954,84735,41024,43711,456413,43220,413193,41251,11651,29600
Rural,State - KARNATAKA,Hindu,35-39,2527847,1218391,1309456,1735988,1080491,655497,355683,106094,249589,79220,34361,44859,436176,31806,404370,29511,6253,23258
Rural,State - KARNATAKA,Hindu,40-49,4108250,2092437,2015813,2867484,1874638,992846,537643,162565,375078,102920,44591,58329,703123,55234,647889,31420,5884,25536
Rural,State - KARNATAKA,Hindu,50-59,2742580,1358608,1383972,1769200,1186179,583021,328192,97345,230847,51102,20927,30175,645188,75084,570104,17038,3072,13966
Rural,State - KARNATAKA,Hindu,60-69,2196611,1041087,1155524,1049625,735851,313774,210229,75603,134626,27268,12451,14817,936757,229633,707124,13803,3785,10018
Rural,State - KARNATAKA,Hindu,70-79,1000322,477029,523293,291147,222859,68288,58400,27798,30602,6157,3305,2852,650775,226372,424403,5009,1643,3366
Rural,State - KARNATAKA,Hindu,80+,385001,164752,220249,62876,45756,17120,14357,6741,7616,1693,887,806,307768,112255,195513,1363,501,862
Rural,State - KARNATAKA,Hindu,Age not stated,23092,12436,10656,5792,3858,1934,1566,695,871,288,156,132,15734,7883,7851,351,185,166
Rural,State - KARNATAKA,Hindu,15-59,21241301,10771649,10469652,12252552,8030744,4221808,2779182,1020493,1758689,712910,365697,347213,6209567,1720412,4489155,716761,317108,399653
Rural,State - KARNATAKA,Hindu,60+,3581934,1682868,1899066,1403648,1004466,399182,282986,110142,172844,35118,16643,18475,1895300,568260,1327040,20175,5929,14246
Rural,State - KARNATAKA,Muslim,Total,2883788,1459151,1424637,992973,702333,290640,224724,106556,118168,60437,35840,24597,1666091,650262,1015829,67610,29164,38446
Rural,State - KARNATAKA,Muslim,5-9,306004,157209,148795,2537,1413,1124,1370,672,698,270,139,131,302097,155124,146973,1463,766,697
Rural,State - KARNATAKA,Muslim,10-14,325108,166080,159028,12239,7430,4809,6365,3297,3068,1467,825,642,306504,155353,151151,3359,1799,1560
Rural,State - KARNATAKA,Muslim,15-19,322077,165607,156470,83503,58305,25198,29599,16467,13132,9531,6159,3372,208975,90835,118140,22258,11651,10607
Rural,State - KARNATAKA,Muslim,20-24,293342,151272,142070,136039,100909,35130,35960,20014,15946,12277,8340,3937,121343,30349,90994,19651,9513,10138
Rural,State - KARNATAKA,Muslim,25-29,246132,122598,123534,136938,99356,37582,30909,15035,15874,9278,5695,3583,78285,8207,70078,8785,2887,5898
Rural,State - KARNATAKA,Muslim,30-34,192881,96758,96123,117963,82906,35057,24207,10607,13600,6467,3627,2840,50711,3245,47466,3609,819,2790
Rural,State - KARNATAKA,Muslim,35-39,193362,94932,98430,122860,82635,40225,24556,9885,14671,6158,3207,2951,45946,2412,43534,2777,435,2342
Rural,State - KARNATAKA,Muslim,40-49,292019,151424,140595,190541,132440,58101,34900,14561,20339,8111,4259,3852,66578,4423,62155,2721,511,2210
Rural,State - KARNATAKA,Muslim,50-59,184162,91321,92841,108423,76415,32008,20006,7998,12008,3954,1969,1985,55733,6908,48825,1434,266,1168
Rural,State - KARNATAKA,Muslim,60-69,147557,70661,76896,62321,45348,16973,12631,5726,6905,2243,1203,1040,72605,19587,53018,1053,325,728
Rural,State - KARNATAKA,Muslim,70-79,61419,30153,31266,15670,12239,3431,3295,1819,1476,508,314,194,42454,16095,26359,384,154,230
Rural,State - KARNATAKA,Muslim,80+,23526,10240,13286,3585,2673,912,839,433,406,151,90,61,19102,7134,11968,100,31,69
Rural,State - KARNATAKA,Muslim,Age not stated,1454,801,653,354,264,90,87,42,45,22,13,9,1013,495,518,16,7,9
Rural,State - KARNATAKA,Muslim,15-59,1723975,873912,850063,896267,632966,263301,200137,94567,105570,55776,33256,22520,627571,146379,481192,61235,26082,35153
Rural,State - KARNATAKA,Muslim,60+,232502,111054,121448,81576,60260,21316,16765,7978,8787,2902,1607,1295,134161,42816,91345,1537,510,1027
Rural,State - KARNATAKA,Christian,Total,309419,153269,156150,119878,80703,39175,18399,8813,9586,4637,2604,2033,171142,63753,107389,9638,3854,5784
Rural,State - KARNATAKA,Christian,5-9,22929,11712,11217,197,107,90,91,34,57,17,4,13,22641,11571,11070,90,51,39
Rural,State - KARNATAKA,Christian,10-14,26889,13822,13067,614,377,237,298,163,135,73,46,27,25977,13282,12695,225,124,101
Rural,State - KARNATAKA,Christian,15-19,27518,14159,13359,3804,2650,1154,1271,732,539,475,283,192,22443,10777,11666,2339,1122,1217
Rural,State - KARNATAKA,Christian,20-24,27196,13443,13753,10917,7026,3891,2218,1240,978,923,556,367,14061,5177,8884,3369,1479,1890
Rural,State - KARNATAKA,Christian,25-29,24911,12248,12663,14268,9652,4616,2312,1178,1134,845,501,344,8331,1418,6913,1673,534,1139
Rural,State - KARNATAKA,Christian,30-34,22191,11086,11105,14158,9642,4516,1986,918,1068,537,274,263,6047,526,5521,638,177,461
Rural,State - KARNATAKA,Christian,35-39,23096,11071,12025,15173,9771,5402,2103,904,1199,500,275,225,5820,396,5424,442,102,340
Rural,State - KARNATAKA,Christian,40-49,42158,20942,21216,28131,18627,9504,3553,1481,2072,640,344,296,10474,834,9640,444,119,325
Rural,State - KARNATAKA,Christian,50-59,32274,16151,16123,19789,13670,6119,2479,1108,1371,384,191,193,10006,1373,8633,203,68,135
Rural,State - KARNATAKA,Christian,60-69,22551,10758,11793,9625,6819,2806,1527,729,798,194,96,98,11399,3210,8189,132,49,83
Rural,State - KARNATAKA,Christian,70-79,11585,5180,6405,2601,1927,674,455,258,197,42,28,14,8529,2995,5534,59,22,37
Rural,State - KARNATAKA,Christian,80+,4974,1980,2994,549,409,140,102,66,36,7,6,1,4323,1505,2818,20,5,15
Rural,State - KARNATAKA,Christian,Age not stated,148,78,70,52,26,26,4,2,2,0,0,0,92,50,42,4,2,2
Rural,State - KARNATAKA,Christian,15-59,199344,99100,100244,106240,71038,35202,15922,7561,8361,4304,2424,1880,77182,20501,56681,9108,3601,5507
Rural,State - KARNATAKA,Christian,60+,39110,17918,21192,12775,9155,3620,2084,1053,1031,243,130,113,24251,7710,16541,211,76,135
Rural,State - KARNATAKA,Sikh,Total,6754,3753,3001,2810,2055,755,525,256,269,150,69,81,3419,1442,1977,133,60,73
Rural,State - KARNATAKA,Sikh,5-9,593,319,274,8,4,4,3,2,1,0,0,0,582,313,269,4,2,2
Rural,State - KARNATAKA,Sikh,10-14,615,332,283,28,16,12,14,8,6,5,3,2,573,308,265,10,5,5
Rural,State - KARNATAKA,Sikh,15-19,665,362,303,174,120,54,54,28,26,17,6,11,437,214,223,37,22,15
Rural,State - KARNATAKA,Sikh,20-24,731,427,304,378,286,92,79,43,36,36,17,19,274,98,176,35,17,18
Rural,State - KARNATAKA,Sikh,25-29,644,367,277,400,296,104,79,45,34,20,10,10,165,26,139,15,7,8
Rural,State - KARNATAKA,Sikh,30-34,484,276,208,320,240,80,64,24,40,16,9,7,100,12,88,8,1,7
Rural,State - KARNATAKA,Sikh,35-39,488,270,218,331,232,99,57,27,30,13,5,8,100,11,89,8,2,6
Rural,State - KARNATAKA,Sikh,40-49,775,447,328,547,400,147,80,35,45,22,8,14,148,12,136,9,0,9
Rural,State - KARNATAKA,Sikh,50-59,520,298,222,358,260,98,43,20,23,8,4,4,119,18,101,4,2,2
Rural,State - KARNATAKA,Sikh,60-69,346,181,165,178,136,42,31,14,17,7,4,3,137,31,106,3,2,1
Rural,State - KARNATAKA,Sikh,70-79,180,95,85,67,51,16,16,9,7,5,3,2,97,35,62,0,0,0
Rural,State - KARNATAKA,Sikh,80+,79,38,41,14,11,3,3,1,2,0,0,0,62,26,36,0,0,0
Rural,State - KARNATAKA,Sikh,Age not stated,41,25,16,7,3,4,2,0,2,1,0,1,32,22,10,0,0,0
Rural,State - KARNATAKA,Sikh,15-59,4307,2447,1860,2508,1834,674,456,222,234,132,59,73,1343,391,952,116,51,65
Rural,State - KARNATAKA,Sikh,60+,605,314,291,259,198,61,50,24,26,12,7,5,296,92,204,3,2,1
Rural,State - KARNATAKA,Buddhist,Total,69969,40316,29653,20375,12241,8134,7459,3899,3560,2271,1250,1021,42135,24176,17959,2235,1127,1108
Rural,State - KARNATAKA,Buddhist,5-9,5796,3049,2747,63,28,35,46,36,10,8,4,4,5687,2985,2702,70,39,31
Rural,State - KARNATAKA,Buddhist,10-14,7160,4176,2984,309,151,158,195,146,49,37,19,18,6656,3879,2777,90,51,39
Rural,State - KARNATAKA,Buddhist,15-19,8152,4987,3165,1209,723,486,607,389,218,190,111,79,6336,3875,2461,603,347,256
Rural,State - KARNATAKA,Buddhist,20-24,7519,4793,2726,2144,1378,766,808,458,350,351,205,146,4567,2957,1610,641,335,306
Rural,State - KARNATAKA,Buddhist,25-29,6849,4400,2449,2552,1531,1021,866,443,423,364,208,156,3431,2426,1005,345,166,179
Rural,State - KARNATAKA,Buddhist,30-34,5866,3869,1997,2385,1482,903,869,460,409,314,173,141,2612,1927,685,194,88,106
Rural,State - KARNATAKA,Buddhist,35-39,4819,2815,2004,2483,1422,1061,854,431,423,284,162,122,1482,962,520,90,37,53
Rural,State - KARNATAKA,Buddhist,40-49,6626,3702,2924,3960,2345,1615,1260,589,671,371,193,178,1406,768,638,98,31,67
Rural,State - KARNATAKA,Buddhist,50-59,4296,2065,2231,2553,1454,1099,860,359,501,215,105,110,883,252,631,38,9,29
Rural,State - KARNATAKA,Buddhist,60-69,3966,1890,2076,1846,1130,716,697,334,363,110,55,55,1423,426,997,36,15,21
Rural,State - KARNATAKA,Buddhist,70-79,2654,1381,1273,718,494,224,307,196,111,21,13,8,1629,691,938,25,6,19
Rural,State - KARNATAKA,Buddhist,80+,1171,589,582,149,99,50,89,58,31,6,2,4,933,432,501,5,3,2
Rural,State - KARNATAKA,Buddhist,Age not stated,34,20,14,4,4,0,1,0,1,0,0,0,29,16,13,0,0,0
Rural,State - KARNATAKA,Buddhist,15-59,44127,26631,17496,17286,10335,6951,6124,3129,2995,2089,1157,932,20717,13167,7550,2009,1013,996
Rural,State - KARNATAKA,Buddhist,60+,7791,3860,3931,2713,1723,990,1093,588,505,137,70,67,3985,1549,2436,66,24,42
Rural,State - KARNATAKA,Jain,Total,220362,113598,106764,81772,63989,17783,15024,4434,10590,2389,1204,1185,123566,45175,78391,5165,2430,2735
Rural,State - KARNATAKA,Jain,5-9,17113,9056,8057,84,52,32,144,77,67,17,10,7,16885,8927,7958,51,25,26
Rural,State - KARNATAKA,Jain,10-14,19504,10445,9059,221,163,58,431,225,206,35,20,15,18852,10057,8795,131,82,49
Rural,State - KARNATAKA,Jain,15-19,19743,10767,8976,2435,1965,470,1247,675,572,276,174,102,16061,8127,7934,1266,741,525
Rural,State - KARNATAKA,Jain,20-24,19907,10805,9102,7839,6381,1458,2006,845,1161,586,375,211,10062,3579,6483,1897,1058,839
Rural,State - KARNATAKA,Jain,25-29,17779,9314,8465,9814,7888,1926,1850,590,1260,429,251,178,6115,836,5279,742,318,424
Rural,State - KARNATAKA,Jain,30-34,15527,7967,7560,9416,7310,2106,1524,372,1152,282,141,141,4587,285,4302,293,87,206
Rural,State - KARNATAKA,Jain,35-39,16836,8128,8708,10365,7604,2761,1708,314,1394,224,75,149,4763,210,4553,223,38,185
Rural,State - KARNATAKA,Jain,40-49,29380,15118,14262,18764,14242,4522,2722,483,2239,282,84,198,7894,393,7501,293,39,254
Rural,State - KARNATAKA,Jain,50-59,20580,10422,10158,12233,9638,2595,1786,328,1458,162,40,122,6561,456,6105,145,15,130
Rural,State - KARNATAKA,Jain,60-69,16805,7963,8842,7696,6217,1479,1155,313,842,79,23,56,7954,1433,6521,87,14,73
Rural,State - KARNATAKA,Jain,70-79,8344,4002,4342,2424,2123,301,364,170,194,14,9,5,5556,1709,3847,24,7,17
Rural,State - KARNATAKA,Jain,80+,3416,1484,1932,455,384,71,86,41,45,2,1,1,2875,1059,1816,11,4,7
Rural,State - KARNATAKA,Jain,Age not stated,88,57,31,26,22,4,1,1,0,1,1,0,61,34,27,2,2,0
Rural,State - KARNATAKA,Jain,15-59,139752,72521,67231,70866,55028,15838,12843,3607,9236,2241,1140,1101,56043,13886,42157,4859,2296,2563
Rural,State - KARNATAKA,Jain,60+,28565,13449,15116,10575,8724,1851,1605,524,1081,95,33,62,16385,4201,12184,122,25,97
Rural,State - KARNATAKA,Other religious communities,Total,5071,2556,2515,1713,1247,466,556,236,320,308,144,164,2802,1073,1729,189,73,116
Rural,State - KARNATAKA,Other religious communities,5-9,441,224,217,7,5,2,0,0,0,0,0,0,434,219,215,4,1,3
Rural,State - KARNATAKA,Other religious communities,10-14,506,259,247,20,14,6,11,4,7,4,2,2,475,241,234,4,1,3
Rural,State - KARNATAKA,Other religious communities,15-19,496,257,239,91,62,29,45,22,23,34,14,20,360,173,187,53,32,21
Rural,State - KARNATAKA,Other religious communities,20-24,467,242,225,196,142,54,84,41,43,57,31,26,187,59,128,54,21,33
Rural,State - KARNATAKA,Other religious communities,25-29,443,211,232,209,160,49,85,34,51,53,24,29,149,17,132,41,10,31
Rural,State - KARNATAKA,Other religious communities,30-34,364,187,177,217,153,64,76,31,45,41,15,26,71,3,68,10,1,9
Rural,State - KARNATAKA,Other religious communities,35-39,379,197,182,226,167,59,65,27,38,36,19,17,88,3,85,7,1,6
Rural,State - KARNATAKA,Other religious communities,40-49,539,265,274,321,227,94,79,34,45,29,16,13,139,4,135,2,0,2
Rural,State - KARNATAKA,Other religious communities,50-59,417,209,208,250,179,71,50,15,35,19,5,14,117,15,102,6,3,3
Rural,State - KARNATAKA,Other religious communities,60-69,334,161,173,142,110,32,39,15,24,20,8,12,153,36,117,5,1,4
Rural,State - KARNATAKA,Other religious communities,70-79,157,73,84,27,23,4,18,10,8,11,7,4,112,40,72,3,2,1
Rural,State - KARNATAKA,Other religious communities,80+,66,26,40,5,5,0,4,3,1,4,3,1,57,18,39,0,0,0
Rural,State - KARNATAKA,Other religious communities,Age not stated,6,2,4,2,0,2,0,0,0,0,0,0,4,2,2,0,0,0
Rural,State - KARNATAKA,Other religious communities,15-59,3105,1568,1537,1510,1090,420,484,204,280,269,124,145,1111,274,837,173,68,105
Rural,State - KARNATAKA,Other religious communities,60+,557,260,297,174,138,36,61,28,33,35,18,17,322,94,228,8,3,5
Urban,State - KARNATAKA,All religious communities,Total,23625962,12037303,11588659,8336276,6346816,1989460,1034091,611874,422217,265848,169422,96426,14255595,5078613,9176982,797449,327243,470206
Urban,State - KARNATAKA,All religious communities,5-9,1931890,996053,935837,19390,10805,8585,23455,12097,11358,4333,2264,2069,1889045,973151,915894,12714,6687,6027
Urban,State - KARNATAKA,All religious communities,10-14,2074171,1065562,1008609,55586,36654,18932,35314,18967,16347,7357,4130,3227,1983271,1009941,973330,22357,12137,10220
Urban,State - KARNATAKA,All religious communities,15-19,2169013,1108239,1060774,363106,263400,99706,92836,57870,34966,30529,19668,10861,1713071,786969,926102,174016,93820,80196
Urban,State - KARNATAKA,All religious communities,20-24,2503133,1260002,1243131,963418,714917,248501,152720,96212,56508,55236,36334,18902,1386995,448873,938122,255477,121264,134213
Urban,State - KARNATAKA,All religious communities,25-29,2488098,1233767,1254331,1331897,994172,337725,156530,94731,61799,49413,31971,17442,999671,144864,854807,151107,49997,101110
Urban,State - KARNATAKA,All religious communities,30-34,2040631,1057197,983434,1220648,929454,291194,124875,73828,51047,32880,21111,11769,695108,53915,641193,61214,14845,46369
Urban,State - KARNATAKA,All religious communities,35-39,1924493,981449,943044,1174451,880053,294398,118981,66599,52382,27991,17399,10592,631061,34797,596264,43282,7490,35792
Urban,State - KARNATAKA,All religious communities,40-49,2860463,1495356,1365107,1731578,1339744,391834,165515,95708,69807,33152,21242,11910,963370,59904,903466,39112,7814,31298
Urban,State - KARNATAKA,All religious communities,50-59,1852861,957154,895707,999465,800926,198539,91881,53532,38349,14731,9141,5590,761515,102696,658819,18821,5050,13771
Urban,State - KARNATAKA,All religious communities,60-69,1188434,584179,604255,350158,276502,73656,49983,29063,20920,7236,4312,2924,788293,278614,509679,14799,6258,8541
Urban,State - KARNATAKA,All religious communities,70-79,499182,241653,257529,88790,71429,17361,15151,9343,5808,1873,1169,704,395241,160881,234360,3315,1388,1927
Urban,State - KARNATAKA,All religious communities,80+,206347,89107,117240,32514,24904,7610,5656,3223,2433,875,531,344,168177,60980,107197,1058,401,657
Urban,State - KARNATAKA,All religious communities,Age not stated,20022,11457,8565,5275,3856,1419,1194,701,493,242,150,92,13553,6900,6653,177,92,85
Urban,State - KARNATAKA,All religious communities,15-59,15838692,8093164,7745528,7784563,5922666,1861897,903338,538480,364858,243932,156866,87066,7150791,1632018,5518773,743029,300280,442749
Urban,State - KARNATAKA,All religious communities,60+,1893963,914939,979024,471462,372835,98627,70790,41629,29161,9984,6012,3972,1351711,500475,851236,19172,8047,11125
Urban,State - KARNATAKA,Hindu,Total,17412431,8895584,8516847,6368832,4785292,1583540,768895,447006,321889,198370,124240,74130,10274704,3663286,6611418,599522,245742,353780
Urban,State - KARNATAKA,Hindu,5-9,1328776,687339,641437,13915,7737,6178,17183,8939,8244,3213,1694,1519,1297678,670663,627015,8939,4752,4187
Urban,State - KARNATAKA,Hindu,10-14,1445294,745199,700095,35919,22537,13382,24871,13098,11773,5197,2826,2371,1384504,709564,674940,15147,8059,7088
Urban,State - KARNATAKA,Hindu,15-19,1522948,784898,738050,237786,165764,72022,62898,38347,24551,20878,13235,7643,1222264,580787,641477,123208,67237,55971
Urban,State - KARNATAKA,Hindu,20-24,1824508,922825,901683,708798,511977,196821,110692,68101,42591,41088,26436,14652,1005018,342747,662271,194448,92848,101600
Urban,State - KARNATAKA,Hindu,25-29,1874769,932306,942463,1026673,751741,274932,117236,69871,47365,37821,24039,13782,730860,110694,620166,117409,39345,78064
Urban,State - KARNATAKA,Hindu,30-34,1552649,806546,746103,946582,711168,235414,94228,54846,39382,25185,15913,9272,511839,40532,471307,47756,11613,36143
Urban,State - KARNATAKA,Hindu,35-39,1463770,746740,717030,907596,671055,236541,89846,49534,40312,21267,13038,8229,466328,26151,440177,33208,5682,27526
Urban,State - KARNATAKA,Hindu,40-49,2197309,1147881,1049428,1343473,1030918,312555,125666,71453,54213,24826,15645,9181,728170,45510,682660,29917,5964,23953
Urban,State - KARNATAKA,Hindu,50-59,1437582,746124,691458,784217,627235,156982,70732,40680,30052,11082,6808,4274,582633,78209,504424,14310,3842,10468
Urban,State - KARNATAKA,Hindu,60-69,916965,450605,466360,265754,207783,57971,38477,21927,16550,5514,3183,2331,612734,220895,391839,11628,4938,6690
Urban,State - KARNATAKA,Hindu,70-79,391473,189859,201614,68715,55075,13640,11852,7249,4603,1446,901,545,310906,127535,183371,2596,1088,1508
Urban,State - KARNATAKA,Hindu,80+,161557,70479,91078,25523,19499,6024,4385,2475,1910,669,402,267,131649,48505,83144,814,304,510
Urban,State - KARNATAKA,Hindu,Age not stated,13829,7855,5974,3881,2803,1078,829,486,343,184,120,64,9119,4566,4553,142,70,72
Urban,State - KARNATAKA,Hindu,15-59,11873535,6087320,5786215,5955125,4469858,1485267,671298,392832,278466,182147,115114,67033,5247112,1224630,4022482,560256,226531,333725
Urban,State - KARNATAKA,Hindu,60+,1469995,710943,759052,359992,282357,77635,54714,31651,23063,7629,4486,3143,1055289,396935,658354,15038,6330,8708
Urban,State - KARNATAKA,Muslim,Total,5009277,2548720,2460557,1541464,1259695,281769,216608,137205,79403,54579,37418,17161,3251205,1151820,2099385,154112,63106,91006
Urban,State - KARNATAKA,Muslim,5-9,514064,262898,251166,4449,2510,1939,4703,2392,2311,865,444,421,504912,257996,246916,3095,1562,1533
Urban,State - KARNATAKA,Muslim,10-14,533838,271731,262107,17646,12882,4764,8438,4838,3600,1806,1120,686,507754,254011,253743,6185,3533,2652
Urban,State - KARNATAKA,Muslim,15-19,543877,272486,271391,114597,90497,24100,26286,17410,8876,8354,5681,2673,402994,164579,238415,42509,22112,20397
Urban,State - KARNATAKA,Muslim,20-24,557288,278690,278598,213309,176205,37104,35273,24127,11146,11494,8288,3206,308706,78358,230348,47074,21490,25584
Urban,State - KARNATAKA,Muslim,25-29,492225,243789,248436,239568,198090,41478,32169,20845,11324,9198,6509,2689,220488,24854,195634,25382,7847,17535
Urban,State - KARNATAKA,Muslim,30-34,381746,197801,183945,210405,172830,37575,24857,15635,9222,6089,4209,1880,146484,9336,137148,9763,2245,7518
Urban,State - KARNATAKA,Muslim,35-39,362378,185971,176407,206203,165797,40406,23830,14096,9734,5424,3578,1846,132345,6078,126267,7393,1188,6205
Urban,State - KARNATAKA,Muslim,40-49,508138,270377,237761,293710,240553,53157,32065,19763,12302,6664,4540,2124,182363,10061,172302,6659,1177,5482
Urban,State - KARNATAKA,Muslim,50-59,304563,157094,147469,155760,129459,26301,16348,10070,6278,2813,1821,992,132455,17565,114890,3144,736,2408
Urban,State - KARNATAKA,Muslim,60-69,201519,100510,101009,64996,53718,11278,9025,5699,3326,1350,892,458,127498,41093,86405,2186,912,1274
Urban,State - KARNATAKA,Muslim,70-79,76194,37908,38286,15102,12597,2505,2530,1663,867,336,217,119,58562,23648,34914,535,228,307
Urban,State - KARNATAKA,Muslim,80+,30959,13306,17653,5073,4060,1013,924,567,357,164,108,56,24962,8679,16283,166,63,103
Urban,State - KARNATAKA,Muslim,Age not stated,2752,1530,1222,646,497,149,160,100,60,22,11,11,1946,933,1013,21,13,8
Urban,State - KARNATAKA,Muslim,15-59,3150215,1606208,1544007,1433552,1173431,260121,190828,121946,68882,50036,34626,15410,1525835,310831,1215004,141924,56795,85129
Urban,State - KARNATAKA,Muslim,60+,308672,151724,156948,85171,70375,14796,12479,7929,4550,1850,1217,633,211022,73420,137602,2887,1203,1684
Urban,State - KARNATAKA,Christian,Total,833228,404167,429061,314444,211386,103058,33367,18892,14475,8907,5306,3601,485417,173889,311528,29836,12247,17589
Urban,State - KARNATAKA,Christian,5-9,57648,29313,28335,639,341,298,1039,499,540,159,73,86,55970,28473,27497,436,232,204
Urban,State - KARNATAKA,Christian,10-14,62415,31226,31189,1286,750,536,1277,641,636,219,116,103,59852,29835,30017,618,331,287
Urban,State - KARNATAKA,Christian,15-19,68574,32734,35840,7235,4594,2641,2278,1280,998,831,466,365,59061,26860,32201,5585,2937,2648
Urban,State - KARNATAKA,Christian,20-24,83008,38634,44374,30204,18183,12021,4420,2532,1888,1789,1059,730,48384,17919,30465,9304,4462,4842
Urban,State - KARNATAKA,Christian,25-29,83669,39383,44286,48319,30821,17498,4791,2652,2139,1632,950,682,30559,5910,24649,5719,1904,3815
Urban,State - KARNATAKA,Christian,30-34,74152,36727,37425,47052,32042,15010,3975,2253,1722,1129,679,450,23125,2432,20693,2575,677,1898
Urban,State - KARNATAKA,Christian,35-39,69658,34416,35242,45372,30729,14643,3753,2092,1661,940,568,372,20533,1595,18938,1845,429,1416
Urban,State - KARNATAKA,Christian,40-49,111538,55409,56129,71218,49099,22119,5623,3303,2320,1221,780,441,34697,3007,31690,1854,513,1341
Urban,State - KARNATAKA,Christian,50-59,81377,39559,41818,44971,31851,13120,3543,2107,1436,614,384,230,32863,5601,27262,1008,381,627
Urban,State - KARNATAKA,Christian,60-69,51009,23978,27031,13257,9646,3611,1777,1063,714,269,176,93,35975,13269,22706,701,308,393
Urban,State - KARNATAKA,Christian,70-79,23312,10015,13297,3279,2281,998,540,291,249,65,35,30,19493,7443,12050,127,49,78
Urban,State - KARNATAKA,Christian,80+,10141,3803,6338,1374,906,468,250,125,125,29,16,13,8517,2772,5745,56,19,37
Urban,State - KARNATAKA,Christian,Age not stated,896,443,453,238,143,95,101,54,47,10,4,6,557,246,311,8,5,3
Urban,State - KARNATAKA,Christian,15-59,571976,276862,295114,294371,197319,97052,28383,16219,12164,8156,4886,3270,249222,63324,185898,27890,11303,16587
Urban,State - KARNATAKA,Christian,60+,84462,37796,46666,17910,12833,5077,2567,1479,1088,363,227,136,63985,23484,40501,884,376,508
Urban,State - KARNATAKA,Sikh,Total,22019,12202,9817,8454,6774,1680,950,581,369,246,158,88,12615,4847,7768,708,278,430
Urban,State - KARNATAKA,Sikh,5-9,1755,942,813,31,16,15,34,13,21,4,0,4,1690,913,777,15,4,11
Urban,State - KARNATAKA,Sikh,10-14,1657,918,739,59,44,15,37,26,11,5,3,2,1561,848,713,25,9,16
Urban,State - KARNATAKA,Sikh,15-19,1746,1006,740,313,264,49,78,51,27,34,21,13,1355,691,664,127,66,61
Urban,State - KARNATAKA,Sikh,20-24,2635,1581,1054,1004,811,193,165,108,57,55,37,18,1466,662,804,246,132,114
Urban,State - KARNATAKA,Sikh,25-29,2548,1324,1224,1473,1094,379,161,97,64,48,32,16,914,133,781,113,27,86
Urban,State - KARNATAKA,Sikh,30-34,2252,1282,970,1463,1148,315,101,67,34,25,19,6,688,67,621,62,18,44
Urban,State - KARNATAKA,Sikh,35-39,1847,1022,825,1173,936,237,86,44,42,19,11,8,588,42,546,39,5,34
Urban,State - KARNATAKA,Sikh,40-49,2542,1448,1094,1589,1300,289,137,88,49,29,18,11,816,60,756,38,8,30
Urban,State - KARNATAKA,Sikh,50-59,1544,836,708,824,703,121,81,50,31,16,9,7,639,83,556,17,3,14
Urban,State - KARNATAKA,Sikh,60-69,1083,563,520,364,321,43,44,20,24,7,4,3,675,222,453,20,4,16
Urban,State - KARNATAKA,Sikh,70-79,412,224,188,108,93,15,14,10,4,2,2,0,290,121,169,2,0,2
Urban,State - KARNATAKA,Sikh,80+,170,97,73,43,36,7,8,5,3,0,0,0,119,56,63,4,2,2
Urban,State - KARNATAKA,Sikh,Age not stated,61,39,22,10,8,2,4,2,2,2,2,0,47,29,18,0,0,0
Urban,State - KARNATAKA,Sikh,15-59,15114,8499,6615,7839,6256,1583,809,505,304,226,147,79,6466,1738,4728,642,259,383
Urban,State - KARNATAKA,Sikh,60+,1665,884,781,515,450,65,66,35,31,9,6,3,1084,399,685,26,6,20
Urban,State - KARNATAKA,Buddhist,Total,25741,14699,11042,6698,4786,1912,1598,939,659,501,341,160,17445,8974,8471,1245,646,599
Urban,State - KARNATAKA,Buddhist,5-9,2197,1176,1021,32,21,11,22,15,7,7,4,3,2143,1140,1003,17,13,4
Urban,State - KARNATAKA,Buddhist,10-14,2614,1611,1003,84,54,30,42,22,20,15,5,10,2488,1535,953,41,18,23
Urban,State - KARNATAKA,Buddhist,15-19,2903,1798,1105,249,180,69,110,67,43,33,25,8,2544,1551,993,233,144,89
Urban,State - KARNATAKA,Buddhist,20-24,3487,1995,1492,654,458,196,234,146,88,102,70,32,2599,1391,1208,457,256,201
Urban,State - KARNATAKA,Buddhist,25-29,2886,1643,1243,1088,733,355,244,139,105,107,70,37,1554,771,783,257,125,132
Urban,State - KARNATAKA,Buddhist,30-34,2127,1273,854,937,702,235,203,121,82,63,44,19,987,450,537,98,38,60
Urban,State - KARNATAKA,Buddhist,35-39,1844,1059,785,1005,728,277,201,125,76,53,43,10,638,206,432,62,20,42
Urban,State - KARNATAKA,Buddhist,40-49,2636,1521,1115,1485,1061,424,266,159,107,68,50,18,885,301,584,46,14,32
Urban,State - KARNATAKA,Buddhist,50-59,1504,788,716,808,595,213,146,73,73,32,16,16,550,120,430,9,4,5
Urban,State - KARNATAKA,Buddhist,60-69,955,466,489,236,162,74,103,53,50,19,12,7,616,251,365,23,13,10
Urban,State - KARNATAKA,Buddhist,70-79,446,266,180,76,61,15,20,14,6,0,0,0,350,191,159,1,0,1
Urban,State - KARNATAKA,Buddhist,80+,189,96,93,31,22,9,3,2,1,0,0,0,155,72,83,1,1,0
Urban,State - KARNATAKA,Buddhist,Age not stated,28,17,11,13,9,4,4,3,1,2,2,0,11,5,6,0,0,0
Urban,State - KARNATAKA,Buddhist,15-59,17387,10077,7310,6226,4457,1769,1404,830,574,458,318,140,9757,4790,4967,1162,601,561
Urban,State - KARNATAKA,Buddhist,60+,1590,828,762,343,245,98,126,69,57,19,12,7,1121,514,607,25,14,11
Urban,State - KARNATAKA,Jain,Total,219918,111946,107972,70989,62007,8982,5630,3426,2204,1231,781,450,143299,46513,96786,6321,2352,3969
Urban,State - KARNATAKA,Jain,5-9,16798,8793,8005,125,68,57,182,81,101,25,14,11,16491,8644,7847,102,59,43
Urban,State - KARNATAKA,Jain,10-14,17383,9177,8206,227,173,54,202,100,102,38,22,16,16954,8904,8050,153,84,69
Urban,State - KARNATAKA,Jain,15-19,17711,9326,8385,1159,965,194,397,249,148,114,62,52,16155,8112,8043,1135,604,531
Urban,State - KARNATAKA,Jain,20-24,20152,10123,10029,5782,4780,1002,763,499,264,273,179,94,13607,4844,8763,2113,979,1134
Urban,State - KARNATAKA,Jain,25-29,21282,10337,10945,10186,8574,1612,774,489,285,227,142,85,10322,1274,9048,1197,348,849
Urban,State - KARNATAKA,Jain,30-34,20137,10075,10062,10535,9115,1420,690,448,242,152,98,54,8912,512,8400,526,92,434
Urban,State - KARNATAKA,Jain,35-39,18535,9455,9080,9947,8728,1219,616,370,246,125,77,48,7972,357,7615,411,55,356
Urban,State - KARNATAKA,Jain,40-49,29675,15180,14495,15964,14112,1852,905,530,375,149,102,47,12806,538,12268,349,52,297
Urban,State - KARNATAKA,Jain,50-59,21044,10777,10267,10677,9653,1024,596,353,243,78,52,26,9771,771,9000,177,24,153
Urban,State - KARNATAKA,Jain,60-69,13366,6751,6615,4722,4325,397,327,200,127,31,22,9,8317,2226,6091,131,44,87
Urban,State - KARNATAKA,Jain,70-79,5780,2816,2964,1300,1187,113,127,80,47,9,7,2,4353,1549,2804,21,5,16
Urban,State - KARNATAKA,Jain,80+,2433,995,1438,332,296,36,45,24,21,8,2,6,2056,675,1381,6,6,0
Urban,State - KARNATAKA,Jain,Age not stated,124,73,51,33,31,2,6,3,3,2,2,0,85,39,46,0,0,0
Urban,State - KARNATAKA,Jain,15-59,148536,75273,73263,64250,55927,8323,4741,2938,1803,1118,712,406,79545,16408,63137,5908,2154,3754
Urban,State - KARNATAKA,Jain,60+,21579,10562,11017,6354,5808,546,499,304,195,48,31,17,14726,4450,10276,158,55,103
Urban,State - KARNATAKA,Other religious communities,Total,6192,3148,3044,1956,1573,383,238,152,86,46,36,10,3998,1423,2575,176,76,100
Urban,State - KARNATAKA,Other religious communities,5-9,538,278,260,0,0,0,0,0,0,0,0,0,538,278,260,5,2,3
Urban,State - KARNATAKA,Other religious communities,10-14,561,299,262,8,6,2,2,2,0,0,0,0,551,291,260,12,7,5
Urban,State - KARNATAKA,Other religious communities,15-19,574,294,280,89,69,20,18,12,6,4,3,1,467,213,254,38,17,21
Urban,State - KARNATAKA,Other religious communities,20-24,571,280,291,197,160,37,24,17,7,7,5,2,350,103,247,52,24,28
Urban,State - KARNATAKA,Other religious communities,25-29,615,308,307,288,229,59,46,27,19,13,10,3,281,52,229,38,18,20
Urban,State - KARNATAKA,Other religious communities,30-34,502,267,235,284,229,55,32,21,11,7,6,1,186,17,169,9,3,6
Urban,State - KARNATAKA,Other religious communities,35-39,472,237,235,257,208,49,32,21,11,5,4,1,183,8,175,5,0,5
Urban,State - KARNATAKA,Other religious communities,40-49,741,388,353,422,353,69,40,21,19,4,3,1,279,14,265,9,2,7
Urban,State - KARNATAKA,Other religious communities,50-59,513,253,260,272,215,57,27,18,9,3,3,0,214,20,194,6,1,5
Urban,State - KARNATAKA,Other religious communities,60-69,353,165,188,107,81,26,13,10,3,3,2,1,233,74,159,2,2,0
Urban,State - KARNATAKA,Other religious communities,70-79,153,71,82,27,20,7,3,2,1,0,0,0,123,49,74,0,0,0
Urban,State - KARNATAKA,Other religious communities,80+,52,17,35,3,1,2,1,1,0,0,0,0,48,15,33,0,0,0
Urban,State - KARNATAKA,Other religious communities,Age not stated,8,6,2,2,2,0,0,0,0,0,0,0,6,4,2,0,0,0
Urban,State - KARNATAKA,Other religious communities,15-59,3988,2027,1961,1809,1463,346,219,137,82,43,34,9,1960,427,1533,157,65,92
Urban,State - KARNATAKA,Other religious communities,60+,558,253,305,137,102,35,17,13,4,3,2,1,404,138,266,2,2,0
Total,State - GOA,All religious communities,Total,1458545,739140,719405,476053,356967,119086,101195,62569,38626,45598,28842,16756,881297,319604,561693,117306,42475,74831
Total,State - GOA,All religious communities,5-9,105968,54672,51296,3086,1610,1476,1209,601,608,504,244,260,101673,52461,49212,1586,824,762
Total,State - GOA,All religious communities,10-14,110989,57417,53572,3834,2153,1681,1880,987,893,810,440,370,105275,54277,50998,3152,1619,1533
Total,State - GOA,All religious communities,15-19,113875,60075,53800,14638,10178,4460,5925,3526,2399,3355,1885,1470,93312,46371,46941,20022,10029,9993
Total,State - GOA,All religious communities,20-24,130745,70616,60129,52450,37391,15059,13798,8732,5066,8424,5226,3198,64497,24493,40004,27709,12316,15393
Total,State - GOA,All religious communities,25-29,132626,67744,64882,67139,48653,18486,14057,8934,5123,8098,5145,2953,51430,10157,41273,19947,6126,13821
Total,State - GOA,All religious communities,30-34,125859,63471,62388,64748,49416,15332,12332,7923,4409,6372,4164,2208,48779,6132,42647,14636,3440,11196
Total,State - GOA,All religious communities,35-39,126298,63541,62757,65881,51036,14845,12429,7625,4804,6052,3876,2176,47988,4880,43108,11927,2400,9527
Total,State - GOA,All religious communities,40-49,203248,103371,99877,108524,83224,25300,19578,11943,7635,7670,4981,2689,75146,8204,66942,11560,2901,8659
Total,State - GOA,All religious communities,50-59,142145,70803,71342,67339,51890,15449,11887,7202,4685,2961,2011,950,62919,11711,51208,4288,1684,2604
Total,State - GOA,All religious communities,60-69,102123,48105,54018,20833,15964,4869,6032,3794,2238,1043,682,361,75258,28347,46911,1866,872,994
Total,State - GOA,All religious communities,70-79,45591,20118,25473,5311,3919,1392,1522,971,551,187,116,71,38758,15228,23530,379,173,206
Total,State - GOA,All religious communities,80+,15781,6092,9689,1536,1034,502,376,225,151,59,35,24,13869,4833,9036,166,60,106
Total,State - GOA,All religious communities,Age not stated,2094,1098,996,734,499,235,170,106,64,63,37,26,1190,493,697,68,31,37
Total,State - GOA,All religious communities,15-59,974796,499621,475175,440719,331788,108931,90006,55885,34121,42932,27288,15644,444071,111948,332123,110089,38896,71193
Total,State - GOA,All religious communities,60+,163495,74315,89180,27680,20917,6763,7930,4990,2940,1289,833,456,127885,48408,79477,2411,1105,1306
Total,State - GOA,Hindu,Total,963877,499587,464290,330058,252122,77936,72526,45049,27477,33867,21638,12229,561293,202416,358877,79157,27673,51484
Total,State - GOA,Hindu,5-9,68319,35462,32857,2001,1061,940,803,405,398,324,160,164,65515,33996,31519,1119,599,520
Total,State - GOA,Hindu,10-14,71979,37370,34609,2477,1400,1077,1272,652,620,517,281,236,68230,35318,32912,2200,1135,1065
Total,State - GOA,Hindu,15-19,75169,40174,34995,10186,7143,3043,4259,2512,1747,2383,1342,1041,60724,30519,30205,13527,6802,6725
Total,State - GOA,Hindu,20-24,89466,49590,39876,37244,27269,9975,10119,6481,3638,6342,4011,2331,42103,15840,26263,18755,8238,10517
Total,State - GOA,Hindu,25-29,92632,48539,44093,47935,35380,12555,10547,6696,3851,6255,4011,2244,34150,6463,27687,13719,4015,9704
Total,State - GOA,Hindu,30-34,88293,45428,42865,46529,35884,10645,9032,5738,3294,4819,3143,1676,32732,3806,28926,10174,2196,7978
Total,State - GOA,Hindu,35-39,87337,44818,42519,46358,36327,10031,9043,5495,3548,4581,2926,1655,31936,2996,28940,8199,1488,6711
Total,State - GOA,Hindu,40-49,134782,69933,64849,73018,56934,16084,13727,8379,5348,5640,3677,1963,48037,4620,43417,7354,1603,5751
Total,State - GOA,Hindu,50-59,92153,47579,44574,45749,36164,9585,8182,5042,3140,2091,1475,616,38222,6373,31849,2568,920,1648
Total,State - GOA,Hindu,60-69,61945,30230,31715,13611,10782,2829,4143,2712,1431,704,480,224,44191,16736,27455,1142,515,627
Total,State - GOA,Hindu,70-79,25624,11887,13737,3439,2703,736,1023,697,326,121,77,44,21162,8487,12675,241,100,141
Total,State - GOA,Hindu,80+,8310,3520,4790,954,683,271,246,159,87,39,26,13,7110,2678,4432,107,35,72
Total,State - GOA,Hindu,Age not stated,1488,800,688,557,392,165,130,81,49,51,29,22,801,327,474,52,27,25
Total,State - GOA,Hindu,15-59,659832,346061,313771,307019,235101,71918,64909,40343,24566,32111,20585,11526,287904,70617,217287,74296,25262,49034
Total,State - GOA,Hindu,60+,95879,45637,50242,18004,14168,3836,5412,3568,1844,864,583,281,72463,27901,44562,1490,650,840
Total,State - GOA,Muslim,Total,121564,63814,57750,37974,31542,6432,6597,4715,1882,2769,1971,798,76993,27557,49436,7353,2573,4780
Total,State - GOA,Muslim,5-9,11736,6063,5673,351,183,168,133,70,63,54,27,27,11252,5810,5442,159,81,78
Total,State - GOA,Muslim,10-14,11667,6048,5619,483,297,186,228,134,94,105,60,45,10956,5617,5339,313,158,155
Total,State - GOA,Muslim,15-19,11661,6236,5425,2288,1821,467,732,524,208,357,238,119,8641,3891,4750,1836,877,959
Total,State - GOA,Muslim,20-24,14080,7550,6530,5701,4826,875,1222,919,303,591,427,164,7157,1805,5352,1911,743,1168
Total,State - GOA,Muslim,25-29,12991,6769,6222,6291,5319,972,1083,799,284,515,377,138,5617,651,4966,1250,318,932
Total,State - GOA,Muslim,30-34,10342,5493,4849,5462,4562,900,850,616,234,361,268,93,4030,315,3715,667,99,568
Total,State - GOA,Muslim,35-39,9341,4934,4407,5082,4217,865,710,487,223,269,188,81,3549,230,3319,492,83,409
Total,State - GOA,Muslim,40-49,13016,6977,6039,7085,5932,1153,965,675,290,339,248,91,4966,370,4596,422,93,329
Total,State - GOA,Muslim,50-59,7717,4050,3667,3646,3082,564,423,311,112,113,88,25,3648,657,2991,175,62,113
Total,State - GOA,Muslim,60-69,4789,2440,2349,1232,1016,216,180,130,50,52,39,13,3377,1294,2083,99,45,54
Total,State - GOA,Muslim,70-79,1617,809,808,229,189,40,50,36,14,11,9,2,1338,584,754,16,10,6
Total,State - GOA,Muslim,80+,572,237,335,87,67,20,16,10,6,1,1,0,469,160,309,9,3,6
Total,State - GOA,Muslim,Age not stated,112,63,49,37,31,6,5,4,1,1,1,0,70,28,42,4,1,3
Total,State - GOA,Muslim,15-59,79148,42009,37139,35555,29759,5796,5985,4331,1654,2545,1834,711,37608,7919,29689,6753,2275,4478
Total,State - GOA,Muslim,60+,6978,3486,3492,1548,1272,276,246,176,70,64,49,15,5184,2038,3146,124,58,66
Total,State - GOA,Christian,Total,366130,171964,194166,105813,71572,34241,21531,12397,9134,8721,5046,3675,238786,87995,150791,30302,12037,18265
Total,State - GOA,Christian,5-9,25284,12841,12443,721,361,360,270,124,146,124,55,69,24293,12356,11937,305,142,163
Total,State - GOA,Christian,10-14,26798,13711,13087,854,443,411,369,194,175,184,97,87,25575,13074,12501,633,323,310
Total,State - GOA,Christian,15-19,26502,13364,13138,2072,1135,937,907,471,436,602,296,306,23523,11758,11765,4549,2290,2259
Total,State - GOA,Christian,20-24,26484,13023,13461,9234,5082,4152,2338,1234,1104,1443,751,692,14912,6707,8205,6919,3289,3630
Total,State - GOA,Christian,25-29,26328,12048,14280,12577,7682,4895,2329,1364,965,1290,729,561,11422,3002,8420,4886,1769,3117
Total,State - GOA,Christian,30-34,26668,12242,14426,12475,8754,3721,2371,1508,863,1149,716,433,11822,1980,9842,3748,1126,2622
Total,State - GOA,Christian,35-39,29041,13462,15579,14118,10234,3884,2611,1591,1020,1162,728,434,12312,1637,10675,3203,821,2382
Total,State - GOA,Christian,40-49,54595,26017,28578,27984,20018,7966,4805,2837,1968,1654,1030,624,21806,3162,18644,3734,1188,2546
Total,State - GOA,Christian,50-59,41692,18864,22828,17651,12412,5239,3246,1820,1426,743,437,306,20795,4632,16163,1522,693,829
Total,State - GOA,Christian,60-69,35022,15261,19761,5905,4099,1806,1697,946,751,286,162,124,27420,10216,17204,622,309,313
Total,State - GOA,Christian,70-79,18181,7344,10837,1617,1012,605,446,236,210,55,30,25,16118,6096,10022,121,63,58
Total,State - GOA,Christian,80+,6814,2297,4517,488,278,210,113,55,58,19,8,11,6213,1964,4249,50,22,28
Total,State - GOA,Christian,Age not stated,388,176,212,117,62,55,29,17,12,10,7,3,242,97,145,10,2,8
Total,State - GOA,Christian,15-59,231310,109020,122290,96111,65317,30794,18607,10825,7782,8043,4687,3356,116592,32878,83714,28561,11176,17385
Total,State - GOA,Christian,60+,60017,24902,35115,8010,5389,2621,2256,1237,1019,360,200,160,49751,18276,31475,793,394,399
Total,State - GOA,Sikh,Total,1473,863,610,545,484,61,103,68,35,37,20,17,825,311,514,79,31,48
Total,State - GOA,Sikh,5-9,107,56,51,2,1,1,0,0,0,0,0,0,105,55,50,1,0,1
Total,State - GOA,Sikh,10-14,78,41,37,0,0,0,4,3,1,1,1,0,74,38,36,1,1,0
Total,State - GOA,Sikh,15-19,127,72,55,27,27,0,4,3,1,1,0,1,96,42,54,14,7,7
Total,State - GOA,Sikh,20-24,170,125,45,67,60,7,26,23,3,11,8,3,77,42,35,24,12,12
Total,State - GOA,Sikh,25-29,160,102,58,91,85,6,19,13,6,10,5,5,50,4,46,8,1,7
Total,State - GOA,Sikh,30-34,124,72,52,70,62,8,16,8,8,4,2,2,38,2,36,5,0,5
Total,State - GOA,Sikh,35-39,133,70,63,74,64,10,8,3,5,4,1,3,51,3,48,9,2,7
Total,State - GOA,Sikh,40-49,209,122,87,115,100,15,13,8,5,2,1,1,81,14,67,13,6,7
Total,State - GOA,Sikh,50-59,139,82,57,74,63,11,9,6,3,4,2,2,56,13,43,4,2,2
Total,State - GOA,Sikh,60-69,70,37,33,19,17,2,4,1,3,0,0,0,47,19,28,0,0,0
Total,State - GOA,Sikh,70-79,36,21,15,4,3,1,0,0,0,0,0,0,32,18,14,0,0,0
Total,State - GOA,Sikh,80+,6,6,0,1,1,0,0,0,0,0,0,0,5,5,0,0,0,0
Total,State - GOA,Sikh,Age not stated,5,3,2,1,1,0,0,0,0,0,0,0,4,2,2,0,0,0
Total,State - GOA,Sikh,15-59,1062,645,417,518,461,57,95,64,31,36,19,17,449,120,329,77,30,47
Total,State - GOA,Sikh,60+,112,64,48,24,21,3,4,1,3,0,0,0,84,42,42,0,0,0
Total,State - GOA,Buddhist,Total,1095,574,521,339,259,80,120,95,25,42,32,10,636,220,416,78,27,51
Total,State - GOA,Buddhist,5-9,72,32,40,1,1,0,1,1,0,1,1,0,70,30,40,0,0,0
Total,State - GOA,Buddhist,10-14,71,34,37,1,1,0,0,0,0,0,0,0,70,33,37,1,0,1
Total,State - GOA,Buddhist,15-19,73,44,29,13,10,3,6,5,1,3,2,1,54,29,25,16,9,7
Total,State - GOA,Buddhist,20-24,116,66,50,37,26,11,26,23,3,5,5,0,53,17,36,23,8,15
Total,State - GOA,Buddhist,25-29,111,53,58,43,31,12,21,16,5,8,6,2,47,6,41,17,4,13
Total,State - GOA,Buddhist,30-34,112,62,50,54,40,14,19,16,3,8,7,1,39,6,33,8,2,6
Total,State - GOA,Buddhist,35-39,98,62,36,57,50,7,13,10,3,6,4,2,28,2,26,7,1,6
Total,State - GOA,Buddhist,40-49,141,70,71,64,51,13,18,10,8,7,3,4,59,9,50,3,1,2
Total,State - GOA,Buddhist,50-59,117,66,51,58,43,15,11,11,0,4,4,0,48,12,36,3,2,1
Total,State - GOA,Buddhist,60-69,65,25,40,6,5,1,3,1,2,0,0,0,56,19,37,0,0,0
Total,State - GOA,Buddhist,70-79,29,11,18,3,0,3,1,1,0,0,0,0,25,10,15,0,0,0
Total,State - GOA,Buddhist,80+,14,6,8,1,1,0,1,1,0,0,0,0,12,4,8,0,0,0
Total,State - GOA,Buddhist,Age not stated,3,2,1,1,0,1,0,0,0,0,0,0,2,2,0,0,0,0
Total,State - GOA,Buddhist,15-59,768,423,345,326,251,75,114,91,23,41,31,10,328,81,247,77,27,50
Total,State - GOA,Buddhist,60+,108,42,66,10,6,4,5,3,2,0,0,0,93,33,60,0,0,0
Total,State - GOA,Jain,Total,1109,580,529,396,309,87,48,30,18,16,12,4,665,241,424,64,18,46
Total,State - GOA,Jain,5-9,86,46,40,1,0,1,1,0,1,0,0,0,84,46,38,0,0,0
Total,State - GOA,Jain,10-14,84,52,32,1,1,0,2,2,0,0,0,0,81,49,32,0,0,0
Total,State - GOA,Jain,15-19,85,45,40,6,6,0,2,0,2,0,0,0,77,39,38,11,6,5
Total,State - GOA,Jain,20-24,99,57,42,32,21,11,7,5,2,6,5,1,60,31,29,19,7,12
Total,State - GOA,Jain,25-29,88,47,41,46,37,9,8,5,3,4,3,1,34,5,29,12,2,10
Total,State - GOA,Jain,30-34,83,43,40,47,35,12,7,7,0,2,2,0,29,1,28,5,1,4
Total,State - GOA,Jain,35-39,103,55,48,62,50,12,5,4,1,1,1,0,36,1,35,6,0,6
Total,State - GOA,Jain,40-49,170,77,93,95,70,25,10,4,6,3,1,2,65,3,62,8,0,8
Total,State - GOA,Jain,50-59,117,62,55,66,58,8,4,2,2,0,0,0,47,2,45,1,0,1
Total,State - GOA,Jain,60-69,76,39,37,27,22,5,1,1,0,0,0,0,48,16,32,2,2,0
Total,State - GOA,Jain,70-79,31,14,17,10,6,4,1,0,1,0,0,0,20,8,12,0,0,0
Total,State - GOA,Jain,80+,10,3,7,2,2,0,0,0,0,0,0,0,8,1,7,0,0,0
Total,State - GOA,Jain,Age not stated,1,1,0,1,1,0,0,0,0,0,0,0,0,0,0,0,0,0
Total,State - GOA,Jain,15-59,745,386,359,354,277,77,43,27,16,16,12,4,348,82,266,62,16,46
Total,State - GOA,Jain,60+,117,56,61,39,30,9,2,1,1,0,0,0,76,25,51,2,2,0
Total,State - GOA,Other religious communities,Total,258,143,115,99,73,26,21,14,7,7,5,2,138,56,82,14,6,8
Total,State - GOA,Other religious communities,5-9,15,8,7,0,0,0,0,0,0,0,0,0,15,8,7,0,0,0
Total,State - GOA,Other religious communities,10-14,13,7,6,0,0,0,1,0,1,1,0,1,12,7,5,1,1,0
Total,State - GOA,Other religious communities,15-19,13,3,10,1,0,1,1,1,0,1,1,0,11,2,9,4,1,3
Total,State - GOA,Other religious communities,20-24,25,14,11,10,8,2,6,3,3,2,1,1,9,3,6,1,0,1
Total,State - GOA,Other religious communities,25-29,26,11,15,12,8,4,3,2,1,0,0,0,11,1,10,2,0,2
Total,State - GOA,Other religious communities,30-34,16,10,6,5,4,1,4,4,0,2,2,0,7,2,5,2,2,0
Total,State - GOA,Other religious communities,35-39,26,17,9,16,13,3,2,1,1,0,0,0,8,3,5,2,1,1
Total,State - GOA,Other religious communities,40-49,31,17,14,23,14,9,1,1,0,0,0,0,7,2,5,1,1,0
Total,State - GOA,Other religious communities,50-59,33,20,13,20,17,3,1,1,0,0,0,0,12,2,10,1,0,1
Total,State - GOA,Other religious communities,60-69,31,19,12,6,5,1,2,1,1,1,1,0,23,13,10,0,0,0
Total,State - GOA,Other religious communities,70-79,9,5,4,5,3,2,0,0,0,0,0,0,4,2,2,0,0,0
Total,State - GOA,Other religious communities,80+,5,3,2,1,1,0,0,0,0,0,0,0,4,2,2,0,0,0
Total,State - GOA,Other religious communities,Age not stated,0,0,0,0,0,0,0,0,0,0,0,0,0,0,0,0,0,0
Total,State - GOA,Other religious communities,15-59,170,92,78,87,64,23,18,13,5,5,4,1,65,15,50,13,5,8
Total,State - GOA,Other religious communities,60+,45,27,18,12,9,3,2,1,1,1,1,0,31,17,14,0,0,0
Rural,State - GOA,All religious communities,Total,551731,275436,276295,164519,122042,42477,51017,30944,20073,24452,15622,8830,336195,122450,213745,52435,18753,33682
Rural,State - GOA,All religious communities,5-9,39364,20165,19199,1145,586,559,253,124,129,96,42,54,37966,19455,18511,577,290,287
Rural,State - GOA,All religious communities,10-14,41666,21304,20362,1379,737,642,592,295,297,253,129,124,39695,20272,19423,1227,610,617
Rural,State - GOA,All religious communities,15-19,42371,22000,20371,4743,2960,1783,2556,1434,1122,1570,842,728,35072,17606,17466,8989,4442,4547
Rural,State - GOA,All religious communities,20-24,47290,24590,22700,17186,11414,5772,6490,3938,2552,4376,2672,1704,23614,9238,14376,12064,5253,6811
Rural,State - GOA,All religious communities,25-29,49917,25250,24667,23497,16748,6749,6879,4312,2567,4338,2796,1542,19541,4190,15351,8966,2763,6203
Rural,State - GOA,All religious communities,30-34,48264,24210,24054,23005,17606,5399,6294,3939,2355,3499,2313,1186,18965,2665,16300,6777,1649,5128
Rural,State - GOA,All religious communities,35-39,48386,24268,24118,23395,18163,5232,6518,3931,2587,3481,2261,1220,18473,2174,16299,5411,1176,4235
Rural,State - GOA,All religious communities,40-49,75989,38356,37633,36995,28633,8362,10528,6276,4252,4469,2931,1538,28466,3447,25019,5223,1320,3903
Rural,State - GOA,All religious communities,50-59,53940,26291,27649,22753,17572,5181,6390,3810,2580,1667,1155,512,24797,4909,19888,2083,758,1325
Rural,State - GOA,All religious communities,60-69,41186,18907,22279,7717,5737,1980,3437,2181,1256,562,391,171,30032,10989,19043,857,384,473
Rural,State - GOA,All religious communities,70-79,18269,7766,10503,1820,1312,508,817,541,276,93,61,32,15632,5913,9719,172,75,97
Rural,State - GOA,All religious communities,80+,6332,2413,3919,529,350,179,187,117,70,20,11,9,5616,1946,3670,66,25,41
Rural,State - GOA,All religious communities,Age not stated,918,484,434,355,224,131,76,46,30,28,18,10,487,214,273,23,8,15
Rural,State - GOA,All religious communities,15-59,366157,184965,181192,151574,113096,38478,45655,27640,18015,23400,14970,8430,168928,44229,124699,49513,17361,32152
Rural,State - GOA,All religious communities,60+,65787,29086,36701,10066,7399,2667,4441,2839,1602,675,463,212,51280,18848,32432,1095,484,611
Rural,State - GOA,Hindu,Total,394144,200644,193500,121486,91583,29903,41241,24962,16279,20317,13046,7271,231417,84099,147318,38624,13359,25265
Rural,State - GOA,Hindu,5-9,27811,14313,13498,792,410,382,176,91,85,70,35,35,26843,13812,13031,475,250,225
Rural,State - GOA,Hindu,10-14,29828,15348,14480,959,517,442,448,213,235,187,95,92,28421,14618,13803,952,477,475
Rural,State - GOA,Hindu,15-19,30503,15857,14646,3489,2167,1322,2100,1158,942,1295,691,604,24914,12532,12382,6724,3333,3391
Rural,State - GOA,Hindu,20-24,34773,18340,16433,12848,8702,4146,5294,3237,2057,3629,2251,1378,16631,6401,10230,8880,3805,5075
Rural,State - GOA,Hindu,25-29,37625,19465,18160,17890,12964,4926,5731,3571,2160,3693,2393,1300,14004,2930,11074,6683,2002,4681
Rural,State - GOA,Hindu,30-34,36454,18637,17817,17647,13618,4029,5181,3213,1968,2945,1950,995,13626,1806,11820,5124,1142,3982
Rural,State - GOA,Hindu,35-39,35951,18348,17603,17537,13748,3789,5329,3168,2161,2914,1884,1030,13085,1432,11653,4014,789,3225
Rural,State - GOA,Hindu,40-49,54435,28054,26381,26624,20916,5708,8399,4995,3404,3720,2438,1282,19412,2143,17269,3649,809,2840
Rural,State - GOA,Hindu,50-59,37320,18805,18515,16327,12972,3355,5012,2987,2025,1325,934,391,15981,2846,13135,1346,441,905
Rural,State - GOA,Hindu,60-69,26979,12695,14284,5492,4187,1305,2720,1755,965,439,309,130,18767,6753,12014,581,238,343
Rural,State - GOA,Hindu,70-79,11080,4919,6161,1243,946,297,640,442,198,62,43,19,9197,3531,5666,125,49,76
Rural,State - GOA,Hindu,80+,3628,1539,2089,352,247,105,149,96,53,17,11,6,3127,1196,1931,50,17,33
Rural,State - GOA,Hindu,Age not stated,697,376,321,286,189,97,62,36,26,21,12,9,349,151,198,21,7,14
Rural,State - GOA,Hindu,15-59,267061,137506,129555,112362,85087,27275,37046,22329,14717,19521,12541,6980,117653,30090,87563,36420,12321,24099
Rural,State - GOA,Hindu,60+,41687,19153,22534,7087,5380,1707,3509,2293,1216,518,363,155,31091,11480,19611,756,304,452
Rural,State - GOA,Muslim,Total,20460,10893,9567,6193,5199,994,1632,1199,433,686,522,164,12635,4495,8140,1302,405,897
Rural,State - GOA,Muslim,5-9,1981,1018,963,68,39,29,21,10,11,8,2,6,1892,969,923,10,5,5
Rural,State - GOA,Muslim,10-14,1950,994,956,85,47,38,33,18,15,14,8,6,1832,929,903,39,21,18
Rural,State - GOA,Muslim,15-19,1896,1045,851,402,318,84,146,112,34,61,42,19,1348,615,733,325,167,158
Rural,State - GOA,Muslim,20-24,2496,1339,1157,985,841,144,309,241,68,156,123,33,1202,257,945,322,98,224
Rural,State - GOA,Muslim,25-29,2339,1280,1059,1098,961,137,295,229,66,150,118,32,946,90,856,226,38,188
Rural,State - GOA,Muslim,30-34,1757,988,769,899,770,129,222,170,52,98,75,23,636,48,588,128,15,113
Rural,State - GOA,Muslim,35-39,1582,853,729,845,698,147,187,125,62,69,49,20,550,30,520,98,15,83
Rural,State - GOA,Muslim,40-49,2062,1134,928,1076,914,162,234,162,72,83,66,17,752,58,694,94,21,73
Rural,State - GOA,Muslim,50-59,1177,617,560,502,419,83,112,84,28,29,25,4,563,114,449,31,14,17
Rural,State - GOA,Muslim,60-69,823,418,405,180,149,31,52,34,18,11,9,2,591,235,356,24,8,16
Rural,State - GOA,Muslim,70-79,225,125,100,34,28,6,15,11,4,6,4,2,176,86,90,3,2,1
Rural,State - GOA,Muslim,80+,79,32,47,17,13,4,3,1,2,0,0,0,59,18,41,2,1,1
Rural,State - GOA,Muslim,Age not stated,18,10,8,2,2,0,3,2,1,1,1,0,13,6,7,0,0,0
Rural,State - GOA,Muslim,15-59,13309,7256,6053,5807,4921,886,1505,1123,382,646,498,148,5997,1212,4785,1224,368,856
Rural,State - GOA,Muslim,60+,1127,575,552,231,190,41,70,46,24,17,13,4,826,339,487,29,11,18
Rural,State - GOA,Christian,Total,134947,62846,72101,36286,24857,11429,8009,4687,3322,3391,2012,1379,90652,33302,57350,12318,4918,7400
Rural,State - GOA,Christian,5-9,9320,4724,4596,278,133,145,56,23,33,18,5,13,8986,4568,4418,91,34,57
Rural,State - GOA,Christian,10-14,9679,4854,4825,322,164,158,108,62,46,52,26,26,9249,4628,4621,234,110,124
Rural,State - GOA,Christian,15-19,9805,5013,4792,818,448,370,303,158,145,211,107,104,8684,4407,4277,1895,923,972
Rural,State - GOA,Christian,20-24,9824,4809,5015,3293,1829,1464,854,437,417,576,289,287,5677,2543,3134,2816,1334,1482
Rural,State - GOA,Christian,25-29,9753,4400,5353,4418,2755,1663,827,493,334,484,275,209,4508,1152,3356,2019,712,1307
Rural,State - GOA,Christian,30-34,9872,4496,5376,4380,3161,1219,868,538,330,443,276,167,4624,797,3827,1506,485,1021
Rural,State - GOA,Christian,35-39,10708,4998,5710,4942,3662,1280,988,628,360,492,324,168,4778,708,4070,1292,370,922
Rural,State - GOA,Christian,40-49,19292,9069,10223,9202,6731,2471,1877,1110,767,659,425,234,8213,1228,6985,1461,481,980
Rural,State - GOA,Christian,50-59,15278,6793,8485,5849,4128,1721,1259,733,526,310,193,117,8170,1932,6238,693,299,394
Rural,State - GOA,Christian,60-69,13257,5744,7513,2025,1389,636,662,390,272,112,73,39,10570,3965,6605,252,138,114
Rural,State - GOA,Christian,70-79,6915,2704,4211,539,337,202,161,87,74,25,14,11,6215,2280,3935,43,24,19
Rural,State - GOA,Christian,80+,2591,834,1757,160,90,70,35,20,15,3,0,3,2396,724,1672,14,7,7
Rural,State - GOA,Christian,Age not stated,166,82,84,60,30,30,11,8,3,6,5,1,95,44,51,2,1,1
Rural,State - GOA,Christian,15-59,84532,39578,44954,32902,22714,10188,6976,4097,2879,3175,1889,1286,44654,12767,31887,11682,4604,7078
Rural,State - GOA,Christian,60+,22763,9282,13481,2724,1816,908,858,497,361,140,87,53,19181,6969,12212,309,169,140
Rural,State - GOA,Sikh,Total,360,220,140,127,116,11,38,32,6,15,11,4,195,72,123,14,2,12
Rural,State - GOA,Sikh,5-9,31,18,13,0,0,0,0,0,0,0,0,0,31,18,13,0,0,0
Rural,State - GOA,Sikh,10-14,17,11,6,0,0,0,1,1,0,0,0,0,16,10,6,1,1,0
Rural,State - GOA,Sikh,15-19,28,15,13,7,7,0,1,1,0,0,0,0,20,7,13,3,0,3
Rural,State - GOA,Sikh,20-24,47,33,14,16,13,3,14,12,2,7,5,2,17,8,9,3,1,2
Rural,State - GOA,Sikh,25-29,43,30,13,22,22,0,6,6,0,3,3,0,15,2,13,2,0,2
Rural,State - GOA,Sikh,30-34,31,19,12,15,14,1,5,4,1,2,2,0,11,1,10,2,0,2
Rural,State - GOA,Sikh,35-39,31,20,11,19,18,1,4,1,3,2,0,2,8,1,7,1,0,1
Rural,State - GOA,Sikh,40-49,35,22,13,20,19,1,3,3,0,0,0,0,12,0,12,2,0,2
Rural,State - GOA,Sikh,50-59,40,26,14,25,21,4,3,3,0,1,1,0,12,2,10,0,0,0
Rural,State - GOA,Sikh,60-69,20,11,9,3,2,1,1,1,0,0,0,0,16,8,8,0,0,0
Rural,State - GOA,Sikh,70-79,5,2,3,0,0,0,0,0,0,0,0,0,5,2,3,0,0,0
Rural,State - GOA,Sikh,80+,1,1,0,0,0,0,0,0,0,0,0,0,1,1,0,0,0,0
Rural,State - GOA,Sikh,Age not stated,0,0,0,0,0,0,0,0,0,0,0,0,0,0,0,0,0,0
Rural,State - GOA,Sikh,15-59,255,165,90,124,114,10,36,30,6,15,11,4,95,21,74,13,1,12
Rural,State - GOA,Sikh,60+,26,14,12,3,2,1,1,1,0,0,0,0,22,11,11,0,0,0
Rural,State - GOA,Buddhist,Total,333,152,181,94,70,24,24,14,10,7,5,2,215,68,147,23,6,17
Rural,State - GOA,Buddhist,5-9,16,6,10,1,1,0,0,0,0,0,0,0,15,5,10,0,0,0
Rural,State - GOA,Buddhist,10-14,23,11,12,1,1,0,0,0,0,0,0,0,22,10,12,0,0,0
Rural,State - GOA,Buddhist,15-19,25,12,13,3,2,1,3,3,0,0,0,0,19,7,12,7,2,5
Rural,State - GOA,Buddhist,20-24,31,15,16,13,8,5,5,3,2,1,1,0,13,4,9,6,2,4
Rural,State - GOA,Buddhist,25-29,35,13,22,15,11,4,3,1,2,0,0,0,17,1,16,3,0,3
Rural,State - GOA,Buddhist,30-34,31,15,16,15,10,5,3,3,0,2,2,0,13,2,11,2,0,2
Rural,State - GOA,Buddhist,35-39,24,12,12,11,10,1,2,1,1,0,0,0,11,1,10,3,1,2
Rural,State - GOA,Buddhist,40-49,46,23,23,22,19,3,5,1,4,2,0,2,19,3,16,2,1,1
Rural,State - GOA,Buddhist,50-59,27,14,13,8,7,1,2,2,0,2,2,0,17,5,12,0,0,0
Rural,State - GOA,Buddhist,60-69,29,9,20,2,1,1,1,0,1,0,0,0,26,8,18,0,0,0
Rural,State - GOA,Buddhist,70-79,13,5,8,2,0,2,0,0,0,0,0,0,11,5,6,0,0,0
Rural,State - GOA,Buddhist,80+,5,1,4,0,0,0,0,0,0,0,0,0,5,1,4,0,0,0
Rural,State - GOA,Buddhist,Age not stated,2,1,1,1,0,1,0,0,0,0,0,0,1,1,0,0,0,0
Rural,State - GOA,Buddhist,15-59,219,104,115,87,67,20,23,14,9,7,5,2,109,23,86,23,6,17
Rural,State - GOA,Buddhist,60+,47,15,32,4,1,3,1,0,1,0,0,0,42,14,28,0,0,0
Rural,State - GOA,Jain,Total,120,57,63,36,27,9,12,9,3,5,4,1,72,21,51,6,2,4
Rural,State - GOA,Jain,5-9,8,2,6,0,0,0,0,0,0,0,0,0,8,2,6,0,0,0
Rural,State - GOA,Jain,10-14,11,7,4,1,1,0,1,1,0,0,0,0,9,5,4,0,0,0
Rural,State - GOA,Jain,15-19,7,5,2,3,3,0,0,0,0,0,0,0,4,2,2,1,1,0
Rural,State - GOA,Jain,20-24,18,7,11,3,2,1,1,1,0,1,1,0,14,4,10,5,1,4
Rural,State - GOA,Jain,25-29,15,11,4,9,7,2,4,2,2,2,1,1,2,2,0,0,0,0
Rural,State - GOA,Jain,30-34,9,5,4,2,2,0,3,3,0,1,1,0,4,0,4,0,0,0
Rural,State - GOA,Jain,35-39,10,5,5,5,3,2,2,2,0,1,1,0,3,0,3,0,0,0
Rural,State - GOA,Jain,40-49,11,4,7,7,4,3,1,0,1,0,0,0,3,0,3,0,0,0
Rural,State - GOA,Jain,50-59,8,4,4,5,4,1,0,0,0,0,0,0,3,0,3,0,0,0
Rural,State - GOA,Jain,60-69,4,2,2,1,1,0,0,0,0,0,0,0,3,1,2,0,0,0
Rural,State - GOA,Jain,70-79,1,0,1,0,0,0,0,0,0,0,0,0,1,0,1,0,0,0
Rural,State - GOA,Jain,80+,1,0,1,0,0,0,0,0,0,0,0,0,1,0,1,0,0,0
Rural,State - GOA,Jain,Age not stated,0,0,0,0,0,0,0,0,0,0,0,0,0,0,0,0,0,0
Rural,State - GOA,Jain,15-59,78,41,37,34,25,9,11,8,3,5,4,1,33,8,25,6,2,4
Rural,State - GOA,Jain,60+,6,2,4,1,1,0,0,0,0,0,0,0,5,1,4,0,0,0
Rural,State - GOA,Other religious communities,Total,68,40,28,26,17,9,2,2,0,1,1,0,40,21,19,5,3,2
Rural,State - GOA,Other religious communities,5-9,4,3,1,0,0,0,0,0,0,0,0,0,4,3,1,0,0,0
Rural,State - GOA,Other religious communities,10-14,4,3,1,0,0,0,0,0,0,0,0,0,4,3,1,1,1,0
Rural,State - GOA,Other religious communities,15-19,5,1,4,1,0,1,0,0,0,0,0,0,4,1,3,3,1,2
Rural,State - GOA,Other religious communities,20-24,4,1,3,1,1,0,0,0,0,0,0,0,3,0,3,0,0,0
Rural,State - GOA,Other religious communities,25-29,7,5,2,6,4,2,1,1,0,0,0,0,0,0,0,0,0,0
Rural,State - GOA,Other religious communities,30-34,5,3,2,1,1,0,1,1,0,1,1,0,3,1,2,1,1,0
Rural,State - GOA,Other religious communities,35-39,4,2,2,3,2,1,0,0,0,0,0,0,1,0,1,0,0,0
Rural,State - GOA,Other religious communities,40-49,6,2,4,5,2,3,0,0,0,0,0,0,1,0,1,0,0,0
Rural,State - GOA,Other religious communities,50-59,8,5,3,6,4,2,0,0,0,0,0,0,2,1,1,0,0,0
Rural,State - GOA,Other religious communities,60-69,12,8,4,2,2,0,0,0,0,0,0,0,10,6,4,0,0,0
Rural,State - GOA,Other religious communities,70-79,2,2,0,1,1,0,0,0,0,0,0,0,1,1,0,0,0,0
Rural,State - GOA,Other religious communities,80+,2,1,1,0,0,0,0,0,0,0,0,0,2,1,1,0,0,0
Rural,State - GOA,Other religious communities,Age not stated,0,0,0,0,0,0,0,0,0,0,0,0,0,0,0,0,0,0
Rural,State - GOA,Other religious communities,15-59,39,19,20,23,14,9,2,2,0,1,1,0,14,3,11,4,2,2
Rural,State - GOA,Other religious communities,60+,16,11,5,3,3,0,0,0,0,0,0,0,13,8,5,0,0,0
Urban,State - GOA,All religious communities,Total,906814,463704,443110,311534,234925,76609,50178,31625,18553,21146,13220,7926,545102,197154,347948,64871,23722,41149
Urban,State - GOA,All religious communities,5-9,66604,34507,32097,1941,1024,917,956,477,479,408,202,206,63707,33006,30701,1009,534,475
Urban,State - GOA,All religious communities,10-14,69323,36113,33210,2455,1416,1039,1288,692,596,557,311,246,65580,34005,31575,1925,1009,916
Urban,State - GOA,All religious communities,15-19,71504,38075,33429,9895,7218,2677,3369,2092,1277,1785,1043,742,58240,28765,29475,11033,5587,5446
Urban,State - GOA,All religious communities,20-24,83455,46026,37429,35264,25977,9287,7308,4794,2514,4048,2554,1494,40883,15255,25628,15645,7063,8582
Urban,State - GOA,All religious communities,25-29,82709,42494,40215,43642,31905,11737,7178,4622,2556,3760,2349,1411,31889,5967,25922,10981,3363,7618
Urban,State - GOA,All religious communities,30-34,77595,39261,38334,41743,31810,9933,6038,3984,2054,2873,1851,1022,29814,3467,26347,7859,1791,6068
Urban,State - GOA,All religious communities,35-39,77912,39273,38639,42486,32873,9613,5911,3694,2217,2571,1615,956,29515,2706,26809,6516,1224,5292
Urban,State - GOA,All religious communities,40-49,127259,65015,62244,71529,54591,16938,9050,5667,3383,3201,2050,1151,46680,4757,41923,6337,1581,4756
Urban,State - GOA,All religious communities,50-59,88205,44512,43693,44586,34318,10268,5497,3392,2105,1294,856,438,38122,6802,31320,2205,926,1279
Urban,State - GOA,All religious communities,60-69,60937,29198,31739,13116,10227,2889,2595,1613,982,481,291,190,45226,17358,27868,1009,488,521
Urban,State - GOA,All religious communities,70-79,27322,12352,14970,3491,2607,884,705,430,275,94,55,39,23126,9315,13811,207,98,109
Urban,State - GOA,All religious communities,80+,9449,3679,5770,1007,684,323,189,108,81,39,24,15,8253,2887,5366,100,35,65
Urban,State - GOA,All religious communities,Age not stated,1176,614,562,379,275,104,94,60,34,35,19,16,703,279,424,45,23,22
Urban,State - GOA,All religious communities,15-59,608639,314656,293983,289145,218692,70453,44351,28245,16106,19532,12318,7214,275143,67719,207424,60576,21535,39041
Urban,State - GOA,All religious communities,60+,97708,45229,52479,17614,13518,4096,3489,2151,1338,614,370,244,76605,29560,47045,1316,621,695
Urban,State - GOA,Hindu,Total,569733,298943,270790,208572,160539,48033,31285,20087,11198,13550,8592,4958,329876,118317,211559,40533,14314,26219
Urban,State - GOA,Hindu,5-9,40508,21149,19359,1209,651,558,627,314,313,254,125,129,38672,20184,18488,644,349,295
Urban,State - GOA,Hindu,10-14,42151,22022,20129,1518,883,635,824,439,385,330,186,144,39809,20700,19109,1248,658,590
Urban,State - GOA,Hindu,15-19,44666,24317,20349,6697,4976,1721,2159,1354,805,1088,651,437,35810,17987,17823,6803,3469,3334
Urban,State - GOA,Hindu,20-24,54693,31250,23443,24396,18567,5829,4825,3244,1581,2713,1760,953,25472,9439,16033,9875,4433,5442
Urban,State - GOA,Hindu,25-29,55007,29074,25933,30045,22416,7629,4816,3125,1691,2562,1618,944,20146,3533,16613,7036,2013,5023
Urban,State - GOA,Hindu,30-34,51839,26791,25048,28882,22266,6616,3851,2525,1326,1874,1193,681,19106,2000,17106,5050,1054,3996
Urban,State - GOA,Hindu,35-39,51386,26470,24916,28821,22579,6242,3714,2327,1387,1667,1042,625,18851,1564,17287,4185,699,3486
Urban,State - GOA,Hindu,40-49,80347,41879,38468,46394,36018,10376,5328,3384,1944,1920,1239,681,28625,2477,26148,3705,794,2911
Urban,State - GOA,Hindu,50-59,54833,28774,26059,29422,23192,6230,3170,2055,1115,766,541,225,22241,3527,18714,1222,479,743
Urban,State - GOA,Hindu,60-69,34966,17535,17431,8119,6595,1524,1423,957,466,265,171,94,25424,9983,15441,561,277,284
Urban,State - GOA,Hindu,70-79,14544,6968,7576,2196,1757,439,383,255,128,59,34,25,11965,4956,7009,116,51,65
Urban,State - GOA,Hindu,80+,4682,1981,2701,602,436,166,97,63,34,22,15,7,3983,1482,2501,57,18,39
Urban,State - GOA,Hindu,Age not stated,791,424,367,271,203,68,68,45,23,30,17,13,452,176,276,31,20,11
Urban,State - GOA,Hindu,15-59,392771,208555,184216,194657,150014,44643,27863,18014,9849,12590,8044,4546,170251,40527,129724,37876,12941,24935
Urban,State - GOA,Hindu,60+,54192,26484,27708,10917,8788,2129,1903,1275,628,346,220,126,41372,16421,24951,734,346,388
Urban,State - GOA,Muslim,Total,101104,52921,48183,31781,26343,5438,4965,3516,1449,2083,1449,634,64358,23062,41296,6051,2168,3883
Urban,State - GOA,Muslim,5-9,9755,5045,4710,283,144,139,112,60,52,46,25,21,9360,4841,4519,149,76,73
Urban,State - GOA,Muslim,10-14,9717,5054,4663,398,250,148,195,116,79,91,52,39,9124,4688,4436,274,137,137
Urban,State - GOA,Muslim,15-19,9765,5191,4574,1886,1503,383,586,412,174,296,196,100,7293,3276,4017,1511,710,801
Urban,State - GOA,Muslim,20-24,11584,6211,5373,4716,3985,731,913,678,235,435,304,131,5955,1548,4407,1589,645,944
Urban,State - GOA,Muslim,25-29,10652,5489,5163,5193,4358,835,788,570,218,365,259,106,4671,561,4110,1024,280,744
Urban,State - GOA,Muslim,30-34,8585,4505,4080,4563,3792,771,628,446,182,263,193,70,3394,267,3127,539,84,455
Urban,State - GOA,Muslim,35-39,7759,4081,3678,4237,3519,718,523,362,161,200,139,61,2999,200,2799,394,68,326
Urban,State - GOA,Muslim,40-49,10954,5843,5111,6009,5018,991,731,513,218,256,182,74,4214,312,3902,328,72,256
Urban,State - GOA,Muslim,50-59,6540,3433,3107,3144,2663,481,311,227,84,84,63,21,3085,543,2542,144,48,96
Urban,State - GOA,Muslim,60-69,3966,2022,1944,1052,867,185,128,96,32,41,30,11,2786,1059,1727,75,37,38
Urban,State - GOA,Muslim,70-79,1392,684,708,195,161,34,35,25,10,5,5,0,1162,498,664,13,8,5
Urban,State - GOA,Muslim,80+,493,205,288,70,54,16,13,9,4,1,1,0,410,142,268,7,2,5
Urban,State - GOA,Muslim,Age not stated,94,53,41,35,29,6,2,2,0,0,0,0,57,22,35,4,1,3
Urban,State - GOA,Muslim,15-59,65839,34753,31086,29748,24838,4910,4480,3208,1272,1899,1336,563,31611,6707,24904,5529,1907,3622
Urban,State - GOA,Muslim,60+,5851,2911,2940,1317,1082,235,176,130,46,47,36,11,4358,1699,2659,95,47,48
Urban,State - GOA,Christian,Total,231183,109118,122065,69527,46715,22812,13522,7710,5812,5330,3034,2296,148134,54693,93441,17984,7119,10865
Urban,State - GOA,Christian,5-9,15964,8117,7847,443,228,215,214,101,113,106,50,56,15307,7788,7519,214,108,106
Urban,State - GOA,Christian,10-14,17119,8857,8262,532,279,253,261,132,129,132,71,61,16326,8446,7880,399,213,186
Urban,State - GOA,Christian,15-19,16697,8351,8346,1254,687,567,604,313,291,391,189,202,14839,7351,7488,2654,1367,1287
Urban,State - GOA,Christian,20-24,16660,8214,8446,5941,3253,2688,1484,797,687,867,462,405,9235,4164,5071,4103,1955,2148
Urban,State - GOA,Christian,25-29,16575,7648,8927,8159,4927,3232,1502,871,631,806,454,352,6914,1850,5064,2867,1057,1810
Urban,State - GOA,Christian,30-34,16796,7746,9050,8095,5593,2502,1503,970,533,706,440,266,7198,1183,6015,2242,641,1601
Urban,State - GOA,Christian,35-39,18333,8464,9869,9176,6572,2604,1623,963,660,670,404,266,7534,929,6605,1911,451,1460
Urban,State - GOA,Christian,40-49,35303,16948,18355,18782,13287,5495,2928,1727,1201,995,605,390,13593,1934,11659,2273,707,1566
Urban,State - GOA,Christian,50-59,26414,12071,14343,11802,8284,3518,1987,1087,900,433,244,189,12625,2700,9925,829,394,435
Urban,State - GOA,Christian,60-69,21765,9517,12248,3880,2710,1170,1035,556,479,174,89,85,16850,6251,10599,370,171,199
Urban,State - GOA,Christian,70-79,11266,4640,6626,1078,675,403,285,149,136,30,16,14,9903,3816,6087,78,39,39
Urban,State - GOA,Christian,80+,4223,1463,2760,328,188,140,78,35,43,16,8,8,3817,1240,2577,36,15,21
Urban,State - GOA,Christian,Age not stated,222,94,128,57,32,25,18,9,9,4,2,2,147,53,94,8,1,7
Urban,State - GOA,Christian,15-59,146778,69442,77336,63209,42603,20606,11631,6728,4903,4868,2798,2070,71938,20111,51827,16879,6572,10307
Urban,State - GOA,Christian,60+,37254,15620,21634,5286,3573,1713,1398,740,658,220,113,107,30570,11307,19263,484,225,259
Urban,State - GOA,Sikh,Total,1113,643,470,418,368,50,65,36,29,22,9,13,630,239,391,65,29,36
Urban,State - GOA,Sikh,5-9,76,38,38,2,1,1,0,0,0,0,0,0,74,37,37,1,0,1
Urban,State - GOA,Sikh,10-14,61,30,31,0,0,0,3,2,1,1,1,0,58,28,30,0,0,0
Urban,State - GOA,Sikh,15-19,99,57,42,20,20,0,3,2,1,1,0,1,76,35,41,11,7,4
Urban,State - GOA,Sikh,20-24,123,92,31,51,47,4,12,11,1,4,3,1,60,34,26,21,11,10
Urban,State - GOA,Sikh,25-29,117,72,45,69,63,6,13,7,6,7,2,5,35,2,33,6,1,5
Urban,State - GOA,Sikh,30-34,93,53,40,55,48,7,11,4,7,2,0,2,27,1,26,3,0,3
Urban,State - GOA,Sikh,35-39,102,50,52,55,46,9,4,2,2,2,1,1,43,2,41,8,2,6
Urban,State - GOA,Sikh,40-49,174,100,74,95,81,14,10,5,5,2,1,1,69,14,55,11,6,5
Urban,State - GOA,Sikh,50-59,99,56,43,49,42,7,6,3,3,3,1,2,44,11,33,4,2,2
Urban,State - GOA,Sikh,60-69,50,26,24,16,15,1,3,0,3,0,0,0,31,11,20,0,0,0
Urban,State - GOA,Sikh,70-79,31,19,12,4,3,1,0,0,0,0,0,0,27,16,11,0,0,0
Urban,State - GOA,Sikh,80+,5,5,0,1,1,0,0,0,0,0,0,0,4,4,0,0,0,0
Urban,State - GOA,Sikh,Age not stated,5,3,2,1,1,0,0,0,0,0,0,0,4,2,2,0,0,0
Urban,State - GOA,Sikh,15-59,807,480,327,394,347,47,59,34,25,21,8,13,354,99,255,64,29,35
Urban,State - GOA,Sikh,60+,86,50,36,21,19,2,3,0,3,0,0,0,62,31,31,0,0,0
Urban,State - GOA,Buddhist,Total,762,422,340,245,189,56,96,81,15,35,27,8,421,152,269,55,21,34
Urban,State - GOA,Buddhist,5-9,56,26,30,0,0,0,1,1,0,1,1,0,55,25,30,0,0,0
Urban,State - GOA,Buddhist,10-14,48,23,25,0,0,0,0,0,0,0,0,0,48,23,25,1,0,1
Urban,State - GOA,Buddhist,15-19,48,32,16,10,8,2,3,2,1,3,2,1,35,22,13,9,7,2
Urban,State - GOA,Buddhist,20-24,85,51,34,24,18,6,21,20,1,4,4,0,40,13,27,17,6,11
Urban,State - GOA,Buddhist,25-29,76,40,36,28,20,8,18,15,3,8,6,2,30,5,25,14,4,10
Urban,State - GOA,Buddhist,30-34,81,47,34,39,30,9,16,13,3,6,5,1,26,4,22,6,2,4
Urban,State - GOA,Buddhist,35-39,74,50,24,46,40,6,11,9,2,6,4,2,17,1,16,4,0,4
Urban,State - GOA,Buddhist,40-49,95,47,48,42,32,10,13,9,4,5,3,2,40,6,34,1,0,1
Urban,State - GOA,Buddhist,50-59,90,52,38,50,36,14,9,9,0,2,2,0,31,7,24,3,2,1
Urban,State - GOA,Buddhist,60-69,36,16,20,4,4,0,2,1,1,0,0,0,30,11,19,0,0,0
Urban,State - GOA,Buddhist,70-79,16,6,10,1,0,1,1,1,0,0,0,0,14,5,9,0,0,0
Urban,State - GOA,Buddhist,80+,9,5,4,1,1,0,1,1,0,0,0,0,7,3,4,0,0,0
Urban,State - GOA,Buddhist,Age not stated,1,1,0,0,0,0,0,0,0,0,0,0,1,1,0,0,0,0
Urban,State - GOA,Buddhist,15-59,549,319,230,239,184,55,91,77,14,34,26,8,219,58,161,54,21,33
Urban,State - GOA,Buddhist,60+,61,27,34,6,5,1,4,3,1,0,0,0,51,19,32,0,0,0
Urban,State - GOA,Jain,Total,989,523,466,360,282,78,36,21,15,11,8,3,593,220,373,58,16,42
Urban,State - GOA,Jain,5-9,78,44,34,1,0,1,1,0,1,0,0,0,76,44,32,0,0,0
Urban,State - GOA,Jain,10-14,73,45,28,0,0,0,1,1,0,0,0,0,72,44,28,0,0,0
Urban,State - GOA,Jain,15-19,78,40,38,3,3,0,2,0,2,0,0,0,73,37,36,10,5,5
Urban,State - GOA,Jain,20-24,81,50,31,29,19,10,6,4,2,5,4,1,46,27,19,14,6,8
Urban,State - GOA,Jain,25-29,73,36,37,37,30,7,4,3,1,2,2,0,32,3,29,12,2,10
Urban,State - GOA,Jain,30-34,74,38,36,45,33,12,4,4,0,1,1,0,25,1,24,5,1,4
Urban,State - GOA,Jain,35-39,93,50,43,57,47,10,3,2,1,0,0,0,33,1,32,6,0,6
Urban,State - GOA,Jain,40-49,159,73,86,88,66,22,9,4,5,3,1,2,62,3,59,8,0,8
Urban,State - GOA,Jain,50-59,109,58,51,61,54,7,4,2,2,0,0,0,44,2,42,1,0,1
Urban,State - GOA,Jain,60-69,72,37,35,26,21,5,1,1,0,0,0,0,45,15,30,2,2,0
Urban,State - GOA,Jain,70-79,30,14,16,10,6,4,1,0,1,0,0,0,19,8,11,0,0,0
Urban,State - GOA,Jain,80+,9,3,6,2,2,0,0,0,0,0,0,0,7,1,6,0,0,0
Urban,State - GOA,Jain,Age not stated,1,1,0,1,1,0,0,0,0,0,0,0,0,0,0,0,0,0
Urban,State - GOA,Jain,15-59,667,345,322,320,252,68,32,19,13,11,8,3,315,74,241,56,14,42
Urban,State - GOA,Jain,60+,111,54,57,38,29,9,2,1,1,0,0,0,71,24,47,2,2,0
Urban,State - GOA,Other religious communities,Total,190,103,87,73,56,17,19,12,7,6,4,2,98,35,63,9,3,6
Urban,State - GOA,Other religious communities,5-9,11,5,6,0,0,0,0,0,0,0,0,0,11,5,6,0,0,0
Urban,State - GOA,Other religious communities,10-14,9,4,5,0,0,0,1,0,1,1,0,1,8,4,4,0,0,0
Urban,State - GOA,Other religious communities,15-19,8,2,6,0,0,0,1,1,0,1,1,0,7,1,6,1,0,1
Urban,State - GOA,Other religious communities,20-24,21,13,8,9,7,2,6,3,3,2,1,1,6,3,3,1,0,1
Urban,State - GOA,Other religious communities,25-29,19,6,13,6,4,2,2,1,1,0,0,0,11,1,10,2,0,2
Urban,State - GOA,Other religious communities,30-34,11,7,4,4,3,1,3,3,0,1,1,0,4,1,3,1,1,0
Urban,State - GOA,Other religious communities,35-39,22,15,7,13,11,2,2,1,1,0,0,0,7,3,4,2,1,1
Urban,State - GOA,Other religious communities,40-49,25,15,10,18,12,6,1,1,0,0,0,0,6,2,4,1,1,0
Urban,State - GOA,Other religious communities,50-59,25,15,10,14,13,1,1,1,0,0,0,0,10,1,9,1,0,1
Urban,State - GOA,Other religious communities,60-69,19,11,8,4,3,1,2,1,1,1,1,0,13,7,6,0,0,0
Urban,State - GOA,Other religious communities,70-79,7,3,4,4,2,2,0,0,0,0,0,0,3,1,2,0,0,0
Urban,State - GOA,Other religious communities,80+,3,2,1,1,1,0,0,0,0,0,0,0,2,1,1,0,0,0
Urban,State - GOA,Other religious communities,Age not stated,0,0,0,0,0,0,0,0,0,0,0,0,0,0,0,0,0,0
Urban,State - GOA,Other religious communities,15-59,131,73,58,64,50,14,16,11,5,4,3,1,51,12,39,9,3,6
Urban,State - GOA,Other religious communities,60+,29,16,13,9,6,3,2,1,1,1,1,0,18,9,9,0,0,0
Total,State - LAKSHADWEEP,All religious communities,Total,64473,33123,31350,10804,9137,1667,7949,6181,1768,6306,4841,1465,45720,17805,27915,12682,5244,7438
Total,State - LAKSHADWEEP,All religious communities,5-9,5407,2760,2647,13,12,1,23,10,13,18,9,9,5371,2738,2633,191,91,100
Total,State - LAKSHADWEEP,All religious communities,10-14,5998,2854,3144,15,7,8,30,20,10,25,18,7,5953,2827,3126,437,208,229
Total,State - LAKSHADWEEP,All religious communities,15-19,5624,2808,2816,56,45,11,201,144,57,175,124,51,5367,2619,2748,2273,1120,1153
Total,State - LAKSHADWEEP,All religious communities,20-24,5829,3071,2758,473,404,69,1059,822,237,946,726,220,4297,1845,2452,3207,1492,1715
Total,State - LAKSHADWEEP,All religious communities,25-29,5967,3135,2832,1100,888,212,1525,1152,373,1356,1014,342,3342,1095,2247,2268,928,1340
Total,State - LAKSHADWEEP,All religious communities,30-34,5437,2777,2660,1333,1090,243,1441,1104,337,1224,930,294,2663,583,2080,1479,457,1022
Total,State - LAKSHADWEEP,All religious communities,35-39,5389,2756,2633,1543,1267,276,1354,1033,321,1080,818,262,2492,456,2036,1097,327,770
Total,State - LAKSHADWEEP,All religious communities,40-49,8418,4428,3990,3293,2827,466,1417,1148,269,1033,833,200,3708,453,3255,1051,250,801
Total,State - LAKSHADWEEP,All religious communities,50-59,5967,3138,2829,2640,2288,352,567,451,116,301,242,59,2760,399,2361,373,148,225
Total,State - LAKSHADWEEP,All religious communities,60-69,3447,1799,1648,269,247,22,252,227,25,107,92,15,2926,1325,1601,238,175,63
Total,State - LAKSHADWEEP,All religious communities,70-79,1342,654,688,37,35,2,44,37,7,16,12,4,1261,582,679,44,33,11
Total,State - LAKSHADWEEP,All religious communities,80+,481,221,260,22,18,4,22,21,1,17,16,1,437,182,255,12,6,6
Total,State - LAKSHADWEEP,All religious communities,Age not stated,115,74,41,10,9,1,14,12,2,8,7,1,91,53,38,12,9,3
Total,State - LAKSHADWEEP,All religious communities,15-59,42631,22113,20518,10438,8809,1629,7564,5854,1710,6115,4687,1428,24629,7450,17179,11748,4722,7026
Total,State - LAKSHADWEEP,All religious communities,60+,5270,2674,2596,328,300,28,318,285,33,140,120,20,4624,2089,2535,294,214,80
Total,State - LAKSHADWEEP,Hindu,Total,1788,1603,185,1075,1042,33,478,474,4,218,214,4,235,87,148,45,13,32
Total,State - LAKSHADWEEP,Hindu,5-9,31,19,12,1,1,0,0,0,0,0,0,0,30,18,12,0,0,0
Total,State - LAKSHADWEEP,Hindu,10-14,31,18,13,0,0,0,0,0,0,0,0,0,31,18,13,1,0,1
Total,State - LAKSHADWEEP,Hindu,15-19,63,51,12,23,23,0,14,14,0,8,8,0,26,14,12,9,5,4
Total,State - LAKSHADWEEP,Hindu,20-24,239,225,14,141,140,1,85,84,1,49,48,1,13,1,12,7,0,7
Total,State - LAKSHADWEEP,Hindu,25-29,286,271,15,197,192,5,76,74,2,43,41,2,13,5,8,7,4,3
Total,State - LAKSHADWEEP,Hindu,30-34,241,221,20,155,152,3,65,64,1,30,29,1,21,5,16,3,0,3
Total,State - LAKSHADWEEP,Hindu,35-39,245,223,22,147,143,4,77,77,0,35,35,0,21,3,18,8,2,6
Total,State - LAKSHADWEEP,Hindu,40-49,395,353,42,247,236,11,115,115,0,45,45,0,33,2,31,8,1,7
Total,State - LAKSHADWEEP,Hindu,50-59,205,187,18,152,144,8,41,41,0,7,7,0,12,2,10,2,1,1
Total,State - LAKSHADWEEP,Hindu,60-69,16,12,4,8,7,1,5,5,0,1,1,0,3,0,3,0,0,0
Total,State - LAKSHADWEEP,Hindu,70-79,2,1,1,1,1,0,0,0,0,0,0,0,1,0,1,0,0,0
Total,State - LAKSHADWEEP,Hindu,80+,2,2,0,2,2,0,0,0,0,0,0,0,0,0,0,0,0,0
Total,State - LAKSHADWEEP,Hindu,Age not stated,1,1,0,1,1,0,0,0,0,0,0,0,0,0,0,0,0,0
Total,State - LAKSHADWEEP,Hindu,15-59,1674,1531,143,1062,1030,32,473,469,4,217,213,4,139,32,107,44,13,31
Total,State - LAKSHADWEEP,Hindu,60+,20,15,5,11,10,1,5,5,0,1,1,0,4,0,4,0,0,0
Total,State - LAKSHADWEEP,Muslim,Total,62268,31166,31102,9498,7877,1621,7378,5616,1762,6035,4575,1460,45392,17673,27719,12610,5222,7388
Total,State - LAKSHADWEEP,Muslim,5-9,5359,2734,2625,12,11,1,22,9,13,17,8,9,5325,2714,2611,187,90,97
Total,State - LAKSHADWEEP,Muslim,10-14,5951,2826,3125,15,7,8,30,20,10,25,18,7,5906,2799,3107,435,208,227
Total,State - LAKSHADWEEP,Muslim,15-19,5551,2750,2801,33,22,11,185,128,57,166,115,51,5333,2600,2733,2261,1113,1148
Total,State - LAKSHADWEEP,Muslim,20-24,5552,2812,2740,313,246,67,958,723,235,885,667,218,4281,1843,2438,3198,1492,1706
Total,State - LAKSHADWEEP,Muslim,25-29,5620,2811,2809,872,667,205,1427,1057,370,1296,956,340,3321,1087,2234,2255,922,1333
Total,State - LAKSHADWEEP,Muslim,30-34,5143,2507,2636,1142,903,239,1366,1030,336,1189,896,293,2635,574,2061,1470,454,1016
Total,State - LAKSHADWEEP,Muslim,35-39,5096,2490,2606,1364,1092,272,1269,948,321,1041,779,262,2463,450,2013,1086,325,761
Total,State - LAKSHADWEEP,Muslim,40-49,7924,3986,3938,2973,2524,449,1280,1011,269,979,779,200,3671,451,3220,1042,249,793
Total,State - LAKSHADWEEP,Muslim,50-59,5713,2909,2804,2451,2110,341,519,403,116,292,233,59,2743,396,2347,370,146,224
Total,State - LAKSHADWEEP,Muslim,60-69,3423,1780,1643,258,237,21,244,219,25,106,91,15,2921,1324,1597,238,175,63
Total,State - LAKSHADWEEP,Muslim,70-79,1339,652,687,36,34,2,43,36,7,15,11,4,1260,582,678,44,33,11
Total,State - LAKSHADWEEP,Muslim,80+,478,219,259,20,16,4,22,21,1,17,16,1,436,182,254,12,6,6
Total,State - LAKSHADWEEP,Muslim,Age not stated,112,71,41,9,8,1,13,11,2,7,6,1,90,52,38,12,9,3
Total,State - LAKSHADWEEP,Muslim,15-59,40599,20265,20334,9148,7564,1584,7004,5300,1704,5848,4425,1423,24447,7401,17046,11682,4701,6981
Total,State - LAKSHADWEEP,Muslim,60+,5240,2651,2589,314,287,27,309,276,33,138,118,20,4617,2088,2529,294,214,80
Total,State - LAKSHADWEEP,Christian,Total,317,286,31,205,194,11,80,79,1,42,41,1,32,13,19,10,2,8
Total,State - LAKSHADWEEP,Christian,5-9,3,0,3,0,0,0,0,0,0,0,0,0,3,0,3,0,0,0
Total,State - LAKSHADWEEP,Christian,10-14,5,4,1,0,0,0,0,0,0,0,0,0,5,4,1,0,0,0
Total,State - LAKSHADWEEP,Christian,15-19,6,4,2,0,0,0,2,2,0,1,1,0,4,2,2,2,1,1
Total,State - LAKSHADWEEP,Christian,20-24,30,28,2,16,15,1,14,13,1,10,9,1,0,0,0,0,0,0
Total,State - LAKSHADWEEP,Christian,25-29,49,45,4,27,26,1,18,18,0,14,14,0,4,1,3,2,0,2
Total,State - LAKSHADWEEP,Christian,30-34,43,40,3,32,31,1,8,8,0,3,3,0,3,1,2,2,0,2
Total,State - LAKSHADWEEP,Christian,35-39,38,34,4,26,26,0,7,7,0,3,3,0,5,1,4,2,0,2
Total,State - LAKSHADWEEP,Christian,40-49,90,84,6,67,62,5,22,22,0,9,9,0,1,0,1,1,0,1
Total,State - LAKSHADWEEP,Christian,50-59,43,38,5,34,31,3,6,6,0,1,1,0,3,1,2,1,1,0
Total,State - LAKSHADWEEP,Christian,60-69,5,5,0,3,3,0,2,2,0,0,0,0,0,0,0,0,0,0
Total,State - LAKSHADWEEP,Christian,70-79,1,1,0,0,0,0,1,1,0,1,1,0,0,0,0,0,0,0
Total,State - LAKSHADWEEP,Christian,80+,0,0,0,0,0,0,0,0,0,0,0,0,0,0,0,0,0,0
Total,State - LAKSHADWEEP,Christian,Age not stated,0,0,0,0,0,0,0,0,0,0,0,0,0,0,0,0,0,0
Total,State - LAKSHADWEEP,Christian,15-59,299,273,26,202,191,11,77,76,1,41,40,1,20,6,14,10,2,8
Total,State - LAKSHADWEEP,Christian,60+,6,6,0,3,3,0,3,3,0,1,1,0,0,0,0,0,0,0
Total,State - LAKSHADWEEP,Sikh,Total,8,6,2,4,3,1,0,0,0,0,0,0,4,3,1,1,1,0
Total,State - LAKSHADWEEP,Sikh,5-9,1,0,1,0,0,0,0,0,0,0,0,0,1,0,1,0,0,0
Total,State - LAKSHADWEEP,Sikh,10-14,1,1,0,0,0,0,0,0,0,0,0,0,1,1,0,0,0,0
Total,State - LAKSHADWEEP,Sikh,15-19,0,0,0,0,0,0,0,0,0,0,0,0,0,0,0,0,0,0
Total,State - LAKSHADWEEP,Sikh,20-24,2,2,0,1,1,0,0,0,0,0,0,0,1,1,0,0,0,0
Total,State - LAKSHADWEEP,Sikh,25-29,1,1,0,0,0,0,0,0,0,0,0,0,1,1,0,1,1,0
Total,State - LAKSHADWEEP,Sikh,30-34,0,0,0,0,0,0,0,0,0,0,0,0,0,0,0,0,0,0
Total,State - LAKSHADWEEP,Sikh,35-39,2,2,0,2,2,0,0,0,0,0,0,0,0,0,0,0,0,0
Total,State - LAKSHADWEEP,Sikh,40-49,1,0,1,1,0,1,0,0,0,0,0,0,0,0,0,0,0,0
Total,State - LAKSHADWEEP,Sikh,50-59,0,0,0,0,0,0,0,0,0,0,0,0,0,0,0,0,0,0
Total,State - LAKSHADWEEP,Sikh,60-69,0,0,0,0,0,0,0,0,0,0,0,0,0,0,0,0,0,0
Total,State - LAKSHADWEEP,Sikh,70-79,0,0,0,0,0,0,0,0,0,0,0,0,0,0,0,0,0,0
Total,State - LAKSHADWEEP,Sikh,80+,0,0,0,0,0,0,0,0,0,0,0,0,0,0,0,0,0,0
Total,State - LAKSHADWEEP,Sikh,Age not stated,0,0,0,0,0,0,0,0,0,0,0,0,0,0,0,0,0,0
Total,State - LAKSHADWEEP,Sikh,15-59,6,5,1,4,3,1,0,0,0,0,0,0,2,2,0,1,1,0
Total,State - LAKSHADWEEP,Sikh,60+,0,0,0,0,0,0,0,0,0,0,0,0,0,0,0,0,0,0
Total,State - LAKSHADWEEP,Buddhist,Total,10,9,1,8,8,0,0,0,0,0,0,0,2,1,1,0,0,0
Total,State - LAKSHADWEEP,Buddhist,5-9,1,0,1,0,0,0,0,0,0,0,0,0,1,0,1,0,0,0
Total,State - LAKSHADWEEP,Buddhist,10-14,1,1,0,0,0,0,0,0,0,0,0,0,1,1,0,0,0,0
Total,State - LAKSHADWEEP,Buddhist,15-19,0,0,0,0,0,0,0,0,0,0,0,0,0,0,0,0,0,0
Total,State - LAKSHADWEEP,Buddhist,20-24,1,1,0,1,1,0,0,0,0,0,0,0,0,0,0,0,0,0
Total,State - LAKSHADWEEP,Buddhist,25-29,0,0,0,0,0,0,0,0,0,0,0,0,0,0,0,0,0,0
Total,State - LAKSHADWEEP,Buddhist,30-34,2,2,0,2,2,0,0,0,0,0,0,0,0,0,0,0,0,0
Total,State - LAKSHADWEEP,Buddhist,35-39,2,2,0,2,2,0,0,0,0,0,0,0,0,0,0,0,0,0
Total,State - LAKSHADWEEP,Buddhist,40-49,2,2,0,2,2,0,0,0,0,0,0,0,0,0,0,0,0,0
Total,State - LAKSHADWEEP,Buddhist,50-59,1,1,0,1,1,0,0,0,0,0,0,0,0,0,0,0,0,0
Total,State - LAKSHADWEEP,Buddhist,60-69,0,0,0,0,0,0,0,0,0,0,0,0,0,0,0,0,0,0
Total,State - LAKSHADWEEP,Buddhist,70-79,0,0,0,0,0,0,0,0,0,0,0,0,0,0,0,0,0,0
Total,State - LAKSHADWEEP,Buddhist,80+,0,0,0,0,0,0,0,0,0,0,0,0,0,0,0,0,0,0
Total,State - LAKSHADWEEP,Buddhist,Age not stated,0,0,0,0,0,0,0,0,0,0,0,0,0,0,0,0,0,0
Total,State - LAKSHADWEEP,Buddhist,15-59,8,8,0,8,8,0,0,0,0,0,0,0,0,0,0,0,0,0
Total,State - LAKSHADWEEP,Buddhist,60+,0,0,0,0,0,0,0,0,0,0,0,0,0,0,0,0,0,0
Total,State - LAKSHADWEEP,Jain,Total,11,6,5,0,0,0,0,0,0,0,0,0,11,6,5,3,1,2
Total,State - LAKSHADWEEP,Jain,5-9,3,2,1,0,0,0,0,0,0,0,0,0,3,2,1,0,0,0
Total,State - LAKSHADWEEP,Jain,10-14,3,2,1,0,0,0,0,0,0,0,0,0,3,2,1,0,0,0
Total,State - LAKSHADWEEP,Jain,15-19,1,1,0,0,0,0,0,0,0,0,0,0,1,1,0,1,1,0
Total,State - LAKSHADWEEP,Jain,20-24,1,0,1,0,0,0,0,0,0,0,0,0,1,0,1,1,0,1
Total,State - LAKSHADWEEP,Jain,25-29,1,0,1,0,0,0,0,0,0,0,0,0,1,0,1,1,0,1
Total,State - LAKSHADWEEP,Jain,30-34,0,0,0,0,0,0,0,0,0,0,0,0,0,0,0,0,0,0
Total,State - LAKSHADWEEP,Jain,35-39,0,0,0,0,0,0,0,0,0,0,0,0,0,0,0,0,0,0
Total,State - LAKSHADWEEP,Jain,40-49,0,0,0,0,0,0,0,0,0,0,0,0,0,0,0,0,0,0
Total,State - LAKSHADWEEP,Jain,50-59,0,0,0,0,0,0,0,0,0,0,0,0,0,0,0,0,0,0
Total,State - LAKSHADWEEP,Jain,60-69,0,0,0,0,0,0,0,0,0,0,0,0,0,0,0,0,0,0
Total,State - LAKSHADWEEP,Jain,70-79,0,0,0,0,0,0,0,0,0,0,0,0,0,0,0,0,0,0
Total,State - LAKSHADWEEP,Jain,80+,0,0,0,0,0,0,0,0,0,0,0,0,0,0,0,0,0,0
Total,State - LAKSHADWEEP,Jain,Age not stated,0,0,0,0,0,0,0,0,0,0,0,0,0,0,0,0,0,0
Total,State - LAKSHADWEEP,Jain,15-59,3,1,2,0,0,0,0,0,0,0,0,0,3,1,2,3,1,2
Total,State - LAKSHADWEEP,Jain,60+,0,0,0,0,0,0,0,0,0,0,0,0,0,0,0,0,0,0
Total,State - LAKSHADWEEP,Other religious communities,Total,7,6,1,2,2,0,0,0,0,0,0,0,5,4,1,0,0,0
Total,State - LAKSHADWEEP,Other religious communities,5-9,1,1,0,0,0,0,0,0,0,0,0,0,1,1,0,0,0,0
Total,State - LAKSHADWEEP,Other religious communities,10-14,1,1,0,0,0,0,0,0,0,0,0,0,1,1,0,0,0,0
Total,State - LAKSHADWEEP,Other religious communities,15-19,1,1,0,0,0,0,0,0,0,0,0,0,1,1,0,0,0,0
Total,State - LAKSHADWEEP,Other religious communities,20-24,0,0,0,0,0,0,0,0,0,0,0,0,0,0,0,0,0,0
Total,State - LAKSHADWEEP,Other religious communities,25-29,0,0,0,0,0,0,0,0,0,0,0,0,0,0,0,0,0,0
Total,State - LAKSHADWEEP,Other religious communities,30-34,0,0,0,0,0,0,0,0,0,0,0,0,0,0,0,0,0,0
Total,State - LAKSHADWEEP,Other religious communities,35-39,0,0,0,0,0,0,0,0,0,0,0,0,0,0,0,0,0,0
Total,State - LAKSHADWEEP,Other religious communities,40-49,2,1,1,1,1,0,0,0,0,0,0,0,1,0,1,0,0,0
Total,State - LAKSHADWEEP,Other religious communities,50-59,1,1,0,1,1,0,0,0,0,0,0,0,0,0,0,0,0,0
Total,State - LAKSHADWEEP,Other religious communities,60-69,1,1,0,0,0,0,0,0,0,0,0,0,1,1,0,0,0,0
Total,State - LAKSHADWEEP,Other religious communities,70-79,0,0,0,0,0,0,0,0,0,0,0,0,0,0,0,0,0,0
Total,State - LAKSHADWEEP,Other religious communities,80+,0,0,0,0,0,0,0,0,0,0,0,0,0,0,0,0,0,0
Total,State - LAKSHADWEEP,Other religious communities,Age not stated,0,0,0,0,0,0,0,0,0,0,0,0,0,0,0,0,0,0
Total,State - LAKSHADWEEP,Other religious communities,15-59,4,3,1,2,2,0,0,0,0,0,0,0,2,1,1,0,0,0
Total,State - LAKSHADWEEP,Other religious communities,60+,1,1,0,0,0,0,0,0,0,0,0,0,1,1,0,0,0,0
Rural,State - LAKSHADWEEP,All religious communities,Total,14141,7243,6898,2225,1878,347,2428,1909,519,2219,1741,478,9488,3456,6032,2594,751,1843
Rural,State - LAKSHADWEEP,All religious communities,5-9,1384,728,656,0,0,0,3,0,3,1,0,1,1381,728,653,15,6,9
Rural,State - LAKSHADWEEP,All religious communities,10-14,1389,612,777,3,1,2,7,6,1,4,4,0,1379,605,774,41,17,24
Rural,State - LAKSHADWEEP,All religious communities,15-19,1147,525,622,16,14,2,53,41,12,47,38,9,1078,470,608,400,171,229
Rural,State - LAKSHADWEEP,All religious communities,20-24,1280,680,600,104,91,13,396,318,78,381,306,75,780,271,509,643,231,412
Rural,State - LAKSHADWEEP,All religious communities,25-29,1305,682,623,239,187,52,492,372,120,479,363,116,574,123,451,452,116,336
Rural,State - LAKSHADWEEP,All religious communities,30-34,1235,642,593,313,254,59,437,334,103,412,315,97,485,54,431,322,47,275
Rural,State - LAKSHADWEEP,All religious communities,35-39,1116,590,526,309,254,55,381,286,95,358,273,85,426,50,376,256,42,214
Rural,State - LAKSHADWEEP,All religious communities,40-49,1678,883,795,630,539,91,383,312,71,345,277,68,665,32,633,266,23,243
Rural,State - LAKSHADWEEP,All religious communities,50-59,1246,666,580,537,469,68,161,135,26,121,101,20,548,62,486,106,32,74
Rural,State - LAKSHADWEEP,All religious communities,60-69,744,402,342,64,59,5,80,73,7,49,42,7,600,270,330,78,56,22
Rural,State - LAKSHADWEEP,All religious communities,70-79,265,128,137,3,3,0,15,13,2,7,7,0,247,112,135,10,8,2
Rural,State - LAKSHADWEEP,All religious communities,80+,90,55,35,4,4,0,10,10,0,9,9,0,76,41,35,4,1,3
Rural,State - LAKSHADWEEP,All religious communities,Age not stated,27,20,7,3,3,0,10,9,1,6,6,0,14,8,6,1,1,0
Rural,State - LAKSHADWEEP,All religious communities,15-59,9007,4668,4339,2148,1808,340,2303,1798,505,2143,1673,470,4556,1062,3494,2445,662,1783
Rural,State - LAKSHADWEEP,All religious communities,60+,1099,585,514,71,66,5,105,96,9,65,58,7,923,423,500,92,65,27
Rural,State - LAKSHADWEEP,Hindu,Total,324,308,16,233,232,1,69,69,0,57,57,0,22,7,15,6,2,4
Rural,State - LAKSHADWEEP,Hindu,5-9,6,3,3,0,0,0,0,0,0,0,0,0,6,3,3,0,0,0
Rural,State - LAKSHADWEEP,Hindu,10-14,1,0,1,0,0,0,0,0,0,0,0,0,1,0,1,0,0,0
Rural,State - LAKSHADWEEP,Hindu,15-19,10,10,0,9,9,0,1,1,0,1,1,0,0,0,0,0,0,0
Rural,State - LAKSHADWEEP,Hindu,20-24,64,62,2,42,42,0,20,20,0,19,19,0,2,0,2,1,0,1
Rural,State - LAKSHADWEEP,Hindu,25-29,61,61,0,47,47,0,12,12,0,12,12,0,2,2,0,2,2,0
Rural,State - LAKSHADWEEP,Hindu,30-34,61,59,2,49,49,0,10,10,0,5,5,0,2,0,2,0,0,0
Rural,State - LAKSHADWEEP,Hindu,35-39,35,34,1,25,25,0,9,9,0,9,9,0,1,0,1,1,0,1
Rural,State - LAKSHADWEEP,Hindu,40-49,56,52,4,40,39,1,13,13,0,10,10,0,3,0,3,2,0,2
Rural,State - LAKSHADWEEP,Hindu,50-59,25,24,1,20,20,0,4,4,0,1,1,0,1,0,1,0,0,0
Rural,State - LAKSHADWEEP,Hindu,60-69,0,0,0,0,0,0,0,0,0,0,0,0,0,0,0,0,0,0
Rural,State - LAKSHADWEEP,Hindu,70-79,0,0,0,0,0,0,0,0,0,0,0,0,0,0,0,0,0,0
Rural,State - LAKSHADWEEP,Hindu,80+,0,0,0,0,0,0,0,0,0,0,0,0,0,0,0,0,0,0
Rural,State - LAKSHADWEEP,Hindu,Age not stated,1,1,0,1,1,0,0,0,0,0,0,0,0,0,0,0,0,0
Rural,State - LAKSHADWEEP,Hindu,15-59,312,302,10,232,231,1,69,69,0,57,57,0,11,2,9,6,2,4
Rural,State - LAKSHADWEEP,Hindu,60+,0,0,0,0,0,0,0,0,0,0,0,0,0,0,0,0,0,0
Rural,State - LAKSHADWEEP,Muslim,Total,13766,6893,6873,1977,1631,346,2338,1820,518,2143,1665,478,9451,3442,6009,2584,749,1835
Rural,State - LAKSHADWEEP,Muslim,5-9,1376,723,653,0,0,0,3,0,3,1,0,1,1373,723,650,15,6,9
Rural,State - LAKSHADWEEP,Muslim,10-14,1386,611,775,3,1,2,7,6,1,4,4,0,1376,604,772,41,17,24
Rural,State - LAKSHADWEEP,Muslim,15-19,1137,515,622,7,5,2,52,40,12,46,37,9,1078,470,608,400,171,229
Rural,State - LAKSHADWEEP,Muslim,20-24,1210,613,597,62,49,13,371,293,78,357,282,75,777,271,506,641,231,410
Rural,State - LAKSHADWEEP,Muslim,25-29,1233,612,621,190,138,52,472,353,119,460,344,116,571,121,450,449,114,335
Rural,State - LAKSHADWEEP,Muslim,30-34,1167,577,590,260,201,59,425,322,103,405,308,97,482,54,428,321,47,274
Rural,State - LAKSHADWEEP,Muslim,35-39,1078,554,524,283,228,55,372,277,95,349,264,85,423,49,374,254,42,212
Rural,State - LAKSHADWEEP,Muslim,40-49,1614,823,791,584,494,90,368,297,71,333,265,68,662,32,630,264,23,241
Rural,State - LAKSHADWEEP,Muslim,50-59,1217,639,578,515,447,68,156,130,26,119,99,20,546,62,484,106,32,74
Rural,State - LAKSHADWEEP,Muslim,60-69,742,401,341,64,59,5,79,72,7,49,42,7,599,270,329,78,56,22
Rural,State - LAKSHADWEEP,Muslim,70-79,264,127,137,3,3,0,14,12,2,6,6,0,247,112,135,10,8,2
Rural,State - LAKSHADWEEP,Muslim,80+,90,55,35,4,4,0,10,10,0,9,9,0,76,41,35,4,1,3
Rural,State - LAKSHADWEEP,Muslim,Age not stated,25,18,7,2,2,0,9,8,1,5,5,0,14,8,6,1,1,0
Rural,State - LAKSHADWEEP,Muslim,15-59,8656,4333,4323,1901,1562,339,2216,1712,504,2069,1599,470,4539,1059,3480,2435,660,1775
Rural,State - LAKSHADWEEP,Muslim,60+,1096,583,513,71,66,5,103,94,9,64,57,7,922,423,499,92,65,27
Rural,State - LAKSHADWEEP,Christian,Total,27,27,0,13,13,0,14,14,0,14,14,0,0,0,0,0,0,0
Rural,State - LAKSHADWEEP,Christian,5-9,0,0,0,0,0,0,0,0,0,0,0,0,0,0,0,0,0,0
Rural,State - LAKSHADWEEP,Christian,10-14,0,0,0,0,0,0,0,0,0,0,0,0,0,0,0,0,0,0
Rural,State - LAKSHADWEEP,Christian,15-19,0,0,0,0,0,0,0,0,0,0,0,0,0,0,0,0,0,0
Rural,State - LAKSHADWEEP,Christian,20-24,5,5,0,0,0,0,5,5,0,5,5,0,0,0,0,0,0,0
Rural,State - LAKSHADWEEP,Christian,25-29,7,7,0,2,2,0,5,5,0,5,5,0,0,0,0,0,0,0
Rural,State - LAKSHADWEEP,Christian,30-34,4,4,0,3,3,0,1,1,0,1,1,0,0,0,0,0,0,0
Rural,State - LAKSHADWEEP,Christian,35-39,1,1,0,1,1,0,0,0,0,0,0,0,0,0,0,0,0,0
Rural,State - LAKSHADWEEP,Christian,40-49,7,7,0,5,5,0,2,2,0,2,2,0,0,0,0,0,0,0
Rural,State - LAKSHADWEEP,Christian,50-59,2,2,0,2,2,0,0,0,0,0,0,0,0,0,0,0,0,0
Rural,State - LAKSHADWEEP,Christian,60-69,0,0,0,0,0,0,0,0,0,0,0,0,0,0,0,0,0,0
Rural,State - LAKSHADWEEP,Christian,70-79,1,1,0,0,0,0,1,1,0,1,1,0,0,0,0,0,0,0
Rural,State - LAKSHADWEEP,Christian,80+,0,0,0,0,0,0,0,0,0,0,0,0,0,0,0,0,0,0
Rural,State - LAKSHADWEEP,Christian,Age not stated,0,0,0,0,0,0,0,0,0,0,0,0,0,0,0,0,0,0
Rural,State - LAKSHADWEEP,Christian,15-59,26,26,0,13,13,0,13,13,0,13,13,0,0,0,0,0,0,0
Rural,State - LAKSHADWEEP,Christian,60+,1,1,0,0,0,0,1,1,0,1,1,0,0,0,0,0,0,0
Rural,State - LAKSHADWEEP,Sikh,Total,0,0,0,0,0,0,0,0,0,0,0,0,0,0,0,0,0,0
Rural,State - LAKSHADWEEP,Sikh,5-9,0,0,0,0,0,0,0,0,0,0,0,0,0,0,0,0,0,0
Rural,State - LAKSHADWEEP,Sikh,10-14,0,0,0,0,0,0,0,0,0,0,0,0,0,0,0,0,0,0
Rural,State - LAKSHADWEEP,Sikh,15-19,0,0,0,0,0,0,0,0,0,0,0,0,0,0,0,0,0,0
Rural,State - LAKSHADWEEP,Sikh,20-24,0,0,0,0,0,0,0,0,0,0,0,0,0,0,0,0,0,0
Rural,State - LAKSHADWEEP,Sikh,25-29,0,0,0,0,0,0,0,0,0,0,0,0,0,0,0,0,0,0
Rural,State - LAKSHADWEEP,Sikh,30-34,0,0,0,0,0,0,0,0,0,0,0,0,0,0,0,0,0,0
Rural,State - LAKSHADWEEP,Sikh,35-39,0,0,0,0,0,0,0,0,0,0,0,0,0,0,0,0,0,0
Rural,State - LAKSHADWEEP,Sikh,40-49,0,0,0,0,0,0,0,0,0,0,0,0,0,0,0,0,0,0
Rural,State - LAKSHADWEEP,Sikh,50-59,0,0,0,0,0,0,0,0,0,0,0,0,0,0,0,0,0,0
Rural,State - LAKSHADWEEP,Sikh,60-69,0,0,0,0,0,0,0,0,0,0,0,0,0,0,0,0,0,0
Rural,State - LAKSHADWEEP,Sikh,70-79,0,0,0,0,0,0,0,0,0,0,0,0,0,0,0,0,0,0
Rural,State - LAKSHADWEEP,Sikh,80+,0,0,0,0,0,0,0,0,0,0,0,0,0,0,0,0,0,0
Rural,State - LAKSHADWEEP,Sikh,Age not stated,0,0,0,0,0,0,0,0,0,0,0,0,0,0,0,0,0,0
Rural,State - LAKSHADWEEP,Sikh,15-59,0,0,0,0,0,0,0,0,0,0,0,0,0,0,0,0,0,0
Rural,State - LAKSHADWEEP,Sikh,60+,0,0,0,0,0,0,0,0,0,0,0,0,0,0,0,0,0,0
Rural,State - LAKSHADWEEP,Buddhist,Total,0,0,0,0,0,0,0,0,0,0,0,0,0,0,0,0,0,0
Rural,State - LAKSHADWEEP,Buddhist,5-9,0,0,0,0,0,0,0,0,0,0,0,0,0,0,0,0,0,0
Rural,State - LAKSHADWEEP,Buddhist,10-14,0,0,0,0,0,0,0,0,0,0,0,0,0,0,0,0,0,0
Rural,State - LAKSHADWEEP,Buddhist,15-19,0,0,0,0,0,0,0,0,0,0,0,0,0,0,0,0,0,0
Rural,State - LAKSHADWEEP,Buddhist,20-24,0,0,0,0,0,0,0,0,0,0,0,0,0,0,0,0,0,0
Rural,State - LAKSHADWEEP,Buddhist,25-29,0,0,0,0,0,0,0,0,0,0,0,0,0,0,0,0,0,0
Rural,State - LAKSHADWEEP,Buddhist,30-34,0,0,0,0,0,0,0,0,0,0,0,0,0,0,0,0,0,0
Rural,State - LAKSHADWEEP,Buddhist,35-39,0,0,0,0,0,0,0,0,0,0,0,0,0,0,0,0,0,0
Rural,State - LAKSHADWEEP,Buddhist,40-49,0,0,0,0,0,0,0,0,0,0,0,0,0,0,0,0,0,0
Rural,State - LAKSHADWEEP,Buddhist,50-59,0,0,0,0,0,0,0,0,0,0,0,0,0,0,0,0,0,0
Rural,State - LAKSHADWEEP,Buddhist,60-69,0,0,0,0,0,0,0,0,0,0,0,0,0,0,0,0,0,0
Rural,State - LAKSHADWEEP,Buddhist,70-79,0,0,0,0,0,0,0,0,0,0,0,0,0,0,0,0,0,0
Rural,State - LAKSHADWEEP,Buddhist,80+,0,0,0,0,0,0,0,0,0,0,0,0,0,0,0,0,0,0
Rural,State - LAKSHADWEEP,Buddhist,Age not stated,0,0,0,0,0,0,0,0,0,0,0,0,0,0,0,0,0,0
Rural,State - LAKSHADWEEP,Buddhist,15-59,0,0,0,0,0,0,0,0,0,0,0,0,0,0,0,0,0,0
Rural,State - LAKSHADWEEP,Buddhist,60+,0,0,0,0,0,0,0,0,0,0,0,0,0,0,0,0,0,0
Rural,State - LAKSHADWEEP,Jain,Total,4,2,2,0,0,0,0,0,0,0,0,0,4,2,2,1,0,1
Rural,State - LAKSHADWEEP,Jain,5-9,1,1,0,0,0,0,0,0,0,0,0,0,1,1,0,0,0,0
Rural,State - LAKSHADWEEP,Jain,10-14,0,0,0,0,0,0,0,0,0,0,0,0,0,0,0,0,0,0
Rural,State - LAKSHADWEEP,Jain,15-19,0,0,0,0,0,0,0,0,0,0,0,0,0,0,0,0,0,0
Rural,State - LAKSHADWEEP,Jain,20-24,1,0,1,0,0,0,0,0,0,0,0,0,1,0,1,1,0,1
Rural,State - LAKSHADWEEP,Jain,25-29,0,0,0,0,0,0,0,0,0,0,0,0,0,0,0,0,0,0
Rural,State - LAKSHADWEEP,Jain,30-34,0,0,0,0,0,0,0,0,0,0,0,0,0,0,0,0,0,0
Rural,State - LAKSHADWEEP,Jain,35-39,0,0,0,0,0,0,0,0,0,0,0,0,0,0,0,0,0,0
Rural,State - LAKSHADWEEP,Jain,40-49,0,0,0,0,0,0,0,0,0,0,0,0,0,0,0,0,0,0
Rural,State - LAKSHADWEEP,Jain,50-59,0,0,0,0,0,0,0,0,0,0,0,0,0,0,0,0,0,0
Rural,State - LAKSHADWEEP,Jain,60-69,0,0,0,0,0,0,0,0,0,0,0,0,0,0,0,0,0,0
Rural,State - LAKSHADWEEP,Jain,70-79,0,0,0,0,0,0,0,0,0,0,0,0,0,0,0,0,0,0
Rural,State - LAKSHADWEEP,Jain,80+,0,0,0,0,0,0,0,0,0,0,0,0,0,0,0,0,0,0
Rural,State - LAKSHADWEEP,Jain,Age not stated,0,0,0,0,0,0,0,0,0,0,0,0,0,0,0,0,0,0
Rural,State - LAKSHADWEEP,Jain,15-59,1,0,1,0,0,0,0,0,0,0,0,0,1,0,1,1,0,1
Rural,State - LAKSHADWEEP,Jain,60+,0,0,0,0,0,0,0,0,0,0,0,0,0,0,0,0,0,0
Rural,State - LAKSHADWEEP,Other religious communities,Total,0,0,0,0,0,0,0,0,0,0,0,0,0,0,0,0,0,0
Rural,State - LAKSHADWEEP,Other religious communities,5-9,0,0,0,0,0,0,0,0,0,0,0,0,0,0,0,0,0,0
Rural,State - LAKSHADWEEP,Other religious communities,10-14,0,0,0,0,0,0,0,0,0,0,0,0,0,0,0,0,0,0
Rural,State - LAKSHADWEEP,Other religious communities,15-19,0,0,0,0,0,0,0,0,0,0,0,0,0,0,0,0,0,0
Rural,State - LAKSHADWEEP,Other religious communities,20-24,0,0,0,0,0,0,0,0,0,0,0,0,0,0,0,0,0,0
Rural,State - LAKSHADWEEP,Other religious communities,25-29,0,0,0,0,0,0,0,0,0,0,0,0,0,0,0,0,0,0
Rural,State - LAKSHADWEEP,Other religious communities,30-34,0,0,0,0,0,0,0,0,0,0,0,0,0,0,0,0,0,0
Rural,State - LAKSHADWEEP,Other religious communities,35-39,0,0,0,0,0,0,0,0,0,0,0,0,0,0,0,0,0,0
Rural,State - LAKSHADWEEP,Other religious communities,40-49,0,0,0,0,0,0,0,0,0,0,0,0,0,0,0,0,0,0
Rural,State - LAKSHADWEEP,Other religious communities,50-59,0,0,0,0,0,0,0,0,0,0,0,0,0,0,0,0,0,0
Rural,State - LAKSHADWEEP,Other religious communities,60-69,0,0,0,0,0,0,0,0,0,0,0,0,0,0,0,0,0,0
Rural,State - LAKSHADWEEP,Other religious communities,70-79,0,0,0,0,0,0,0,0,0,0,0,0,0,0,0,0,0,0
Rural,State - LAKSHADWEEP,Other religious communities,80+,0,0,0,0,0,0,0,0,0,0,0,0,0,0,0,0,0,0
Rural,State - LAKSHADWEEP,Other religious communities,Age not stated,0,0,0,0,0,0,0,0,0,0,0,0,0,0,0,0,0,0
Rural,State - LAKSHADWEEP,Other religious communities,15-59,0,0,0,0,0,0,0,0,0,0,0,0,0,0,0,0,0,0
Rural,State - LAKSHADWEEP,Other religious communities,60+,0,0,0,0,0,0,0,0,0,0,0,0,0,0,0,0,0,0
Urban,State - LAKSHADWEEP,All religious communities,Total,50332,25880,24452,8579,7259,1320,5521,4272,1249,4087,3100,987,36232,14349,21883,10088,4493,5595
Urban,State - LAKSHADWEEP,All religious communities,5-9,4023,2032,1991,13,12,1,20,10,10,17,9,8,3990,2010,1980,176,85,91
Urban,State - LAKSHADWEEP,All religious communities,10-14,4609,2242,2367,12,6,6,23,14,9,21,14,7,4574,2222,2352,396,191,205
Urban,State - LAKSHADWEEP,All religious communities,15-19,4477,2283,2194,40,31,9,148,103,45,128,86,42,4289,2149,2140,1873,949,924
Urban,State - LAKSHADWEEP,All religious communities,20-24,4549,2391,2158,369,313,56,663,504,159,565,420,145,3517,1574,1943,2564,1261,1303
Urban,State - LAKSHADWEEP,All religious communities,25-29,4662,2453,2209,861,701,160,1033,780,253,877,651,226,2768,972,1796,1816,812,1004
Urban,State - LAKSHADWEEP,All religious communities,30-34,4202,2135,2067,1020,836,184,1004,770,234,812,615,197,2178,529,1649,1157,410,747
Urban,State - LAKSHADWEEP,All religious communities,35-39,4273,2166,2107,1234,1013,221,973,747,226,722,545,177,2066,406,1660,841,285,556
Urban,State - LAKSHADWEEP,All religious communities,40-49,6740,3545,3195,2663,2288,375,1034,836,198,688,556,132,3043,421,2622,785,227,558
Urban,State - LAKSHADWEEP,All religious communities,50-59,4721,2472,2249,2103,1819,284,406,316,90,180,141,39,2212,337,1875,267,116,151
Urban,State - LAKSHADWEEP,All religious communities,60-69,2703,1397,1306,205,188,17,172,154,18,58,50,8,2326,1055,1271,160,119,41
Urban,State - LAKSHADWEEP,All religious communities,70-79,1077,526,551,34,32,2,29,24,5,9,5,4,1014,470,544,34,25,9
Urban,State - LAKSHADWEEP,All religious communities,80+,391,166,225,18,14,4,12,11,1,8,7,1,361,141,220,8,5,3
Urban,State - LAKSHADWEEP,All religious communities,Age not stated,88,54,34,7,6,1,4,3,1,2,1,1,77,45,32,11,8,3
Urban,State - LAKSHADWEEP,All religious communities,15-59,33624,17445,16179,8290,7001,1289,5261,4056,1205,3972,3014,958,20073,6388,13685,9303,4060,5243
Urban,State - LAKSHADWEEP,All religious communities,60+,4171,2089,2082,257,234,23,213,189,24,75,62,13,3701,1666,2035,202,149,53
Urban,State - LAKSHADWEEP,Hindu,Total,1464,1295,169,842,810,32,409,405,4,161,157,4,213,80,133,39,11,28
Urban,State - LAKSHADWEEP,Hindu,5-9,25,16,9,1,1,0,0,0,0,0,0,0,24,15,9,0,0,0
Urban,State - LAKSHADWEEP,Hindu,10-14,30,18,12,0,0,0,0,0,0,0,0,0,30,18,12,1,0,1
Urban,State - LAKSHADWEEP,Hindu,15-19,53,41,12,14,14,0,13,13,0,7,7,0,26,14,12,9,5,4
Urban,State - LAKSHADWEEP,Hindu,20-24,175,163,12,99,98,1,65,64,1,30,29,1,11,1,10,6,0,6
Urban,State - LAKSHADWEEP,Hindu,25-29,225,210,15,150,145,5,64,62,2,31,29,2,11,3,8,5,2,3
Urban,State - LAKSHADWEEP,Hindu,30-34,180,162,18,106,103,3,55,54,1,25,24,1,19,5,14,3,0,3
Urban,State - LAKSHADWEEP,Hindu,35-39,210,189,21,122,118,4,68,68,0,26,26,0,20,3,17,7,2,5
Urban,State - LAKSHADWEEP,Hindu,40-49,339,301,38,207,197,10,102,102,0,35,35,0,30,2,28,6,1,5
Urban,State - LAKSHADWEEP,Hindu,50-59,180,163,17,132,124,8,37,37,0,6,6,0,11,2,9,2,1,1
Urban,State - LAKSHADWEEP,Hindu,60-69,16,12,4,8,7,1,5,5,0,1,1,0,3,0,3,0,0,0
Urban,State - LAKSHADWEEP,Hindu,70-79,2,1,1,1,1,0,0,0,0,0,0,0,1,0,1,0,0,0
Urban,State - LAKSHADWEEP,Hindu,80+,2,2,0,2,2,0,0,0,0,0,0,0,0,0,0,0,0,0
Urban,State - LAKSHADWEEP,Hindu,Age not stated,0,0,0,0,0,0,0,0,0,0,0,0,0,0,0,0,0,0
Urban,State - LAKSHADWEEP,Hindu,15-59,1362,1229,133,830,799,31,404,400,4,160,156,4,128,30,98,38,11,27
Urban,State - LAKSHADWEEP,Hindu,60+,20,15,5,11,10,1,5,5,0,1,1,0,4,0,4,0,0,0
Urban,State - LAKSHADWEEP,Muslim,Total,48502,24273,24229,7521,6246,1275,5040,3796,1244,3892,2910,982,35941,14231,21710,10026,4473,5553
Urban,State - LAKSHADWEEP,Muslim,5-9,3983,2011,1972,12,11,1,19,9,10,16,8,8,3952,1991,1961,172,84,88
Urban,State - LAKSHADWEEP,Muslim,10-14,4565,2215,2350,12,6,6,23,14,9,21,14,7,4530,2195,2335,394,191,203
Urban,State - LAKSHADWEEP,Muslim,15-19,4414,2235,2179,26,17,9,133,88,45,120,78,42,4255,2130,2125,1861,942,919
Urban,State - LAKSHADWEEP,Muslim,20-24,4342,2199,2143,251,197,54,587,430,157,528,385,143,3504,1572,1932,2557,1261,1296
Urban,State - LAKSHADWEEP,Muslim,25-29,4387,2199,2188,682,529,153,955,704,251,836,612,224,2750,966,1784,1806,808,998
Urban,State - LAKSHADWEEP,Muslim,30-34,3976,1930,2046,882,702,180,941,708,233,784,588,196,2153,520,1633,1149,407,742
Urban,State - LAKSHADWEEP,Muslim,35-39,4018,1936,2082,1081,864,217,897,671,226,692,515,177,2040,401,1639,832,283,549
Urban,State - LAKSHADWEEP,Muslim,40-49,6310,3163,3147,2389,2030,359,912,714,198,646,514,132,3009,419,2590,778,226,552
Urban,State - LAKSHADWEEP,Muslim,50-59,4496,2270,2226,1936,1663,273,363,273,90,173,134,39,2197,334,1863,264,114,150
Urban,State - LAKSHADWEEP,Muslim,60-69,2681,1379,1302,194,178,16,165,147,18,57,49,8,2322,1054,1268,160,119,41
Urban,State - LAKSHADWEEP,Muslim,70-79,1075,525,550,33,31,2,29,24,5,9,5,4,1013,470,543,34,25,9
Urban,State - LAKSHADWEEP,Muslim,80+,388,164,224,16,12,4,12,11,1,8,7,1,360,141,219,8,5,3
Urban,State - LAKSHADWEEP,Muslim,Age not stated,87,53,34,7,6,1,4,3,1,2,1,1,76,44,32,11,8,3
Urban,State - LAKSHADWEEP,Muslim,15-59,31943,15932,16011,7247,6002,1245,4788,3588,1200,3779,2826,953,19908,6342,13566,9247,4041,5206
Urban,State - LAKSHADWEEP,Muslim,60+,4144,2068,2076,243,221,22,206,182,24,74,61,13,3695,1665,2030,202,149,53
Urban,State - LAKSHADWEEP,Christian,Total,290,259,31,192,181,11,66,65,1,28,27,1,32,13,19,10,2,8
Urban,State - LAKSHADWEEP,Christian,5-9,3,0,3,0,0,0,0,0,0,0,0,0,3,0,3,0,0,0
Urban,State - LAKSHADWEEP,Christian,10-14,5,4,1,0,0,0,0,0,0,0,0,0,5,4,1,0,0,0
Urban,State - LAKSHADWEEP,Christian,15-19,6,4,2,0,0,0,2,2,0,1,1,0,4,2,2,2,1,1
Urban,State - LAKSHADWEEP,Christian,20-24,25,23,2,16,15,1,9,8,1,5,4,1,0,0,0,0,0,0
Urban,State - LAKSHADWEEP,Christian,25-29,42,38,4,25,24,1,13,13,0,9,9,0,4,1,3,2,0,2
Urban,State - LAKSHADWEEP,Christian,30-34,39,36,3,29,28,1,7,7,0,2,2,0,3,1,2,2,0,2
Urban,State - LAKSHADWEEP,Christian,35-39,37,33,4,25,25,0,7,7,0,3,3,0,5,1,4,2,0,2
Urban,State - LAKSHADWEEP,Christian,40-49,83,77,6,62,57,5,20,20,0,7,7,0,1,0,1,1,0,1
Urban,State - LAKSHADWEEP,Christian,50-59,41,36,5,32,29,3,6,6,0,1,1,0,3,1,2,1,1,0
Urban,State - LAKSHADWEEP,Christian,60-69,5,5,0,3,3,0,2,2,0,0,0,0,0,0,0,0,0,0
Urban,State - LAKSHADWEEP,Christian,70-79,0,0,0,0,0,0,0,0,0,0,0,0,0,0,0,0,0,0
Urban,State - LAKSHADWEEP,Christian,80+,0,0,0,0,0,0,0,0,0,0,0,0,0,0,0,0,0,0
Urban,State - LAKSHADWEEP,Christian,Age not stated,0,0,0,0,0,0,0,0,0,0,0,0,0,0,0,0,0,0
Urban,State - LAKSHADWEEP,Christian,15-59,273,247,26,189,178,11,64,63,1,28,27,1,20,6,14,10,2,8
Urban,State - LAKSHADWEEP,Christian,60+,5,5,0,3,3,0,2,2,0,0,0,0,0,0,0,0,0,0
Urban,State - LAKSHADWEEP,Sikh,Total,8,6,2,4,3,1,0,0,0,0,0,0,4,3,1,1,1,0
Urban,State - LAKSHADWEEP,Sikh,5-9,1,0,1,0,0,0,0,0,0,0,0,0,1,0,1,0,0,0
Urban,State - LAKSHADWEEP,Sikh,10-14,1,1,0,0,0,0,0,0,0,0,0,0,1,1,0,0,0,0
Urban,State - LAKSHADWEEP,Sikh,15-19,0,0,0,0,0,0,0,0,0,0,0,0,0,0,0,0,0,0
Urban,State - LAKSHADWEEP,Sikh,20-24,2,2,0,1,1,0,0,0,0,0,0,0,1,1,0,0,0,0
Urban,State - LAKSHADWEEP,Sikh,25-29,1,1,0,0,0,0,0,0,0,0,0,0,1,1,0,1,1,0
Urban,State - LAKSHADWEEP,Sikh,30-34,0,0,0,0,0,0,0,0,0,0,0,0,0,0,0,0,0,0
Urban,State - LAKSHADWEEP,Sikh,35-39,2,2,0,2,2,0,0,0,0,0,0,0,0,0,0,0,0,0
Urban,State - LAKSHADWEEP,Sikh,40-49,1,0,1,1,0,1,0,0,0,0,0,0,0,0,0,0,0,0
Urban,State - LAKSHADWEEP,Sikh,50-59,0,0,0,0,0,0,0,0,0,0,0,0,0,0,0,0,0,0
Urban,State - LAKSHADWEEP,Sikh,60-69,0,0,0,0,0,0,0,0,0,0,0,0,0,0,0,0,0,0
Urban,State - LAKSHADWEEP,Sikh,70-79,0,0,0,0,0,0,0,0,0,0,0,0,0,0,0,0,0,0
Urban,State - LAKSHADWEEP,Sikh,80+,0,0,0,0,0,0,0,0,0,0,0,0,0,0,0,0,0,0
Urban,State - LAKSHADWEEP,Sikh,Age not stated,0,0,0,0,0,0,0,0,0,0,0,0,0,0,0,0,0,0
Urban,State - LAKSHADWEEP,Sikh,15-59,6,5,1,4,3,1,0,0,0,0,0,0,2,2,0,1,1,0
Urban,State - LAKSHADWEEP,Sikh,60+,0,0,0,0,0,0,0,0,0,0,0,0,0,0,0,0,0,0
Urban,State - LAKSHADWEEP,Buddhist,Total,10,9,1,8,8,0,0,0,0,0,0,0,2,1,1,0,0,0
Urban,State - LAKSHADWEEP,Buddhist,5-9,1,0,1,0,0,0,0,0,0,0,0,0,1,0,1,0,0,0
Urban,State - LAKSHADWEEP,Buddhist,10-14,1,1,0,0,0,0,0,0,0,0,0,0,1,1,0,0,0,0
Urban,State - LAKSHADWEEP,Buddhist,15-19,0,0,0,0,0,0,0,0,0,0,0,0,0,0,0,0,0,0
Urban,State - LAKSHADWEEP,Buddhist,20-24,1,1,0,1,1,0,0,0,0,0,0,0,0,0,0,0,0,0
Urban,State - LAKSHADWEEP,Buddhist,25-29,0,0,0,0,0,0,0,0,0,0,0,0,0,0,0,0,0,0
Urban,State - LAKSHADWEEP,Buddhist,30-34,2,2,0,2,2,0,0,0,0,0,0,0,0,0,0,0,0,0
Urban,State - LAKSHADWEEP,Buddhist,35-39,2,2,0,2,2,0,0,0,0,0,0,0,0,0,0,0,0,0
Urban,State - LAKSHADWEEP,Buddhist,40-49,2,2,0,2,2,0,0,0,0,0,0,0,0,0,0,0,0,0
Urban,State - LAKSHADWEEP,Buddhist,50-59,1,1,0,1,1,0,0,0,0,0,0,0,0,0,0,0,0,0
Urban,State - LAKSHADWEEP,Buddhist,60-69,0,0,0,0,0,0,0,0,0,0,0,0,0,0,0,0,0,0
Urban,State - LAKSHADWEEP,Buddhist,70-79,0,0,0,0,0,0,0,0,0,0,0,0,0,0,0,0,0,0
Urban,State - LAKSHADWEEP,Buddhist,80+,0,0,0,0,0,0,0,0,0,0,0,0,0,0,0,0,0,0
Urban,State - LAKSHADWEEP,Buddhist,Age not stated,0,0,0,0,0,0,0,0,0,0,0,0,0,0,0,0,0,0
Urban,State - LAKSHADWEEP,Buddhist,15-59,8,8,0,8,8,0,0,0,0,0,0,0,0,0,0,0,0,0
Urban,State - LAKSHADWEEP,Buddhist,60+,0,0,0,0,0,0,0,0,0,0,0,0,0,0,0,0,0,0
Urban,State - LAKSHADWEEP,Jain,Total,7,4,3,0,0,0,0,0,0,0,0,0,7,4,3,2,1,1
Urban,State - LAKSHADWEEP,Jain,5-9,2,1,1,0,0,0,0,0,0,0,0,0,2,1,1,0,0,0
Urban,State - LAKSHADWEEP,Jain,10-14,3,2,1,0,0,0,0,0,0,0,0,0,3,2,1,0,0,0
Urban,State - LAKSHADWEEP,Jain,15-19,1,1,0,0,0,0,0,0,0,0,0,0,1,1,0,1,1,0
Urban,State - LAKSHADWEEP,Jain,20-24,0,0,0,0,0,0,0,0,0,0,0,0,0,0,0,0,0,0
Urban,State - LAKSHADWEEP,Jain,25-29,1,0,1,0,0,0,0,0,0,0,0,0,1,0,1,1,0,1
Urban,State - LAKSHADWEEP,Jain,30-34,0,0,0,0,0,0,0,0,0,0,0,0,0,0,0,0,0,0
Urban,State - LAKSHADWEEP,Jain,35-39,0,0,0,0,0,0,0,0,0,0,0,0,0,0,0,0,0,0
Urban,State - LAKSHADWEEP,Jain,40-49,0,0,0,0,0,0,0,0,0,0,0,0,0,0,0,0,0,0
Urban,State - LAKSHADWEEP,Jain,50-59,0,0,0,0,0,0,0,0,0,0,0,0,0,0,0,0,0,0
Urban,State - LAKSHADWEEP,Jain,60-69,0,0,0,0,0,0,0,0,0,0,0,0,0,0,0,0,0,0
Urban,State - LAKSHADWEEP,Jain,70-79,0,0,0,0,0,0,0,0,0,0,0,0,0,0,0,0,0,0
Urban,State - LAKSHADWEEP,Jain,80+,0,0,0,0,0,0,0,0,0,0,0,0,0,0,0,0,0,0
Urban,State - LAKSHADWEEP,Jain,Age not stated,0,0,0,0,0,0,0,0,0,0,0,0,0,0,0,0,0,0
Urban,State - LAKSHADWEEP,Jain,15-59,2,1,1,0,0,0,0,0,0,0,0,0,2,1,1,2,1,1
Urban,State - LAKSHADWEEP,Jain,60+,0,0,0,0,0,0,0,0,0,0,0,0,0,0,0,0,0,0
Urban,State - LAKSHADWEEP,Other religious communities,Total,7,6,1,2,2,0,0,0,0,0,0,0,5,4,1,0,0,0
Urban,State - LAKSHADWEEP,Other religious communities,5-9,1,1,0,0,0,0,0,0,0,0,0,0,1,1,0,0,0,0
Urban,State - LAKSHADWEEP,Other religious communities,10-14,1,1,0,0,0,0,0,0,0,0,0,0,1,1,0,0,0,0
Urban,State - LAKSHADWEEP,Other religious communities,15-19,1,1,0,0,0,0,0,0,0,0,0,0,1,1,0,0,0,0
Urban,State - LAKSHADWEEP,Other religious communities,20-24,0,0,0,0,0,0,0,0,0,0,0,0,0,0,0,0,0,0
Urban,State - LAKSHADWEEP,Other religious communities,25-29,0,0,0,0,0,0,0,0,0,0,0,0,0,0,0,0,0,0
Urban,State - LAKSHADWEEP,Other religious communities,30-34,0,0,0,0,0,0,0,0,0,0,0,0,0,0,0,0,0,0
Urban,State - LAKSHADWEEP,Other religious communities,35-39,0,0,0,0,0,0,0,0,0,0,0,0,0,0,0,0,0,0
Urban,State - LAKSHADWEEP,Other religious communities,40-49,2,1,1,1,1,0,0,0,0,0,0,0,1,0,1,0,0,0
Urban,State - LAKSHADWEEP,Other religious communities,50-59,1,1,0,1,1,0,0,0,0,0,0,0,0,0,0,0,0,0
Urban,State - LAKSHADWEEP,Other religious communities,60-69,1,1,0,0,0,0,0,0,0,0,0,0,1,1,0,0,0,0
Urban,State - LAKSHADWEEP,Other religious communities,70-79,0,0,0,0,0,0,0,0,0,0,0,0,0,0,0,0,0,0
Urban,State - LAKSHADWEEP,Other religious communities,80+,0,0,0,0,0,0,0,0,0,0,0,0,0,0,0,0,0,0
Urban,State - LAKSHADWEEP,Other religious communities,Age not stated,0,0,0,0,0,0,0,0,0,0,0,0,0,0,0,0,0,0
Urban,State - LAKSHADWEEP,Other religious communities,15-59,4,3,1,2,2,0,0,0,0,0,0,0,2,1,1,0,0,0
Urban,State - LAKSHADWEEP,Other religious communities,60+,1,1,0,0,0,0,0,0,0,0,0,0,1,1,0,0,0,0
Total,State - KERALA,All religious communities,Total,33406061,16027412,17378649,9329747,7179828,2149919,2289316,1271741,1017575,1116671,637148,479523,21786998,7575843,14211155,3921212,1157115,2764097
Total,State - KERALA,All religious communities,5-9,2555112,1303190,1251922,7605,4272,3333,8159,4078,4081,3780,1946,1834,2539348,1294840,1244508,38616,19729,18887
Total,State - KERALA,All religious communities,10-14,2822770,1438917,1383853,14152,9323,4829,15520,8219,7301,8386,4454,3932,2793098,1421375,1371723,90263,46479,43784
Total,State - KERALA,All religious communities,15-19,2610552,1328299,1282253,127397,100946,26451,73784,48332,25452,53953,34750,19203,2409371,1179021,1230350,744826,373120,371706
Total,State - KERALA,All religious communities,20-24,2665809,1298826,1366983,659930,530754,129176,223834,150339,73495,171921,114536,57385,1782045,617733,1164312,1033655,407614,626041
Total,State - KERALA,All religious communities,25-29,2604092,1203978,1400114,1077913,863575,214338,258948,162175,96773,183500,114510,68990,1267231,178228,1089003,669761,130128,539633
Total,State - KERALA,All religious communities,30-34,2455501,1128217,1327284,1177543,915150,262393,256599,137988,118611,157915,85401,72514,1021359,75079,946280,433938,44540,389398
Total,State - KERALA,All religious communities,35-39,2579673,1161819,1417854,1325759,969542,356217,290724,135776,154948,162738,77730,85008,963190,56501,906689,340381,27919,312462
Total,State - KERALA,All religious communities,40-49,4761028,2223022,2538006,2490867,1840653,650214,536276,258931,277345,229788,117936,111852,1733885,123438,1610447,363989,42672,321317
Total,State - KERALA,All religious communities,50-59,3670553,1792718,1877835,1664768,1305218,359550,376645,209789,166856,104712,61724,42988,1629140,277711,1351429,136571,37333,99238
Total,State - KERALA,All religious communities,60-69,2416805,1144368,1272437,604526,491623,112903,187992,115089,72903,32756,19719,13037,1624287,537656,1086631,53352,21983,31369
Total,State - KERALA,All religious communities,70-79,1234739,534879,699860,144690,121113,23577,49330,33548,15782,5422,3455,1967,1040719,380218,660501,10637,4059,6578
Total,State - KERALA,All religious communities,80+,541849,204348,337501,27359,22384,4975,9593,6405,3188,1052,576,476,504897,175559,329338,3008,869,2139
Total,State - KERALA,All religious communities,Age not stated,34486,17297,17189,7238,5275,1963,1912,1072,840,748,411,337,25336,10950,14386,2215,670,1545
Total,State - KERALA,All religious communities,15-59,21347208,10136879,11210329,8524177,6525838,1998339,2016810,1103330,913480,1064527,606587,457940,10806221,2507711,8298510,3723121,1063326,2659795
Total,State - KERALA,All religious communities,60+,4193393,1883595,2309798,776575,635120,141455,246915,155042,91873,39230,23750,15480,3169903,1093433,2076470,66997,26911,40086
Total,State - KERALA,Hindu,Total,18282492,8803455,9479037,5675109,4189199,1485910,1466635,768494,698141,711806,384355,327451,11140748,3845762,7294986,2212726,612085,1600641
Total,State - KERALA,Hindu,5-9,1229212,626966,602246,4186,2317,1869,4435,2203,2232,2112,1085,1027,1220591,622446,598145,18875,9497,9378
Total,State - KERALA,Hindu,10-14,1411864,719704,692160,8187,5272,2915,8581,4492,4089,4628,2441,2187,1395096,709940,685156,46405,23759,22646
Total,State - KERALA,Hindu,15-19,1316855,671513,645342,75002,57407,17595,43425,27747,15678,31755,20000,11755,1198428,586359,612069,398844,196845,201999
Total,State - KERALA,Hindu,20-24,1387363,687560,699803,377297,294317,82980,131327,84566,46761,101380,64718,36662,878739,308677,570062,566116,211836,354280
Total,State - KERALA,Hindu,25-29,1428634,678402,750232,631476,489928,141548,159669,95451,64218,113688,67798,45890,637489,93023,544466,387985,69798,318187
Total,State - KERALA,Hindu,30-34,1376606,650789,725817,709003,528966,180037,162810,82496,80314,100841,51449,49392,504793,39327,465466,254020,23875,230145
Total,State - KERALA,Hindu,35-39,1488348,684448,803900,820643,571398,249245,190722,83460,107262,107668,48171,59497,476983,29590,447393,199727,14840,184887
Total,State - KERALA,Hindu,40-49,2808284,1333236,1475048,1557339,1103010,454329,355371,161834,193537,152905,74155,78750,895574,68392,827182,216701,23852,192849
Total,State - KERALA,Hindu,50-59,2168742,1058661,1110081,1026101,772999,253102,247383,129649,117734,69601,38856,30745,895258,156013,739245,81592,21195,60397
Total,State - KERALA,Hindu,60-69,1441727,671208,770519,362318,280831,81487,124131,71421,52710,22389,12783,9606,955278,318956,636322,32713,13193,19520
Total,State - KERALA,Hindu,70-79,740975,313878,427097,83625,67432,16193,31659,20705,10954,3667,2264,1403,625691,225741,399950,6579,2513,4066
Total,State - KERALA,Hindu,80+,320668,116465,204203,15530,12224,3306,5924,3819,2105,691,361,330,299214,100422,198792,1795,496,1299
Total,State - KERALA,Hindu,Age not stated,18371,9057,9314,4402,3098,1304,1198,651,547,481,274,207,12771,5308,7463,1374,386,988
Total,State - KERALA,Hindu,15-59,11974832,5764609,6210223,5196861,3818025,1378836,1290707,665203,625504,677838,365147,312691,5487264,1281381,4205883,2104985,562241,1542744
Total,State - KERALA,Hindu,60+,2503370,1101551,1401819,461473,360487,100986,161714,95945,65769,26747,15408,11339,1880183,645119,1235064,41087,16202,24885
Total,State - KERALA,Muslim,Total,8873472,4176255,4697217,1772157,1575627,196530,404510,283383,121127,210551,149519,61032,6696805,2317245,4379560,1001231,325556,675675
Total,State - KERALA,Muslim,5-9,887592,453114,434478,2255,1311,944,2061,1043,1018,968,505,463,883276,450760,432516,13178,6850,6328
Total,State - KERALA,Muslim,10-14,903358,461030,442328,3851,2695,1156,3816,2081,1735,2223,1209,1014,895691,456254,439437,28512,14900,13612
Total,State - KERALA,Muslim,15-19,836735,421318,415417,38584,33508,5076,19992,14219,5773,14403,10038,4365,778159,373591,404568,221267,111803,109464
Total,State - KERALA,Muslim,20-24,857187,395540,461647,186094,168344,17750,58559,44827,13732,43334,33123,10211,612534,182369,430165,287491,114537,172954
Total,State - KERALA,Muslim,25-29,767563,328647,438916,263867,239100,24767,57347,42266,15081,38958,28753,10205,446349,47281,399068,167715,32231,135484
Total,State - KERALA,Muslim,30-34,662284,280179,382105,254454,225676,28778,50323,33589,16734,29850,20189,9661,357507,20914,336593,101544,11497,90047
Total,State - KERALA,Muslim,35-39,622580,260610,361970,249445,214793,34652,49089,30031,19058,26531,16702,9829,324046,15786,308260,74899,7577,67322
Total,State - KERALA,Muslim,40-49,985001,429648,555353,399121,348124,50997,78428,50750,27678,33810,23203,10607,507452,30774,476678,68739,10738,58001
Total,State - KERALA,Muslim,50-59,702533,340963,361570,256097,232217,23880,53315,39510,13805,15327,11851,3476,393121,69236,323885,25374,9602,15772
Total,State - KERALA,Muslim,60-69,451088,218003,233085,95234,88444,6790,24781,19635,5146,4282,3310,972,331073,109924,221149,9521,4676,4845
Total,State - KERALA,Muslim,70-79,197779,87864,109915,18770,17538,1232,5429,4408,1021,615,468,147,173580,65918,107662,1885,784,1101
Total,State - KERALA,Muslim,80+,76192,29089,47103,3206,2880,326,1054,795,259,144,101,43,71932,25414,46518,580,176,404
Total,State - KERALA,Muslim,Age not stated,8083,4128,3955,1179,997,182,316,229,87,106,67,39,6588,2902,3686,526,185,341
Total,State - KERALA,Muslim,15-59,5433883,2456905,2976978,1647662,1461762,185900,367053,255192,111861,202213,143859,58354,3419168,739951,2679217,947029,297985,649044
Total,State - KERALA,Muslim,60+,725059,334956,390103,117210,108862,8348,31264,24838,6426,5041,3879,1162,576585,201256,375329,11986,5636,6350
Total,State - KERALA,Christian,Total,6141269,2993781,3147488,1857769,1397094,460675,409822,215176,194646,189645,100586,89059,3873678,1381511,2492167,693551,214423,479128
Total,State - KERALA,Christian,5-9,427890,217709,210181,1102,607,495,1581,797,784,661,339,322,425207,216305,208902,6395,3295,3100
Total,State - KERALA,Christian,10-14,497311,252787,244524,2036,1305,731,2979,1568,1411,1454,763,691,492296,249914,242382,15057,7661,7396
Total,State - KERALA,Christian,15-19,448357,230963,217394,13163,9557,3606,9900,6077,3823,7455,4511,2944,425294,215329,209965,121945,63080,58865
Total,State - KERALA,Christian,20-24,412072,210831,201241,93932,66089,27843,32898,20258,12640,26381,16157,10224,285242,124484,160758,176554,79718,96836
Total,State - KERALA,Christian,25-29,399178,192489,206689,179074,131841,47233,40689,23660,17029,29915,17359,12556,179415,36988,142427,111700,27422,84278
Total,State - KERALA,Christian,30-34,409305,193574,215731,210720,157971,52749,42454,21351,21103,26578,13418,13160,156131,14252,141879,76919,8832,68087
Total,State - KERALA,Christian,35-39,461703,213382,248321,252353,181010,71343,49924,21768,28156,27949,12546,15403,159426,10604,148822,64614,5237,59377
Total,State - KERALA,Christian,40-49,955777,454607,501170,528790,385752,143038,100878,45583,55295,42325,20197,22128,326109,23272,302837,77271,7735,69536
Total,State - KERALA,Christian,50-59,790388,388873,401515,379087,297497,81590,74902,40061,34841,19479,10838,8641,336399,51315,285084,29143,6373,22770
Total,State - KERALA,Christian,60-69,518254,252672,265582,145716,121463,24253,38596,23765,14831,5989,3575,2414,333942,107444,226498,10924,4045,6879
Total,State - KERALA,Christian,70-79,292795,131957,160838,41979,35925,6054,12116,8359,3757,1112,713,399,238700,87673,151027,2136,750,1386
Total,State - KERALA,Christian,80+,143204,58193,85011,8536,7219,1317,2577,1776,801,210,113,97,132091,49198,82893,623,194,429
Total,State - KERALA,Christian,Age not stated,5174,2490,2684,1281,858,423,328,153,175,137,57,80,3565,1479,2086,270,81,189
Total,State - KERALA,Christian,15-59,3876780,1884719,1992061,1657119,1229717,427402,351645,178758,172887,180082,95026,85056,1868016,476244,1391772,658146,198397,459749
Total,State - KERALA,Christian,60+,954253,442822,511431,196231,164607,31624,53289,33900,19389,7311,4401,2910,704733,244315,460418,13683,4989,8694
Total,State - KERALA,Sikh,Total,3814,2173,1641,1295,1096,199,216,131,85,109,69,40,2303,946,1357,409,146,263
Total,State - KERALA,Sikh,5-9,312,183,129,2,2,0,1,0,1,1,0,1,309,181,128,5,5,0
Total,State - KERALA,Sikh,10-14,349,206,143,3,3,0,2,1,1,1,1,0,344,202,142,12,8,4
Total,State - KERALA,Sikh,15-19,320,179,141,47,45,2,16,13,3,7,4,3,257,121,136,86,45,41
Total,State - KERALA,Sikh,20-24,347,216,131,142,126,16,26,14,12,16,9,7,179,76,103,105,45,60
Total,State - KERALA,Sikh,25-29,309,159,150,138,115,23,30,23,7,21,17,4,141,21,120,78,14,64
Total,State - KERALA,Sikh,30-34,279,145,134,147,126,21,21,12,9,10,7,3,111,7,104,41,4,37
Total,State - KERALA,Sikh,35-39,304,182,122,190,155,35,32,19,13,20,14,6,82,8,74,28,7,21
Total,State - KERALA,Sikh,40-49,488,303,185,319,268,51,40,18,22,23,12,11,129,17,112,30,5,25
Total,State - KERALA,Sikh,50-59,359,229,130,220,183,37,29,21,8,7,5,2,110,25,85,20,9,11
Total,State - KERALA,Sikh,60-69,225,117,108,63,51,12,12,5,7,3,0,3,150,61,89,4,4,0
Total,State - KERALA,Sikh,70-79,111,51,60,13,11,2,4,4,0,0,0,0,94,36,58,0,0,0
Total,State - KERALA,Sikh,80+,55,23,32,5,5,0,0,0,0,0,0,0,50,18,32,0,0,0
Total,State - KERALA,Sikh,Age not stated,22,16,6,6,6,0,3,1,2,0,0,0,13,9,4,0,0,0
Total,State - KERALA,Sikh,15-59,2406,1413,993,1203,1018,185,194,120,74,104,68,36,1009,275,734,388,129,259
Total,State - KERALA,Sikh,60+,391,191,200,81,67,14,16,9,7,3,0,3,294,115,179,4,4,0
Total,State - KERALA,Buddhist,Total,4752,2442,2310,1096,869,227,248,130,118,135,73,62,3408,1443,1965,500,178,322
Total,State - KERALA,Buddhist,5-9,583,308,275,1,0,1,4,3,1,2,1,1,578,305,273,9,1,8
Total,State - KERALA,Buddhist,10-14,547,304,243,4,4,0,7,3,4,3,1,2,536,297,239,17,9,8
Total,State - KERALA,Buddhist,15-19,422,234,188,33,28,5,8,7,1,2,2,0,381,199,182,114,61,53
Total,State - KERALA,Buddhist,20-24,402,226,176,125,99,26,31,17,14,22,12,10,246,110,136,131,56,75
Total,State - KERALA,Buddhist,25-29,393,208,185,179,143,36,38,24,14,32,22,10,176,41,135,102,30,72
Total,State - KERALA,Buddhist,30-34,324,171,153,185,143,42,35,17,18,19,6,13,104,11,93,49,9,40
Total,State - KERALA,Buddhist,35-39,277,147,130,149,117,32,33,19,14,21,11,10,95,11,84,33,4,29
Total,State - KERALA,Buddhist,40-49,397,203,194,225,177,48,38,17,21,20,10,10,134,9,125,20,3,17
Total,State - KERALA,Buddhist,50-59,292,137,155,133,105,28,31,10,21,10,5,5,128,22,106,17,3,14
Total,State - KERALA,Buddhist,60-69,202,73,129,45,38,7,14,6,8,1,0,1,143,29,114,6,2,4
Total,State - KERALA,Buddhist,70-79,166,64,102,14,12,2,6,5,1,1,1,0,146,47,99,1,0,1
Total,State - KERALA,Buddhist,80+,114,35,79,2,2,0,0,0,0,0,0,0,112,33,79,1,0,1
Total,State - KERALA,Buddhist,Age not stated,17,10,7,1,1,0,3,2,1,2,2,0,13,7,6,0,0,0
Total,State - KERALA,Buddhist,15-59,2507,1326,1181,1029,812,217,214,111,103,126,68,58,1264,403,861,466,166,300
Total,State - KERALA,Buddhist,60+,482,172,310,61,52,9,20,11,9,2,1,1,401,109,292,8,2,6
Total,State - KERALA,Jain,Total,4489,2225,2264,1515,1183,332,198,101,97,90,52,38,2776,941,1835,423,139,284
Total,State - KERALA,Jain,5-9,325,184,141,0,0,0,1,0,1,0,0,0,324,184,140,9,4,5
Total,State - KERALA,Jain,10-14,354,204,150,2,1,1,0,0,0,0,0,0,352,203,149,14,11,3
Total,State - KERALA,Jain,15-19,318,157,161,13,8,5,4,3,1,4,3,1,301,146,155,76,44,32
Total,State - KERALA,Jain,20-24,339,174,165,96,71,25,20,12,8,13,7,6,223,91,132,117,52,65
Total,State - KERALA,Jain,25-29,314,144,170,153,107,46,30,18,12,23,15,8,131,19,112,62,11,51
Total,State - KERALA,Jain,30-34,300,136,164,160,120,40,18,9,9,11,5,6,122,7,115,34,5,29
Total,State - KERALA,Jain,35-39,339,158,181,181,138,43,31,15,16,13,7,6,127,5,122,42,4,38
Total,State - KERALA,Jain,40-49,684,344,340,391,310,81,43,20,23,20,13,7,250,14,236,44,5,39
Total,State - KERALA,Jain,50-59,590,308,282,334,274,60,30,12,18,5,2,3,226,22,204,13,2,11
Total,State - KERALA,Jain,60-69,345,154,191,127,106,21,8,3,5,1,0,1,210,45,165,11,1,10
Total,State - KERALA,Jain,70-79,199,85,114,52,43,9,12,9,3,0,0,0,135,33,102,1,0,1
Total,State - KERALA,Jain,80+,78,17,61,6,5,1,1,0,1,0,0,0,71,12,59,0,0,0
Total,State - KERALA,Jain,Age not stated,4,0,4,0,0,0,0,0,0,0,0,0,4,0,4,0,0,0
Total,State - KERALA,Jain,15-59,2884,1421,1463,1328,1028,300,176,89,87,89,52,37,1380,304,1076,388,123,265
Total,State - KERALA,Jain,60+,622,256,366,185,154,31,21,12,9,1,0,1,416,90,326,12,1,11
Total,State - KERALA,Other religious communities,Total,7618,4114,3504,2262,1621,641,421,267,154,222,140,82,4935,2226,2709,698,262,436
Total,State - KERALA,Other religious communities,5-9,632,319,313,2,1,1,3,0,3,1,0,1,627,318,309,6,3,3
Total,State - KERALA,Other religious communities,10-14,693,374,319,6,2,4,5,4,1,4,3,1,682,368,314,14,8,6
Total,State - KERALA,Other religious communities,15-19,563,323,240,47,37,10,20,12,8,10,4,6,496,274,222,107,55,52
Total,State - KERALA,Other religious communities,20-24,681,375,306,242,184,58,63,45,18,40,28,12,376,146,230,199,87,112
Total,State - KERALA,Other religious communities,25-29,574,317,257,285,208,77,62,45,17,45,35,10,227,64,163,113,36,77
Total,State - KERALA,Other religious communities,30-34,494,253,241,263,182,81,42,21,21,30,16,14,189,50,139,76,15,61
Total,State - KERALA,Other religious communities,35-39,535,272,263,285,189,96,51,29,22,30,17,13,199,54,145,70,11,59
Total,State - KERALA,Other religious communities,40-49,1044,532,512,560,366,194,76,44,32,39,22,17,408,122,286,78,22,56
Total,State - KERALA,Other religious communities,50-59,844,501,343,415,325,90,54,36,18,15,10,5,375,140,235,23,16,7
Total,State - KERALA,Other religious communities,60-69,504,314,190,126,104,22,29,21,8,5,5,0,349,189,160,8,6,2
Total,State - KERALA,Other religious communities,70-79,187,102,85,23,16,7,9,5,4,2,0,2,155,81,74,3,2,1
Total,State - KERALA,Other religious communities,80+,82,41,41,6,6,0,4,3,1,0,0,0,72,32,40,1,1,0
Total,State - KERALA,Other religious communities,Age not stated,21,8,13,2,1,1,3,2,1,1,0,1,16,5,11,0,0,0
Total,State - KERALA,Other religious communities,15-59,4735,2573,2162,2097,1491,606,368,232,136,209,132,77,2270,850,1420,666,242,424
Total,State - KERALA,Other religious communities,60+,773,457,316,155,126,29,42,29,13,7,5,2,576,302,274,12,9,3
Rural,State - KERALA,All religious communities,Total,17471135,8408054,9063081,4930191,3743078,1187113,1411766,764423,647343,680571,383270,297301,11129178,3900553,7228625,2056498,609165,1447333
Rural,State - KERALA,All religious communities,5-9,1348204,687077,661127,3847,2152,1695,4367,2237,2130,1949,1021,928,1339990,682688,657302,22434,11428,11006
Rural,State - KERALA,All religious communities,10-14,1499338,762897,736441,7536,4990,2546,8925,4723,4202,4637,2489,2148,1482877,753184,729693,52892,27393,25499
Rural,State - KERALA,All religious communities,15-19,1365813,696204,669609,72216,56394,15822,43567,28483,15084,31611,20445,11166,1250030,611327,638703,410126,204316,205810
Rural,State - KERALA,All religious communities,20-24,1386061,680283,705778,353675,282815,70860,130088,87037,43051,99442,66498,32944,902298,310431,591867,539642,210751,328891
Rural,State - KERALA,All religious communities,25-29,1369036,639039,729997,566697,451513,115184,156310,96282,60028,110284,68519,41765,646029,91244,554785,350262,67450,282812
Rural,State - KERALA,All religious communities,30-34,1278260,592974,685286,613209,471656,141553,157647,82587,75060,96872,51985,44887,507404,38731,468673,222112,23108,199004
Rural,State - KERALA,All religious communities,35-39,1344629,608341,736288,692994,497850,195144,180872,81647,99225,100582,47327,53255,470763,28844,441919,171280,14154,157126
Rural,State - KERALA,All religious communities,40-49,2474020,1156654,1317366,1293699,936837,356862,335525,156488,179037,143085,71750,71335,844796,63329,781467,182805,20771,162034
Rural,State - KERALA,All religious communities,50-59,1904545,931777,972768,872814,671799,201015,236879,127768,109111,66291,38015,28276,794852,132210,662642,69467,17094,52373
Rural,State - KERALA,All religious communities,60-69,1250212,591914,658298,344878,276494,68384,118906,71151,47755,21210,12403,8807,786428,244269,542159,27042,9900,17142
Rural,State - KERALA,All religious communities,70-79,648653,282425,366228,88138,73883,14255,31422,21259,10163,3513,2192,1321,529093,187283,341810,5671,1964,3707
Rural,State - KERALA,All religious communities,80+,298687,115981,182706,16976,14112,2864,6159,4164,1995,653,368,285,275552,97705,177847,1657,486,1171
Rural,State - KERALA,All religious communities,Age not stated,17337,8679,8658,3512,2583,929,1099,597,502,442,258,184,12726,5499,7227,1108,350,758
Rural,State - KERALA,All religious communities,15-59,11122364,5305272,5817092,4465304,3368864,1096440,1240888,660292,580596,648167,364539,283628,5416172,1276116,4140056,1945694,557644,1388050
Rural,State - KERALA,All religious communities,60+,2197552,990320,1207232,449992,364489,85503,156487,96574,59913,25376,14963,10413,1591073,529257,1061816,34370,12350,22020
Rural,State - KERALA,Hindu,Total,9408848,4538594,4870254,2942079,2137181,804898,886766,455364,431402,426638,228893,197745,5580003,1946049,3633954,1122100,314443,807657
Rural,State - KERALA,Hindu,5-9,649196,331053,318143,2177,1205,972,2353,1196,1157,1061,551,510,644666,328652,316014,10721,5392,5329
Rural,State - KERALA,Hindu,10-14,746685,379762,366923,4442,2891,1551,4859,2566,2293,2490,1347,1143,737384,374305,363079,26930,13971,12959
Rural,State - KERALA,Hindu,15-19,687443,350671,336772,44758,33741,11017,26288,16911,9377,18895,12076,6819,616397,300019,316378,218224,106781,111443
Rural,State - KERALA,Hindu,20-24,724605,360330,364275,205641,160153,45488,76963,49586,27377,58649,37792,20857,442001,150591,291410,289451,106286,183165
Rural,State - KERALA,Hindu,25-29,752700,359822,392878,332428,257254,75174,95970,56500,39470,67521,40210,27311,324302,46068,278234,196779,34736,162043
Rural,State - KERALA,Hindu,30-34,711044,339574,371470,366840,271055,95785,98513,48818,49695,60610,30776,29834,245691,19701,225990,123572,11826,111746
Rural,State - KERALA,Hindu,35-39,764974,353234,411740,423315,288941,134374,116225,49553,66672,64882,28873,36009,225434,14740,210694,94648,7278,87370
Rural,State - KERALA,Hindu,40-49,1418595,673583,745012,786298,543649,242649,215739,95595,120144,92463,44123,48340,416558,34339,382219,101616,11285,90331
Rural,State - KERALA,Hindu,50-59,1084849,528737,556112,517790,379969,137821,150553,76689,73864,42972,23491,19481,416506,72079,344427,39410,9532,29878
Rural,State - KERALA,Hindu,60-69,718235,332445,385790,199320,151221,48099,75782,42721,33061,14132,7892,6240,443133,138503,304630,15843,5739,10104
Rural,State - KERALA,Hindu,70-79,370362,156250,214112,48074,38552,9522,19258,12517,6741,2281,1373,908,303030,105181,197849,3346,1169,2177
Rural,State - KERALA,Hindu,80+,165920,61002,104918,8955,7104,1851,3596,2356,1240,417,226,191,153369,51542,101827,947,262,685
Rural,State - KERALA,Hindu,Age not stated,8636,4299,4337,2041,1446,595,667,356,311,265,163,102,5928,2497,3431,613,186,427
Rural,State - KERALA,Hindu,15-59,6144210,2965951,3178259,2677070,1934762,742308,780251,393652,386599,405992,217341,188651,2686889,637537,2049352,1063700,287724,775976
Rural,State - KERALA,Hindu,60+,1254517,549697,704820,256349,196877,59472,98636,57594,41042,16830,9491,7339,899532,295226,604306,20136,7170,12966
Rural,State - KERALA,Muslim,Total,4251787,2004022,2247765,853259,746150,107109,227078,154289,72789,118019,82000,36019,3171450,1103583,2067867,500070,157495,342575
Rural,State - KERALA,Muslim,5-9,429986,219279,210707,984,577,407,1008,521,487,479,255,224,427994,218181,209813,7214,3723,3491
Rural,State - KERALA,Muslim,10-14,440166,224214,215952,1846,1280,566,1988,1059,929,1185,641,544,436332,221875,214457,15546,8105,7441
Rural,State - KERALA,Muslim,15-19,402771,202806,199965,19320,16733,2587,10663,7494,3169,7704,5308,2396,372788,178579,194209,112537,56208,56329
Rural,State - KERALA,Muslim,20-24,411883,190373,221510,91365,82555,8810,31225,23850,7375,23135,17761,5374,289293,83968,205325,140688,54225,86463
Rural,State - KERALA,Muslim,25-29,370615,159982,210633,127975,115339,12636,31453,22845,8608,21448,15724,5724,211187,21798,189389,83431,15005,68426
Rural,State - KERALA,Muslim,30-34,313690,132733,180957,119907,104764,15143,28432,18338,10094,16972,11232,5740,165351,9631,155720,50457,5337,45120
Rural,State - KERALA,Muslim,35-39,294650,122879,171771,118517,99421,19096,28047,16287,11760,15242,9183,6059,148086,7171,140915,37028,3443,33585
Rural,State - KERALA,Muslim,40-49,466470,203115,263355,190354,161284,29070,45370,27778,17592,19730,12872,6858,230746,14053,216693,34569,4736,29833
Rural,State - KERALA,Muslim,50-59,331889,162520,169369,123635,109897,13738,30721,22009,8712,8979,6689,2290,177533,30614,146919,12347,4060,8287
Rural,State - KERALA,Muslim,60-69,212658,102798,109860,47427,43348,4079,14351,11095,3256,2618,1950,668,150880,48355,102525,4676,2070,2606
Rural,State - KERALA,Muslim,70-79,94592,42370,52222,9723,8997,726,3065,2454,611,380,284,96,81804,30919,50885,996,390,606
Rural,State - KERALA,Muslim,80+,37223,14758,22465,1642,1483,159,583,440,143,76,54,22,34998,12835,22163,300,99,201
Rural,State - KERALA,Muslim,Age not stated,3957,1983,1974,564,472,92,172,119,53,71,47,24,3221,1392,1829,281,94,187
Rural,State - KERALA,Muslim,15-59,2591968,1174408,1417560,791073,689993,101080,205911,138601,67310,113210,78769,34441,1594984,345814,1249170,471057,143014,328043
Rural,State - KERALA,Muslim,60+,344473,159926,184547,58792,53828,4964,17999,13989,4010,3074,2288,786,267682,92109,175573,5972,2559,3413
Rural,State - KERALA,Christian,Total,3755664,1838436,1917228,1122708,851121,271587,292728,151916,140812,133047,70757,62290,2340228,835399,1504829,427423,134720,292703
Rural,State - KERALA,Christian,5-9,263684,133993,129691,657,352,305,969,500,469,389,204,185,262058,133141,128917,4398,2260,2138
Rural,State - KERALA,Christian,10-14,307145,156075,151070,1208,793,415,1990,1053,937,914,477,437,303947,154229,149718,10245,5224,5021
Rural,State - KERALA,Christian,15-19,271271,140481,130790,7815,5686,2129,6342,3909,2433,4810,2940,1870,257114,130886,126228,77902,40619,37283
Rural,State - KERALA,Christian,20-24,244831,127084,117747,55295,39070,16225,21267,13192,8075,17154,10619,6535,168269,74822,93447,107751,49508,58243
Rural,State - KERALA,Christian,25-29,241422,117052,124370,104591,77606,26985,28177,16485,11692,20768,12237,8531,108654,22961,85693,68912,17400,51512
Rural,State - KERALA,Christian,30-34,249861,118800,131061,124815,94620,30195,30073,15087,14986,18900,9770,9130,94973,9093,85880,47392,5770,41622
Rural,State - KERALA,Christian,35-39,281559,130584,150975,149613,108413,41200,35965,15494,20471,20089,9087,11002,95981,6677,89304,39024,3284,35740
Rural,State - KERALA,Christian,40-49,583023,277270,305753,314332,230161,84171,73357,32607,40750,30403,14506,15897,195334,14502,180832,45988,4590,41398
Rural,State - KERALA,Christian,50-59,483482,238501,244981,229696,180736,48960,54914,28717,26197,14131,7725,6406,198872,29048,169824,17482,3430,14052
Rural,State - KERALA,Christian,60-69,316518,155488,161030,97435,81435,16000,28485,17175,11310,4407,2536,1871,190598,56878,133720,6427,2054,4373
Rural,State - KERALA,Christian,70-79,182113,83215,98898,30164,26218,3946,9013,6236,2777,834,531,303,142936,50761,92175,1308,398,910
Rural,State - KERALA,Christian,80+,94630,39908,54722,6336,5498,838,1953,1359,594,156,87,69,86341,33051,53290,403,123,280
Rural,State - KERALA,Christian,Age not stated,3278,1627,1651,751,533,218,223,102,121,92,38,54,2304,992,1312,191,60,131
Rural,State - KERALA,Christian,15-59,2355449,1149772,1205677,986157,736292,249865,250095,125491,124604,126255,66884,59371,1119197,287989,831208,404451,124601,279850
Rural,State - KERALA,Christian,60+,593261,278611,314650,133935,113151,20784,39451,24770,14681,5397,3154,2243,419875,140690,279185,8138,2575,5563
Rural,State - KERALA,Sikh,Total,1629,894,735,473,386,87,137,88,49,70,48,22,1019,420,599,195,67,128
Rural,State - KERALA,Sikh,5-9,134,80,54,0,0,0,0,0,0,0,0,0,134,80,54,1,1,0
Rural,State - KERALA,Sikh,10-14,154,84,70,0,0,0,2,1,1,1,1,0,152,83,69,7,5,2
Rural,State - KERALA,Sikh,15-19,145,69,76,10,9,1,10,9,1,4,3,1,125,51,74,40,18,22
Rural,State - KERALA,Sikh,20-24,158,104,54,59,53,6,16,10,6,10,6,4,83,41,42,55,23,32
Rural,State - KERALA,Sikh,25-29,117,59,58,44,37,7,15,13,2,9,9,0,58,9,49,37,8,29
Rural,State - KERALA,Sikh,30-34,113,57,56,55,48,7,12,7,5,6,4,2,46,2,44,18,1,17
Rural,State - KERALA,Sikh,35-39,120,75,45,65,57,8,21,13,8,13,10,3,34,5,29,14,4,10
Rural,State - KERALA,Sikh,40-49,187,95,92,104,74,30,33,15,18,21,11,10,50,6,44,14,2,12
Rural,State - KERALA,Sikh,50-59,153,95,58,90,69,21,19,14,5,5,4,1,44,12,32,8,4,4
Rural,State - KERALA,Sikh,60-69,105,56,49,34,28,6,5,3,2,1,0,1,66,25,41,1,1,0
Rural,State - KERALA,Sikh,70-79,50,23,27,8,7,1,3,3,0,0,0,0,39,13,26,0,0,0
Rural,State - KERALA,Sikh,80+,32,15,17,2,2,0,0,0,0,0,0,0,30,13,17,0,0,0
Rural,State - KERALA,Sikh,Age not stated,10,8,2,2,2,0,1,0,1,0,0,0,7,6,1,0,0,0
Rural,State - KERALA,Sikh,15-59,993,554,439,427,347,80,126,81,45,68,47,21,440,126,314,186,60,126
Rural,State - KERALA,Sikh,60+,187,94,93,44,37,7,8,6,2,1,0,1,135,51,84,1,1,0
Rural,State - KERALA,Buddhist,Total,3224,1612,1612,667,507,160,180,88,92,97,51,46,2377,1017,1360,354,136,218
Rural,State - KERALA,Buddhist,5-9,415,218,197,1,0,1,2,2,0,0,0,0,412,216,196,8,1,7
Rural,State - KERALA,Buddhist,10-14,397,218,179,2,2,0,6,2,4,2,0,2,389,214,175,10,5,5
Rural,State - KERALA,Buddhist,15-19,295,161,134,18,15,3,4,3,1,1,1,0,273,143,130,81,45,36
Rural,State - KERALA,Buddhist,20-24,275,158,117,84,63,21,24,13,11,18,10,8,167,82,85,97,50,47
Rural,State - KERALA,Buddhist,25-29,262,135,127,119,92,27,28,18,10,22,16,6,115,25,90,70,20,50
Rural,State - KERALA,Buddhist,30-34,195,93,102,104,72,32,24,13,11,14,5,9,67,8,59,34,7,27
Rural,State - KERALA,Buddhist,35-39,168,82,86,86,67,19,22,9,13,15,6,9,60,6,54,21,2,19
Rural,State - KERALA,Buddhist,40-49,251,123,128,137,104,33,28,12,16,16,8,8,86,7,79,15,3,12
Rural,State - KERALA,Buddhist,50-59,183,75,108,75,57,18,26,8,18,7,4,3,82,10,72,12,2,10
Rural,State - KERALA,Buddhist,60-69,141,52,89,32,27,5,10,4,6,1,0,1,99,21,78,4,1,3
Rural,State - KERALA,Buddhist,70-79,111,41,70,8,7,1,4,3,1,0,0,0,99,31,68,1,0,1
Rural,State - KERALA,Buddhist,80+,82,23,59,0,0,0,0,0,0,0,0,0,82,23,59,1,0,1
Rural,State - KERALA,Buddhist,Age not stated,14,8,6,1,1,0,2,1,1,1,1,0,11,6,5,0,0,0
Rural,State - KERALA,Buddhist,15-59,1629,827,802,623,470,153,156,76,80,93,50,43,850,281,569,330,129,201
Rural,State - KERALA,Buddhist,60+,334,116,218,40,34,6,14,7,7,1,0,1,280,75,205,6,1,5
Rural,State - KERALA,Jain,Total,2079,1039,1040,670,505,165,140,71,69,57,33,24,1269,463,806,232,77,155
Rural,State - KERALA,Jain,5-9,158,83,75,0,0,0,0,0,0,0,0,0,158,83,75,2,2,0
Rural,State - KERALA,Jain,10-14,172,99,73,2,1,1,0,0,0,0,0,0,170,98,72,6,4,2
Rural,State - KERALA,Jain,15-19,145,87,58,3,3,0,1,1,0,1,1,0,141,83,58,40,25,15
Rural,State - KERALA,Jain,20-24,162,93,69,45,34,11,14,9,5,9,5,4,103,50,53,65,32,33
Rural,State - KERALA,Jain,25-29,141,67,74,63,45,18,20,13,7,14,11,3,58,9,49,40,7,33
Rural,State - KERALA,Jain,30-34,130,58,72,65,50,15,10,5,5,6,3,3,55,3,52,18,2,16
Rural,State - KERALA,Jain,35-39,151,70,81,77,58,19,22,9,13,8,2,6,52,3,49,22,3,19
Rural,State - KERALA,Jain,40-49,326,149,177,180,127,53,35,17,18,16,10,6,111,5,106,28,2,26
Rural,State - KERALA,Jain,50-59,259,139,120,149,122,27,23,7,16,3,1,2,87,10,77,6,0,6
Rural,State - KERALA,Jain,60-69,151,61,90,67,51,16,4,2,2,0,0,0,80,8,72,5,0,5
Rural,State - KERALA,Jain,70-79,84,31,53,16,11,5,10,8,2,0,0,0,58,12,46,0,0,0
Rural,State - KERALA,Jain,80+,35,8,27,3,3,0,1,0,1,0,0,0,31,5,26,0,0,0
Rural,State - KERALA,Jain,Age not stated,4,0,4,0,0,0,0,0,0,0,0,0,4,0,4,0,0,0
Rural,State - KERALA,Jain,15-59,1314,663,651,582,439,143,125,61,64,57,33,24,607,163,444,219,71,148
Rural,State - KERALA,Jain,60+,270,100,170,86,65,21,15,10,5,0,0,0,169,25,144,5,0,5
Rural,State - KERALA,Other religious communities,Total,3577,1919,1658,1091,790,301,250,155,95,153,97,56,2236,974,1262,360,135,225
Rural,State - KERALA,Other religious communities,5-9,310,152,158,1,0,1,0,0,0,0,0,0,309,152,157,5,3,2
Rural,State - KERALA,Other religious communities,10-14,323,168,155,2,1,1,3,3,0,3,3,0,318,164,154,8,4,4
Rural,State - KERALA,Other religious communities,15-19,254,143,111,25,21,4,11,6,5,6,2,4,218,116,102,57,29,28
Rural,State - KERALA,Other religious communities,20-24,352,188,164,130,94,36,40,28,12,29,22,7,182,66,116,109,46,63
Rural,State - KERALA,Other religious communities,25-29,274,149,125,121,90,31,35,26,9,30,23,7,118,33,85,61,23,38
Rural,State - KERALA,Other religious communities,30-34,242,125,117,130,92,38,28,14,14,21,11,10,84,19,65,34,8,26
Rural,State - KERALA,Other religious communities,35-39,243,127,116,137,92,45,34,17,17,22,12,10,72,18,54,33,8,25
Rural,State - KERALA,Other religious communities,40-49,458,233,225,256,168,88,49,29,20,26,15,11,153,36,117,35,3,32
Rural,State - KERALA,Other religious communities,50-59,381,236,145,208,166,42,30,18,12,11,6,5,143,52,91,12,7,5
Rural,State - KERALA,Other religious communities,60-69,230,134,96,64,55,9,13,9,4,3,3,0,153,70,83,4,3,1
Rural,State - KERALA,Other religious communities,70-79,95,55,40,13,8,5,5,3,2,2,0,2,77,44,33,2,1,1
Rural,State - KERALA,Other religious communities,80+,43,17,26,2,2,0,1,1,0,0,0,0,40,14,26,0,0,0
Rural,State - KERALA,Other religious communities,Age not stated,14,7,7,2,1,1,1,1,0,0,0,0,11,5,6,0,0,0
Rural,State - KERALA,Other religious communities,15-59,2204,1201,1003,1007,723,284,227,138,89,145,91,54,970,340,630,341,124,217
Rural,State - KERALA,Other religious communities,60+,368,206,162,79,65,14,19,13,6,5,3,2,270,128,142,6,4,2
Urban,State - KERALA,All religious communities,Total,15934926,7619358,8315568,4399556,3436750,962806,877550,507318,370232,436100,253878,182222,10657820,3675290,6982530,1864714,547950,1316764
Urban,State - KERALA,All religious communities,5-9,1206908,616113,590795,3758,2120,1638,3792,1841,1951,1831,925,906,1199358,612152,587206,16182,8301,7881
Urban,State - KERALA,All religious communities,10-14,1323432,676020,647412,6616,4333,2283,6595,3496,3099,3749,1965,1784,1310221,668191,642030,37371,19086,18285
Urban,State - KERALA,All religious communities,15-19,1244739,632095,612644,55181,44552,10629,30217,19849,10368,22342,14305,8037,1159341,567694,591647,334700,168804,165896
Urban,State - KERALA,All religious communities,20-24,1279748,618543,661205,306255,247939,58316,93746,63302,30444,72479,48038,24441,879747,307302,572445,494013,196863,297150
Urban,State - KERALA,All religious communities,25-29,1235056,564939,670117,511216,412062,99154,102638,65893,36745,73216,45991,27225,621202,86984,534218,319499,62678,256821
Urban,State - KERALA,All religious communities,30-34,1177241,535243,641998,564334,443494,120840,98952,55401,43551,61043,33416,27627,513955,36348,477607,211826,21432,190394
Urban,State - KERALA,All religious communities,35-39,1235044,553478,681566,632765,471692,161073,109852,54129,55723,62156,30403,31753,492427,27657,464770,169101,13765,155336
Urban,State - KERALA,All religious communities,40-49,2287008,1066368,1220640,1197168,903816,293352,200751,102443,98308,86703,46186,40517,889089,60109,828980,181184,21901,159283
Urban,State - KERALA,All religious communities,50-59,1766008,860941,905067,791954,633419,158535,139766,82021,57745,38421,23709,14712,834288,145501,688787,67104,20239,46865
Urban,State - KERALA,All religious communities,60-69,1166593,552454,614139,259648,215129,44519,69086,43938,25148,11546,7316,4230,837859,293387,544472,26310,12083,14227
Urban,State - KERALA,All religious communities,70-79,586086,252454,333632,56552,47230,9322,17908,12289,5619,1909,1263,646,511626,192935,318691,4966,2095,2871
Urban,State - KERALA,All religious communities,80+,243162,88367,154795,10383,8272,2111,3434,2241,1193,399,208,191,229345,77854,151491,1351,383,968
Urban,State - KERALA,All religious communities,Age not stated,17149,8618,8531,3726,2692,1034,813,475,338,306,153,153,12610,5451,7159,1107,320,787
Urban,State - KERALA,All religious communities,15-59,10224844,4831607,5393237,4058873,3156974,901899,775922,443038,332884,416360,242048,174312,5390049,1231595,4158454,1777427,505682,1271745
Urban,State - KERALA,All religious communities,60+,1995841,893275,1102566,326583,270631,55952,90428,58468,31960,13854,8787,5067,1578830,564176,1014654,32627,14561,18066
Urban,State - KERALA,Hindu,Total,8873644,4264861,4608783,2733030,2052018,681012,579869,313130,266739,285168,155462,129706,5560745,1899713,3661032,1090626,297642,792984
Urban,State - KERALA,Hindu,5-9,580016,295913,284103,2009,1112,897,2082,1007,1075,1051,534,517,575925,293794,282131,8154,4105,4049
Urban,State - KERALA,Hindu,10-14,665179,339942,325237,3745,2381,1364,3722,1926,1796,2138,1094,1044,657712,335635,322077,19475,9788,9687
Urban,State - KERALA,Hindu,15-19,629412,320842,308570,30244,23666,6578,17137,10836,6301,12860,7924,4936,582031,286340,295691,180620,90064,90556
Urban,State - KERALA,Hindu,20-24,662758,327230,335528,171656,134164,37492,54364,34980,19384,42731,26926,15805,436738,158086,278652,276665,105550,171115
Urban,State - KERALA,Hindu,25-29,675934,318580,357354,299048,232674,66374,63699,38951,24748,46167,27588,18579,313187,46955,266232,191206,35062,156144
Urban,State - KERALA,Hindu,30-34,665562,311215,354347,342163,257911,84252,64297,33678,30619,40231,20673,19558,259102,19626,239476,130448,12049,118399
Urban,State - KERALA,Hindu,35-39,723374,331214,392160,397328,282457,114871,74497,33907,40590,42786,19298,23488,251549,14850,236699,105079,7562,97517
Urban,State - KERALA,Hindu,40-49,1389689,659653,730036,771041,559361,211680,139632,66239,73393,60442,30032,30410,479016,34053,444963,115085,12567,102518
Urban,State - KERALA,Hindu,50-59,1083893,529924,553969,508311,393030,115281,96830,52960,43870,26629,15365,11264,478752,83934,394818,42182,11663,30519
Urban,State - KERALA,Hindu,60-69,723492,338763,384729,162998,129610,33388,48349,28700,19649,8257,4891,3366,512145,180453,331692,16870,7454,9416
Urban,State - KERALA,Hindu,70-79,370613,157628,212985,35551,28880,6671,12401,8188,4213,1386,891,495,322661,120560,202101,3233,1344,1889
Urban,State - KERALA,Hindu,80+,154748,55463,99285,6575,5120,1455,2328,1463,865,274,135,139,145845,48880,96965,848,234,614
Urban,State - KERALA,Hindu,Age not stated,9735,4758,4977,2361,1652,709,531,295,236,216,111,105,6843,2811,4032,761,200,561
Urban,State - KERALA,Hindu,15-59,5830622,2798658,3031964,2519791,1883263,636528,510456,271551,238905,271846,147806,124040,2800375,643844,2156531,1041285,274517,766768
Urban,State - KERALA,Hindu,60+,1248853,551854,696999,205124,163610,41514,63078,38351,24727,9917,5917,4000,980651,349893,630758,20951,9032,11919
Urban,State - KERALA,Muslim,Total,4621685,2172233,2449452,918898,829477,89421,177432,129094,48338,92532,67519,25013,3525355,1213662,2311693,501161,168061,333100
Urban,State - KERALA,Muslim,5-9,457606,233835,223771,1271,734,537,1053,522,531,489,250,239,455282,232579,222703,5964,3127,2837
Urban,State - KERALA,Muslim,10-14,463192,236816,226376,2005,1415,590,1828,1022,806,1038,568,470,459359,234379,224980,12966,6795,6171
Urban,State - KERALA,Muslim,15-19,433964,218512,215452,19264,16775,2489,9329,6725,2604,6699,4730,1969,405371,195012,210359,108730,55595,53135
Urban,State - KERALA,Muslim,20-24,445304,205167,240137,94729,85789,8940,27334,20977,6357,20199,15362,4837,323241,98401,224840,146803,60312,86491
Urban,State - KERALA,Muslim,25-29,396948,168665,228283,135892,123761,12131,25894,19421,6473,17510,13029,4481,235162,25483,209679,84284,17226,67058
Urban,State - KERALA,Muslim,30-34,348594,147446,201148,134547,120912,13635,21891,15251,6640,12878,8957,3921,192156,11283,180873,51087,6160,44927
Urban,State - KERALA,Muslim,35-39,327930,137731,190199,130928,115372,15556,21042,13744,7298,11289,7519,3770,175960,8615,167345,37871,4134,33737
Urban,State - KERALA,Muslim,40-49,518531,226533,291998,208767,186840,21927,33058,22972,10086,14080,10331,3749,276706,16721,259985,34170,6002,28168
Urban,State - KERALA,Muslim,50-59,370644,178443,192201,132462,122320,10142,22594,17501,5093,6348,5162,1186,215588,38622,176966,13027,5542,7485
Urban,State - KERALA,Muslim,60-69,238430,115205,123225,47807,45096,2711,10430,8540,1890,1664,1360,304,180193,61569,118624,4845,2606,2239
Urban,State - KERALA,Muslim,70-79,103187,45494,57693,9047,8541,506,2364,1954,410,235,184,51,91776,34999,56777,889,394,495
Urban,State - KERALA,Muslim,80+,38969,14331,24638,1564,1397,167,471,355,116,68,47,21,36934,12579,24355,280,77,203
Urban,State - KERALA,Muslim,Age not stated,4126,2145,1981,615,525,90,144,110,34,35,20,15,3367,1510,1857,245,91,154
Urban,State - KERALA,Muslim,15-59,2841915,1282497,1559418,856589,771769,84820,161142,116591,44551,89003,65090,23913,1824184,394137,1430047,475972,154971,321001
Urban,State - KERALA,Muslim,60+,380586,175030,205556,58418,55034,3384,13265,10849,2416,1967,1591,376,308903,109147,199756,6014,3077,2937
Urban,State - KERALA,Christian,Total,2385605,1155345,1230260,735061,545973,189088,117094,63260,53834,56598,29829,26769,1533450,546112,987338,266128,79703,186425
Urban,State - KERALA,Christian,5-9,164206,83716,80490,445,255,190,612,297,315,272,135,137,163149,83164,79985,1997,1035,962
Urban,State - KERALA,Christian,10-14,190166,96712,93454,828,512,316,989,515,474,540,286,254,188349,95685,92664,4812,2437,2375
Urban,State - KERALA,Christian,15-19,177086,90482,86604,5348,3871,1477,3558,2168,1390,2645,1571,1074,168180,84443,83737,44043,22461,21582
Urban,State - KERALA,Christian,20-24,167241,83747,83494,38637,27019,11618,11631,7066,4565,9227,5538,3689,116973,49662,67311,68803,30210,38593
Urban,State - KERALA,Christian,25-29,157756,75437,82319,74483,54235,20248,12512,7175,5337,9147,5122,4025,70761,14027,56734,42788,10022,32766
Urban,State - KERALA,Christian,30-34,159444,74774,84670,85905,63351,22554,12381,6264,6117,7678,3648,4030,61158,5159,55999,29527,3062,26465
Urban,State - KERALA,Christian,35-39,180144,82798,97346,102740,72597,30143,13959,6274,7685,7860,3459,4401,63445,3927,59518,25590,1953,23637
Urban,State - KERALA,Christian,40-49,372754,177337,195417,214458,155591,58867,27521,12976,14545,11922,5691,6231,130775,8770,122005,31283,3145,28138
Urban,State - KERALA,Christian,50-59,306906,150372,156534,149391,116761,32630,19988,11344,8644,5348,3113,2235,137527,22267,115260,11661,2943,8718
Urban,State - KERALA,Christian,60-69,201736,97184,104552,48281,40028,8253,10111,6590,3521,1582,1039,543,143344,50566,92778,4497,1991,2506
Urban,State - KERALA,Christian,70-79,110682,48742,61940,11815,9707,2108,3103,2123,980,278,182,96,95764,36912,58852,828,352,476
Urban,State - KERALA,Christian,80+,48574,18285,30289,2200,1721,479,624,417,207,54,26,28,45750,16147,29603,220,71,149
Urban,State - KERALA,Christian,Age not stated,1896,863,1033,530,325,205,105,51,54,45,19,26,1261,487,774,79,21,58
Urban,State - KERALA,Christian,15-59,1521331,734947,786384,670962,493425,177537,101550,53267,48283,53827,28142,25685,748819,188255,560564,253695,73796,179899
Urban,State - KERALA,Christian,60+,360992,164211,196781,62296,51456,10840,13838,9130,4708,1914,1247,667,284858,103625,181233,5545,2414,3131
Urban,State - KERALA,Sikh,Total,2185,1279,906,822,710,112,79,43,36,39,21,18,1284,526,758,214,79,135
Urban,State - KERALA,Sikh,5-9,178,103,75,2,2,0,1,0,1,1,0,1,175,101,74,4,4,0
Urban,State - KERALA,Sikh,10-14,195,122,73,3,3,0,0,0,0,0,0,0,192,119,73,5,3,2
Urban,State - KERALA,Sikh,15-19,175,110,65,37,36,1,6,4,2,3,1,2,132,70,62,46,27,19
Urban,State - KERALA,Sikh,20-24,189,112,77,83,73,10,10,4,6,6,3,3,96,35,61,50,22,28
Urban,State - KERALA,Sikh,25-29,192,100,92,94,78,16,15,10,5,12,8,4,83,12,71,41,6,35
Urban,State - KERALA,Sikh,30-34,166,88,78,92,78,14,9,5,4,4,3,1,65,5,60,23,3,20
Urban,State - KERALA,Sikh,35-39,184,107,77,125,98,27,11,6,5,7,4,3,48,3,45,14,3,11
Urban,State - KERALA,Sikh,40-49,301,208,93,215,194,21,7,3,4,2,1,1,79,11,68,16,3,13
Urban,State - KERALA,Sikh,50-59,206,134,72,130,114,16,10,7,3,2,1,1,66,13,53,12,5,7
Urban,State - KERALA,Sikh,60-69,120,61,59,29,23,6,7,2,5,2,0,2,84,36,48,3,3,0
Urban,State - KERALA,Sikh,70-79,61,28,33,5,4,1,1,1,0,0,0,0,55,23,32,0,0,0
Urban,State - KERALA,Sikh,80+,23,8,15,3,3,0,0,0,0,0,0,0,20,5,15,0,0,0
Urban,State - KERALA,Sikh,Age not stated,12,8,4,4,4,0,2,1,1,0,0,0,6,3,3,0,0,0
Urban,State - KERALA,Sikh,15-59,1413,859,554,776,671,105,68,39,29,36,21,15,569,149,420,202,69,133
Urban,State - KERALA,Sikh,60+,204,97,107,37,30,7,8,3,5,2,0,2,159,64,95,3,3,0
Urban,State - KERALA,Buddhist,Total,1528,830,698,429,362,67,68,42,26,38,22,16,1031,426,605,146,42,104
Urban,State - KERALA,Buddhist,5-9,168,90,78,0,0,0,2,1,1,2,1,1,166,89,77,1,0,1
Urban,State - KERALA,Buddhist,10-14,150,86,64,2,2,0,1,1,0,1,1,0,147,83,64,7,4,3
Urban,State - KERALA,Buddhist,15-19,127,73,54,15,13,2,4,4,0,1,1,0,108,56,52,33,16,17
Urban,State - KERALA,Buddhist,20-24,127,68,59,41,36,5,7,4,3,4,2,2,79,28,51,34,6,28
Urban,State - KERALA,Buddhist,25-29,131,73,58,60,51,9,10,6,4,10,6,4,61,16,45,32,10,22
Urban,State - KERALA,Buddhist,30-34,129,78,51,81,71,10,11,4,7,5,1,4,37,3,34,15,2,13
Urban,State - KERALA,Buddhist,35-39,109,65,44,63,50,13,11,10,1,6,5,1,35,5,30,12,2,10
Urban,State - KERALA,Buddhist,40-49,146,80,66,88,73,15,10,5,5,4,2,2,48,2,46,5,0,5
Urban,State - KERALA,Buddhist,50-59,109,62,47,58,48,10,5,2,3,3,1,2,46,12,34,5,1,4
Urban,State - KERALA,Buddhist,60-69,61,21,40,13,11,2,4,2,2,0,0,0,44,8,36,2,1,1
Urban,State - KERALA,Buddhist,70-79,55,23,32,6,5,1,2,2,0,1,1,0,47,16,31,0,0,0
Urban,State - KERALA,Buddhist,80+,32,12,20,2,2,0,0,0,0,0,0,0,30,10,20,0,0,0
Urban,State - KERALA,Buddhist,Age not stated,3,2,1,0,0,0,1,1,0,1,1,0,2,1,1,0,0,0
Urban,State - KERALA,Buddhist,15-59,878,499,379,406,342,64,58,35,23,33,18,15,414,122,292,136,37,99
Urban,State - KERALA,Buddhist,60+,148,56,92,21,18,3,6,4,2,1,1,0,121,34,87,2,1,1
Urban,State - KERALA,Jain,Total,2410,1186,1224,845,678,167,58,30,28,33,19,14,1507,478,1029,191,62,129
Urban,State - KERALA,Jain,5-9,167,101,66,0,0,0,1,0,1,0,0,0,166,101,65,7,2,5
Urban,State - KERALA,Jain,10-14,182,105,77,0,0,0,0,0,0,0,0,0,182,105,77,8,7,1
Urban,State - KERALA,Jain,15-19,173,70,103,10,5,5,3,2,1,3,2,1,160,63,97,36,19,17
Urban,State - KERALA,Jain,20-24,177,81,96,51,37,14,6,3,3,4,2,2,120,41,79,52,20,32
Urban,State - KERALA,Jain,25-29,173,77,96,90,62,28,10,5,5,9,4,5,73,10,63,22,4,18
Urban,State - KERALA,Jain,30-34,170,78,92,95,70,25,8,4,4,5,2,3,67,4,63,16,3,13
Urban,State - KERALA,Jain,35-39,188,88,100,104,80,24,9,6,3,5,5,0,75,2,73,20,1,19
Urban,State - KERALA,Jain,40-49,358,195,163,211,183,28,8,3,5,4,3,1,139,9,130,16,3,13
Urban,State - KERALA,Jain,50-59,331,169,162,185,152,33,7,5,2,2,1,1,139,12,127,7,2,5
Urban,State - KERALA,Jain,60-69,194,93,101,60,55,5,4,1,3,1,0,1,130,37,93,6,1,5
Urban,State - KERALA,Jain,70-79,115,54,61,36,32,4,2,1,1,0,0,0,77,21,56,1,0,1
Urban,State - KERALA,Jain,80+,43,9,34,3,2,1,0,0,0,0,0,0,40,7,33,0,0,0
Urban,State - KERALA,Jain,Age not stated,0,0,0,0,0,0,0,0,0,0,0,0,0,0,0,0,0,0
Urban,State - KERALA,Jain,15-59,1570,758,812,746,589,157,51,28,23,32,19,13,773,141,632,169,52,117
Urban,State - KERALA,Jain,60+,352,156,196,99,89,10,6,2,4,1,0,1,247,65,182,7,1,6
Urban,State - KERALA,Other religious communities,Total,4041,2195,1846,1171,831,340,171,112,59,69,43,26,2699,1252,1447,338,127,211
Urban,State - KERALA,Other religious communities,5-9,322,167,155,1,1,0,3,0,3,1,0,1,318,166,152,1,0,1
Urban,State - KERALA,Other religious communities,10-14,370,206,164,4,1,3,2,1,1,1,0,1,364,204,160,6,4,2
Urban,State - KERALA,Other religious communities,15-19,309,180,129,22,16,6,9,6,3,4,2,2,278,158,120,50,26,24
Urban,State - KERALA,Other religious communities,20-24,329,187,142,112,90,22,23,17,6,11,6,5,194,80,114,90,41,49
Urban,State - KERALA,Other religious communities,25-29,300,168,132,164,118,46,27,19,8,15,12,3,109,31,78,52,13,39
Urban,State - KERALA,Other religious communities,30-34,252,128,124,133,90,43,14,7,7,9,5,4,105,31,74,42,7,35
Urban,State - KERALA,Other religious communities,35-39,292,145,147,148,97,51,17,12,5,8,5,3,127,36,91,37,3,34
Urban,State - KERALA,Other religious communities,40-49,586,299,287,304,198,106,27,15,12,13,7,6,255,86,169,43,19,24
Urban,State - KERALA,Other religious communities,50-59,463,265,198,207,159,48,24,18,6,4,4,0,232,88,144,11,9,2
Urban,State - KERALA,Other religious communities,60-69,274,180,94,62,49,13,16,12,4,2,2,0,196,119,77,4,3,1
Urban,State - KERALA,Other religious communities,70-79,92,47,45,10,8,2,4,2,2,0,0,0,78,37,41,1,1,0
Urban,State - KERALA,Other religious communities,80+,39,24,15,4,4,0,3,2,1,0,0,0,32,18,14,1,1,0
Urban,State - KERALA,Other religious communities,Age not stated,7,1,6,0,0,0,2,1,1,1,0,1,5,0,5,0,0,0
Urban,State - KERALA,Other religious communities,15-59,2531,1372,1159,1090,768,322,141,94,47,64,41,23,1300,510,790,325,118,207
Urban,State - KERALA,Other religious communities,60+,405,251,154,76,61,15,23,16,7,2,2,0,306,174,132,6,5,1
Total,State - TAMIL NADU,All religious communities,Total,72147030,36137975,36009055,27942181,18961194,8980987,4942500,2473784,2468716,1625417,912764,712653,39262349,14702997,24559352,3286472,1284767,2001705
Total,State - TAMIL NADU,All religious communities,5-9,5551255,2851293,2699962,38130,20941,17189,50210,25310,24900,13046,6748,6298,5462915,2805042,2657873,33499,17411,16088
Total,State - TAMIL NADU,All religious communities,10-14,6177547,3188990,2988557,113307,68073,45234,82585,42587,39998,23724,12653,11071,5981655,3078330,2903325,65143,35120,30023
Total,State - TAMIL NADU,All religious communities,15-19,6253792,3229838,3023954,985249,626247,359002,299674,164937,134737,138431,79996,58435,4968869,2438654,2530215,765897,417832,348065
Total,State - TAMIL NADU,All religious communities,20-24,6411543,3154804,3256739,2521619,1694728,826891,559905,300481,259424,287822,168222,119600,3330019,1159595,2170424,1006805,466313,540492
Total,State - TAMIL NADU,All religious communities,25-29,6663746,3237374,3426372,3654423,2525627,1128796,646470,326567,319903,291694,164029,127665,2362853,385180,1977673,627645,194512,433133
Total,State - TAMIL NADU,All religious communities,30-34,5815560,2908749,2906811,3601634,2493985,1107649,562432,274699,287733,210073,117408,92665,1651494,140065,1511429,281121,57942,223179
Total,State - TAMIL NADU,All religious communities,35-39,5836456,2815205,3021251,3771104,2469105,1301999,587539,264758,322781,198542,104730,93812,1477813,81342,1396471,196210,26151,170059
Total,State - TAMIL NADU,All religious communities,40-49,9777265,4924761,4852504,6406380,4320443,2085937,962333,459281,503052,256132,142609,113523,2408552,145037,2263515,173473,26892,146581
Total,State - TAMIL NADU,All religious communities,50-59,6804602,3416487,3388115,4104097,2829619,1274478,635222,312042,323180,125921,70056,55865,2065283,274826,1790457,73673,18151,55522
Total,State - TAMIL NADU,All religious communities,60-69,4650978,2274451,2376527,2002579,1369663,632916,395429,207072,188357,60603,34453,26150,2252970,697716,1555254,47261,18091,29170
Total,State - TAMIL NADU,All religious communities,70-79,2116770,1046913,1069857,605683,443008,162675,128101,76710,51391,15151,9410,5741,1382986,527195,855791,12027,4703,7324
Total,State - TAMIL NADU,All religious communities,80+,742010,339862,402148,121139,88676,32463,28647,17307,11340,3247,1900,1347,592224,233879,358345,2571,1037,1534
Total,State - TAMIL NADU,All religious communities,Age not stated,66805,34670,32135,16837,11079,5758,3953,2033,1920,1031,550,481,46015,21558,24457,1147,612,535
Total,State - TAMIL NADU,All religious communities,15-59,47562964,23687218,23875746,25044506,16959754,8084752,4253575,2102765,2150810,1508615,847050,661565,18264883,4624699,13640184,3124824,1207793,1917031
Total,State - TAMIL NADU,All religious communities,60+,7509758,3661226,3848532,2729401,1901347,828054,552177,301089,251088,79001,45763,33238,4228180,1458790,2769390,61859,23831,38028
Total,State - TAMIL NADU,Hindu,Total,63188168,31715046,31473122,25017921,16751526,8266395,4503595,2223557,2280038,1473522,820708,652814,33666652,12739963,20926689,2793613,1096095,1697518
Total,State - TAMIL NADU,Hindu,5-9,4821569,2478343,2343226,33874,18565,15309,42785,21539,21246,11168,5752,5416,4744910,2438239,2306671,28452,14835,13617
Total,State - TAMIL NADU,Hindu,10-14,5399256,2792325,2606931,102342,60867,41475,71982,37074,34908,20655,11011,9644,5224932,2694384,2530548,56093,30280,25813
Total,State - TAMIL NADU,Hindu,15-19,5471586,2835556,2636030,894809,562118,332691,271602,148522,123080,124966,71842,53124,4305175,2124916,2180259,662361,361015,301346
Total,State - TAMIL NADU,Hindu,20-24,5588147,2761950,2826197,2257295,1499391,757904,505743,268563,237180,257805,149909,107896,2825109,993996,1831113,858355,397067,461288
Total,State - TAMIL NADU,Hindu,25-29,5819393,2838864,2980529,3254444,2218545,1035899,587650,292429,295221,263087,146664,116423,1977299,327890,1649409,531171,165286,365885
Total,State - TAMIL NADU,Hindu,30-34,5067662,2542946,2524716,3194515,2180059,1014456,511111,245496,265615,189948,105185,84763,1362036,117391,1244645,234564,48834,185730
Total,State - TAMIL NADU,Hindu,35-39,5122921,2469003,2653918,3362665,2164237,1198428,537790,237645,300145,180892,94220,86672,1222466,67121,1155345,162880,21376,141504
Total,State - TAMIL NADU,Hindu,40-49,8615785,4344956,4270829,5725143,3809927,1915216,882087,414561,467526,234886,129473,105413,2008555,120468,1888087,143620,21513,122107
Total,State - TAMIL NADU,Hindu,50-59,6004063,3019678,2984385,3680892,2506532,1174360,581622,281634,299988,116137,64094,52043,1741549,231512,1510037,61995,15060,46935
Total,State - TAMIL NADU,Hindu,60-69,4124269,2018552,2105717,1827795,1234479,593316,363762,188347,175415,56091,31657,24434,1932712,595726,1336986,40415,15306,25109
Total,State - TAMIL NADU,Hindu,70-79,1879404,933476,945928,558286,406008,152278,117848,70209,47639,14061,8710,5351,1203270,457259,746011,10516,4108,6408
Total,State - TAMIL NADU,Hindu,80+,657523,303516,354007,111624,81570,30054,26257,15834,10423,2973,1735,1238,519642,206112,313530,2246,903,1343
Total,State - TAMIL NADU,Hindu,Age not stated,54016,27961,26055,14237,9228,5009,3356,1704,1652,853,456,397,36423,17029,19394,945,512,433
Total,State - TAMIL NADU,Hindu,15-59,41689557,20812953,20876604,22369763,14940809,7428954,3877605,1888850,1988755,1367721,761387,606334,15442189,3983294,11458895,2654946,1030151,1624795
Total,State - TAMIL NADU,Hindu,60+,6661196,3255544,3405652,2497705,1722057,775648,507867,274390,233477,73125,42102,31023,3655624,1259097,2396527,53177,20317,32860
Total,State - TAMIL NADU,Muslim,Total,4229479,2099182,2130297,1272993,1062981,210012,157479,98653,58826,50726,34240,16486,2799007,937548,1861459,194942,80236,114706
Total,State - TAMIL NADU,Muslim,5-9,374849,191696,183153,2082,1164,918,3556,1823,1733,826,460,366,369211,188709,180502,2594,1350,1244
Total,State - TAMIL NADU,Muslim,10-14,383204,195741,187463,5831,3978,1853,4969,2597,2372,1349,734,615,372404,189166,183238,4648,2542,2106
Total,State - TAMIL NADU,Muslim,15-19,386003,193497,192506,49532,36621,12911,12977,7973,5004,5777,3774,2003,323494,148903,174591,45707,25839,19868
Total,State - TAMIL NADU,Muslim,20-24,412475,193856,218619,130033,105779,24254,21449,13696,7753,10696,7326,3370,260993,74381,186612,59490,29457,30033
Total,State - TAMIL NADU,Muslim,25-29,411756,193278,218478,184400,155489,28911,21922,13854,8068,9247,6289,2958,205434,23935,181499,35802,11320,24482
Total,State - TAMIL NADU,Muslim,30-34,353324,173567,179757,180722,152376,28346,18280,11504,6776,6315,4311,2004,154322,9687,144635,16129,3337,12792
Total,State - TAMIL NADU,Muslim,35-39,337084,164791,172293,178523,147541,30982,17863,10850,7013,5633,3805,1828,140698,6400,134298,12245,1864,10381
Total,State - TAMIL NADU,Muslim,40-49,522075,265436,256639,282347,237836,44511,27067,16940,10127,6523,4535,1988,212661,10660,202001,10846,1962,8884
Total,State - TAMIL NADU,Muslim,50-59,337287,171946,165341,165457,141945,23512,16541,10788,5753,2810,1959,851,155289,19213,136076,4305,1283,3022
Total,State - TAMIL NADU,Muslim,60-69,215207,106787,108420,71333,60939,10394,9146,6142,3004,1146,795,351,134728,39706,95022,2439,991,1448
Total,State - TAMIL NADU,Muslim,70-79,90753,43748,47005,18263,15633,2630,2871,1959,912,296,179,117,69619,26156,43463,573,223,350
Total,State - TAMIL NADU,Muslim,80+,31697,13012,18685,3612,2956,656,703,444,259,81,58,23,27382,9612,17770,116,47,69
Total,State - TAMIL NADU,Muslim,Age not stated,3733,1968,1765,858,724,134,135,83,52,27,15,12,2740,1161,1579,48,21,27
Total,State - TAMIL NADU,Muslim,15-59,2760004,1356371,1403633,1171014,977587,193427,136099,85605,50494,47001,31999,15002,1452891,293179,1159712,184524,75062,109462
Total,State - TAMIL NADU,Muslim,60+,337657,163547,174110,93208,79528,13680,12720,8545,4175,1523,1032,491,231729,75474,156255,3128,1261,1867
Total,State - TAMIL NADU,Christian,Total,4418331,2171413,2246918,1567484,1086475,481009,262989,141921,121068,94520,53967,40553,2587858,943017,1644841,276893,98682,178211
Total,State - TAMIL NADU,Christian,5-9,326255,166275,159980,1767,993,774,3343,1680,1663,926,478,448,321145,163602,157543,2280,1142,1138
Total,State - TAMIL NADU,Christian,10-14,366060,185736,180324,4505,2840,1665,4882,2510,2372,1535,803,732,356673,180386,176287,4169,2181,1988
Total,State - TAMIL NADU,Christian,15-19,366195,184624,181571,36752,24894,11858,13411,7497,5914,6907,3917,2990,316032,152233,163799,52599,27748,24851
Total,State - TAMIL NADU,Christian,20-24,380053,182822,197231,124395,82665,41730,29847,16538,13309,17854,10093,7761,225811,83619,142192,83162,36816,46346
Total,State - TAMIL NADU,Christian,25-29,403769,191111,212658,202897,142265,60632,34097,18696,15401,18010,10264,7746,166775,30150,136625,56870,16571,40299
Total,State - TAMIL NADU,Christian,30-34,370403,180904,189499,215064,153132,61932,30939,16574,14365,12951,7399,5552,124400,11198,113202,28479,5101,23378
Total,State - TAMIL NADU,Christian,35-39,355151,171788,183363,219440,149795,69645,30109,15405,14704,11387,6362,5025,105602,6588,99014,19740,2527,17213
Total,State - TAMIL NADU,Christian,40-49,606231,299577,306654,382504,260855,121649,50488,26562,23926,13994,8214,5780,173239,12160,161079,17533,2808,14725
Total,State - TAMIL NADU,Christian,50-59,441095,215233,225862,247619,173782,73837,35423,18876,16547,6674,3846,2828,158053,22575,135478,6887,1662,5225
Total,State - TAMIL NADU,Christian,60-69,295962,142535,153427,98344,70535,27809,21570,12125,9445,3232,1932,1300,176048,59875,116173,4037,1666,2371
Total,State - TAMIL NADU,Christian,70-79,138861,66358,72503,27624,20174,7450,7016,4339,2677,755,501,254,104221,41845,62376,841,333,508
Total,State - TAMIL NADU,Christian,80+,49423,22035,27388,5511,3864,1647,1583,976,607,180,101,79,42329,17195,25134,201,83,118
Total,State - TAMIL NADU,Christian,Age not stated,3922,1975,1947,1062,681,381,281,143,138,115,57,58,2579,1151,1428,95,44,51
Total,State - TAMIL NADU,Christian,15-59,2922897,1426059,1496838,1428671,987388,441283,224314,120148,104166,87777,50095,37682,1269912,318523,951389,265270,93233,172037
Total,State - TAMIL NADU,Christian,60+,484246,230928,253318,131479,94573,36906,30169,17440,12729,4167,2534,1633,322598,118915,203683,5079,2082,2997
Total,State - TAMIL NADU,Sikh,Total,14601,8088,6513,5583,4381,1202,886,499,387,313,190,123,8132,3208,4924,791,324,467
Total,State - TAMIL NADU,Sikh,5-9,1127,609,518,14,6,8,20,12,8,6,6,0,1093,591,502,10,8,2
Total,State - TAMIL NADU,Sikh,10-14,1059,569,490,21,14,7,35,16,19,14,5,9,1003,539,464,24,11,13
Total,State - TAMIL NADU,Sikh,15-19,1204,696,508,184,134,50,83,53,30,50,34,16,937,509,428,150,78,72
Total,State - TAMIL NADU,Sikh,20-24,1491,846,645,543,402,141,111,59,52,54,29,25,837,385,452,256,144,112
Total,State - TAMIL NADU,Sikh,25-29,1382,741,641,715,577,138,114,56,58,41,28,13,553,108,445,143,43,100
Total,State - TAMIL NADU,Sikh,30-34,1275,709,566,784,620,164,91,53,38,32,20,12,400,36,364,69,11,58
Total,State - TAMIL NADU,Sikh,35-39,1209,686,523,777,611,166,83,45,38,26,11,15,349,30,319,53,9,44
Total,State - TAMIL NADU,Sikh,40-49,1953,1148,805,1276,1009,267,165,98,67,54,39,15,512,41,471,51,11,40
Total,State - TAMIL NADU,Sikh,50-59,1299,709,590,749,599,150,92,51,41,21,12,9,458,59,399,20,5,15
Total,State - TAMIL NADU,Sikh,60-69,882,461,421,356,275,81,58,39,19,9,4,5,468,147,321,12,4,8
Total,State - TAMIL NADU,Sikh,70-79,404,219,185,119,99,20,25,12,13,4,2,2,260,108,152,2,0,2
Total,State - TAMIL NADU,Sikh,80+,143,71,72,26,21,5,7,3,4,2,0,2,110,47,63,0,0,0
Total,State - TAMIL NADU,Sikh,Age not stated,73,41,32,19,14,5,2,2,0,0,0,0,52,25,27,1,0,1
Total,State - TAMIL NADU,Sikh,15-59,9813,5535,4278,5028,3952,1076,739,415,324,278,173,105,4046,1168,2878,742,301,441
Total,State - TAMIL NADU,Sikh,60+,1429,751,678,501,395,106,90,54,36,15,6,9,838,302,536,14,4,10
Total,State - TAMIL NADU,Buddhist,Total,11186,5976,5210,3744,2893,851,557,312,245,185,114,71,6885,2771,4114,574,256,318
Total,State - TAMIL NADU,Buddhist,5-9,979,523,456,8,4,4,16,10,6,5,3,2,955,509,446,8,5,3
Total,State - TAMIL NADU,Buddhist,10-14,985,517,468,15,11,4,21,13,8,1,0,1,949,493,456,7,3,4
Total,State - TAMIL NADU,Buddhist,15-19,1096,586,510,123,96,27,51,27,24,17,10,7,922,463,459,124,67,57
Total,State - TAMIL NADU,Buddhist,20-24,1258,723,535,438,328,110,79,47,32,41,29,12,741,348,393,193,104,89
Total,State - TAMIL NADU,Buddhist,25-29,1079,580,499,553,441,112,74,42,32,31,16,15,452,97,355,104,33,71
Total,State - TAMIL NADU,Buddhist,30-34,946,503,443,524,415,109,55,34,21,27,18,9,367,54,313,61,22,39
Total,State - TAMIL NADU,Buddhist,35-39,817,452,365,517,408,109,49,31,18,25,15,10,251,13,238,20,5,15
Total,State - TAMIL NADU,Buddhist,40-49,1273,666,607,793,590,203,98,45,53,22,13,9,382,31,351,28,5,23
Total,State - TAMIL NADU,Buddhist,50-59,844,459,385,478,374,104,66,33,33,10,7,3,300,52,248,17,7,10
Total,State - TAMIL NADU,Buddhist,60-69,561,277,284,220,164,56,32,19,13,4,2,2,309,94,215,9,4,5
Total,State - TAMIL NADU,Buddhist,70-79,254,127,127,58,50,8,16,11,5,2,1,1,180,66,114,2,1,1
Total,State - TAMIL NADU,Buddhist,80+,117,43,74,14,11,3,0,0,0,0,0,0,103,32,71,0,0,0
Total,State - TAMIL NADU,Buddhist,Age not stated,17,8,9,3,1,2,0,0,0,0,0,0,14,7,7,1,0,1
Total,State - TAMIL NADU,Buddhist,15-59,7313,3969,3344,3426,2652,774,472,259,213,173,108,65,3415,1058,2357,547,243,304
Total,State - TAMIL NADU,Buddhist,60+,932,447,485,292,225,67,48,30,18,6,3,3,592,192,400,11,5,6
Total,State - TAMIL NADU,Jain,Total,89265,45605,43660,28409,25375,3034,2779,1593,1186,762,468,294,58077,18637,39440,3835,1422,2413
Total,State - TAMIL NADU,Jain,5-9,6836,3561,3275,55,33,22,105,51,54,20,7,13,6676,3477,3199,48,19,29
Total,State - TAMIL NADU,Jain,10-14,7079,3739,3340,101,75,26,147,85,62,30,19,11,6831,3579,3252,42,23,19
Total,State - TAMIL NADU,Jain,15-19,7325,3950,3375,485,375,110,198,109,89,74,34,40,6642,3466,3176,795,434,361
Total,State - TAMIL NADU,Jain,20-24,7529,3831,3698,2294,1907,387,334,185,149,169,92,77,4901,1739,3162,1137,538,599
Total,State - TAMIL NADU,Jain,25-29,8066,4067,3999,3769,3339,430,310,177,133,120,70,50,3987,551,3436,710,179,531
Total,State - TAMIL NADU,Jain,30-34,8405,4147,4258,4072,3682,390,315,189,126,110,74,36,4018,276,3742,398,90,308
Total,State - TAMIL NADU,Jain,35-39,7796,4004,3792,4047,3666,381,292,170,122,72,49,23,3457,168,3289,289,44,245
Total,State - TAMIL NADU,Jain,40-49,12423,6352,6071,6554,5890,664,450,257,193,91,66,25,5419,205,5214,248,43,205
Total,State - TAMIL NADU,Jain,50-59,8402,4284,4118,4164,3781,383,319,175,144,46,33,13,3919,328,3591,77,20,57
Total,State - TAMIL NADU,Jain,60-69,5428,2737,2691,2076,1892,184,178,107,71,25,21,4,3174,738,2436,71,24,47
Total,State - TAMIL NADU,Jain,70-79,2573,1271,1302,621,582,39,100,69,31,4,2,2,1852,620,1232,16,7,9
Total,State - TAMIL NADU,Jain,80+,1040,424,616,154,138,16,29,18,11,1,1,0,857,268,589,2,1,1
Total,State - TAMIL NADU,Jain,Age not stated,110,52,58,17,15,2,2,1,1,0,0,0,91,36,55,2,0,2
Total,State - TAMIL NADU,Jain,15-59,59946,30635,29311,25385,22640,2745,2218,1262,956,682,418,264,32343,6733,25610,3654,1348,2306
Total,State - TAMIL NADU,Jain,60+,9041,4432,4609,2851,2612,239,307,194,113,30,24,6,5883,1626,4257,89,32,57
Total,State - TAMIL NADU,Other religious communities,Total,7414,3781,3633,2590,1912,678,451,227,224,142,81,61,4373,1642,2731,305,138,167
Total,State - TAMIL NADU,Other religious communities,5-9,609,338,271,5,2,3,10,5,5,2,2,0,594,331,263,1,0,1
Total,State - TAMIL NADU,Other religious communities,10-14,543,260,283,24,12,12,16,8,8,1,0,1,503,240,263,2,1,1
Total,State - TAMIL NADU,Other religious communities,15-19,578,280,298,80,44,36,25,11,14,9,3,6,473,225,248,49,27,22
Total,State - TAMIL NADU,Other religious communities,20-24,739,391,348,259,200,59,63,37,26,31,19,12,417,154,263,106,62,44
Total,State - TAMIL NADU,Other religious communities,25-29,705,343,362,338,247,91,55,25,30,23,12,11,312,71,241,55,21,34
Total,State - TAMIL NADU,Other religious communities,30-34,605,317,288,346,258,88,45,29,16,21,14,7,214,30,184,30,8,22
Total,State - TAMIL NADU,Other religious communities,35-39,613,329,284,348,266,82,53,24,29,19,10,9,212,39,173,28,8,20
Total,State - TAMIL NADU,Other religious communities,40-49,948,493,455,560,414,146,73,39,34,21,14,7,315,40,275,21,5,16
Total,State - TAMIL NADU,Other religious communities,50-59,692,355,337,371,280,91,54,26,28,8,5,3,267,49,218,8,4,4
Total,State - TAMIL NADU,Other religious communities,60-69,469,225,244,179,126,53,37,15,22,4,1,3,253,84,169,3,1,2
Total,State - TAMIL NADU,Other religious communities,70-79,266,144,122,62,54,8,9,3,6,1,0,1,195,87,108,2,1,1
Total,State - TAMIL NADU,Other religious communities,80+,111,49,62,14,6,8,6,2,4,2,1,1,91,41,50,0,0,0
Total,State - TAMIL NADU,Other religious communities,Age not stated,25,14,11,4,3,1,5,3,2,0,0,0,16,8,8,0,0,0
Total,State - TAMIL NADU,Other religious communities,15-59,4880,2508,2372,2302,1709,593,368,191,177,132,77,55,2210,608,1602,297,135,162
Total,State - TAMIL NADU,Other religious communities,60+,846,418,428,255,186,69,52,20,32,7,2,5,539,212,327,5,2,3
Rural,State - TAMIL NADU,All religious communities,Total,37229590,18679065,18550525,15339116,9552474,5786642,3522214,1662061,1860153,1153666,628601,525065,18368260,7464530,10903730,1487931,623380,864551
Rural,State - TAMIL NADU,All religious communities,5-9,2968536,1528954,1439582,22187,11926,10261,22522,11317,11205,6160,3213,2947,2923827,1505711,1418116,16284,8446,7838
Rural,State - TAMIL NADU,All religious communities,10-14,3325160,1726166,1598994,69636,40360,29276,43403,22363,21040,12693,6845,5848,3212121,1663443,1548678,33399,18109,15290
Rural,State - TAMIL NADU,All religious communities,15-19,3373098,1765233,1607865,624268,383963,240305,203274,110031,93243,91835,52849,38986,2545556,1271239,1274317,408453,221822,186631
Rural,State - TAMIL NADU,All religious communities,20-24,3315234,1658770,1656464,1437974,921940,516034,382919,197115,185804,189977,109269,80708,1494341,539715,954626,468787,219655,249132
Rural,State - TAMIL NADU,All religious communities,25-29,3360498,1652498,1708000,1969078,1259618,709460,456797,216599,240198,202512,110589,91923,934623,176281,758342,265762,91094,174668
Rural,State - TAMIL NADU,All religious communities,30-34,2825218,1419512,1405706,1863153,1177906,685247,397980,181374,216606,149623,81208,68415,564085,60232,503853,105451,25754,79697
Rural,State - TAMIL NADU,All religious communities,35-39,2894635,1375375,1519260,1981630,1164915,816715,424799,176821,247978,145374,73325,72049,488206,33639,454567,67997,10731,57266
Rural,State - TAMIL NADU,All religious communities,40-49,4879201,2431947,2447254,3383506,2060123,1323383,701743,311267,390476,192783,102473,90310,793952,60557,733395,61067,10382,50685
Rural,State - TAMIL NADU,All religious communities,50-59,3441153,1691585,1749568,2231746,1378003,853743,469532,214827,254705,98627,52501,46126,739875,98755,641120,30985,7055,23930
Rural,State - TAMIL NADU,All religious communities,60-69,2507023,1217061,1289962,1270126,810666,459460,300399,150306,150093,48904,27020,21884,936498,256089,680409,21449,7085,14364
Rural,State - TAMIL NADU,All religious communities,70-79,1136410,571275,565135,398150,281347,116803,95892,56476,39416,12095,7505,4590,642368,233452,408916,6492,2451,4041
Rural,State - TAMIL NADU,All religious communities,80+,385664,185450,200214,78707,56290,22417,20386,12326,8060,2409,1441,968,286571,116834,169737,1252,531,721
Rural,State - TAMIL NADU,All religious communities,Age not stated,35881,18620,17261,8955,5417,3538,2568,1239,1329,674,363,311,24358,11964,12394,553,265,288
Rural,State - TAMIL NADU,All religious communities,15-59,24089037,11994920,12094117,13491355,8346468,5144887,3037044,1408034,1629010,1070731,582214,488517,7560638,2240418,5320220,1408502,586493,822009
Rural,State - TAMIL NADU,All religious communities,60+,4029097,1973786,2055311,1746983,1148303,598680,416677,219108,197569,63408,35966,27442,1865437,606375,1259062,29193,10067,19126
Rural,State - TAMIL NADU,Hindu,Total,34548262,17358731,17189531,14431992,8922823,5509169,3321762,1557443,1764319,1085419,589146,496273,16794508,6878465,9916043,1346982,567085,779897
Rural,State - TAMIL NADU,Hindu,5-9,2747159,1415887,1331272,20876,11223,9653,20778,10436,10342,5706,2970,2736,2705505,1394228,1311277,14884,7743,7141
Rural,State - TAMIL NADU,Hindu,10-14,3083400,1602699,1480701,65899,37983,27916,40378,20795,19583,11753,6333,5420,2977123,1543921,1433202,30742,16709,14033
Rural,State - TAMIL NADU,Hindu,15-19,3124871,1638072,1486799,591538,361386,230152,192049,103478,88571,86579,49652,36927,2341284,1173208,1168076,374909,203590,171319
Rural,State - TAMIL NADU,Hindu,20-24,3066158,1537240,1528918,1353145,861822,491323,359974,184029,175945,177747,101944,75803,1353039,491389,861650,424902,199460,225442
Rural,State - TAMIL NADU,Hindu,25-29,3115575,1535454,1580121,1849103,1173198,675905,430790,202555,228235,190089,103334,86755,835682,159701,675981,238858,82491,156367
Rural,State - TAMIL NADU,Hindu,30-34,2615633,1317423,1298210,1744867,1094006,650861,374819,169425,205394,140431,75841,64590,495947,53992,441955,93552,23140,70412
Rural,State - TAMIL NADU,Hindu,35-39,2693090,1279261,1413829,1861994,1083946,778048,401505,165528,235977,136973,68611,68362,429591,29787,399804,60205,9392,50813
Rural,State - TAMIL NADU,Hindu,40-49,4545784,2269047,2276737,3181241,1922982,1258259,663049,292346,370703,182261,96579,85682,701494,53719,647775,53936,8959,44977
Rural,State - TAMIL NADU,Hindu,50-59,3204407,1577978,1626429,2100129,1288236,811893,442736,201552,241184,93314,49589,43725,661542,88190,573352,27856,6211,21645
Rural,State - TAMIL NADU,Hindu,60-69,2338345,1136810,1201535,1202550,763447,439103,283691,141445,142246,46234,25515,20719,852104,231918,620186,19529,6406,13123
Rural,State - TAMIL NADU,Hindu,70-79,1057091,532958,524133,377812,266316,111496,90480,53145,37335,11487,7112,4375,588799,213497,375302,5969,2262,3707
Rural,State - TAMIL NADU,Hindu,80+,358121,172958,185163,74784,53454,21330,19257,11633,7624,2273,1360,913,264080,107871,156209,1155,488,667
Rural,State - TAMIL NADU,Hindu,Age not stated,31216,16153,15063,8054,4824,3230,2256,1076,1180,572,306,266,20906,10253,10653,485,234,251
Rural,State - TAMIL NADU,Hindu,15-59,22365518,11154475,11211043,12682017,7785576,4896441,2864922,1318913,1546009,1007394,545550,461844,6818579,2049986,4768593,1274218,533243,740975
Rural,State - TAMIL NADU,Hindu,60+,3753557,1842726,1910831,1655146,1083217,571929,393428,206223,187205,59994,33987,26007,1704983,553286,1151697,26653,9156,17497
Rural,State - TAMIL NADU,Muslim,Total,993822,486373,507449,288870,230558,58312,52938,31286,21652,16963,11100,5863,652014,224529,427485,44125,19038,25087
Rural,State - TAMIL NADU,Muslim,5-9,90571,46262,44309,530,287,243,548,274,274,139,78,61,89493,45701,43792,543,284,259
Rural,State - TAMIL NADU,Muslim,10-14,93757,47779,45978,1454,963,491,983,514,469,305,164,141,91320,46302,45018,1106,584,522
Rural,State - TAMIL NADU,Muslim,15-19,96082,48947,47135,12894,9448,3446,3958,2446,1512,1709,1132,577,79230,37053,42177,11610,6464,5146
Rural,State - TAMIL NADU,Muslim,20-24,96172,45669,50503,30325,24219,6106,6917,4284,2633,3225,2203,1022,58930,17166,41764,13235,6752,6483
Rural,State - TAMIL NADU,Muslim,25-29,92436,42659,49777,40393,32790,7603,7321,4355,2966,3022,1996,1026,44722,5514,39208,7472,2585,4887
Rural,State - TAMIL NADU,Muslim,30-34,78034,37157,40877,38784,31216,7568,6303,3679,2624,2281,1488,793,32947,2262,30685,3315,783,2532
Rural,State - TAMIL NADU,Muslim,35-39,75603,35602,40001,38920,30560,8360,6367,3533,2834,2082,1303,779,30316,1509,28807,2491,464,2027
Rural,State - TAMIL NADU,Muslim,40-49,117356,57543,59813,61738,49318,12420,9619,5527,4092,2478,1602,876,45999,2698,43301,2524,506,2018
Rural,State - TAMIL NADU,Muslim,50-59,78312,38092,40220,37548,30274,7274,6052,3595,2457,1084,714,370,34712,4223,30489,987,300,687
Rural,State - TAMIL NADU,Muslim,60-69,54162,26135,28027,19568,15955,3613,3516,2193,1323,489,320,169,31078,7987,23091,617,232,385
Rural,State - TAMIL NADU,Muslim,70-79,23659,11182,12477,5460,4525,935,1080,715,365,115,74,41,17119,5942,11177,176,58,118
Rural,State - TAMIL NADU,Muslim,80+,8343,3542,4801,1090,871,219,234,151,83,29,23,6,7019,2520,4499,33,15,18
Rural,State - TAMIL NADU,Muslim,Age not stated,887,437,450,166,132,34,40,20,20,5,3,2,681,285,396,16,11,5
Rural,State - TAMIL NADU,Muslim,15-59,633995,305669,328326,260602,207825,52777,46537,27419,19118,15881,10438,5443,326856,70425,256431,41634,17854,23780
Rural,State - TAMIL NADU,Muslim,60+,86164,40859,45305,26118,21351,4767,4830,3059,1771,633,417,216,55216,16449,38767,826,305,521
Rural,State - TAMIL NADU,Christian,Total,1598616,790114,808502,593288,384069,209219,139003,69103,69900,48240,26635,21605,866325,336942,529383,90382,33760,56622
Rural,State - TAMIL NADU,Christian,5-9,122397,62374,60023,633,343,290,1074,541,533,285,149,136,120690,61490,59200,797,389,408
Rural,State - TAMIL NADU,Christian,10-14,139344,71242,68102,2073,1298,775,1821,940,881,578,316,262,135450,69004,66446,1476,778,698
Rural,State - TAMIL NADU,Christian,15-19,142503,72859,69644,18312,12221,6091,6542,3694,2848,3178,1833,1345,117649,56944,60705,19610,10159,9451
Rural,State - TAMIL NADU,Christian,20-24,143802,70921,72881,51371,33885,17486,14727,8030,6697,8389,4756,3633,77704,29006,48698,29029,12562,16467
Rural,State - TAMIL NADU,Christian,25-29,145077,70675,74402,76043,51334,24709,17505,9067,8438,8825,4936,3889,51529,10274,41255,18509,5615,12894
Rural,State - TAMIL NADU,Christian,30-34,125982,62277,63705,76611,50873,25738,15942,7822,8120,6504,3636,2868,33429,3582,29847,8119,1645,6474
Rural,State - TAMIL NADU,Christian,35-39,120871,58317,62554,77925,48859,29066,16093,7386,8707,5992,3230,2762,26853,2072,24781,5002,771,4231
Rural,State - TAMIL NADU,Christian,40-49,207748,101775,105973,135923,85201,50722,27726,12836,14890,7684,4118,3566,44099,3738,40361,4274,805,3469
Rural,State - TAMIL NADU,Christian,50-59,152159,72947,79212,90921,57707,33214,19840,9289,10551,4057,2107,1950,41398,5951,35447,1975,476,1499
Rural,State - TAMIL NADU,Christian,60-69,109561,52061,57500,46143,30177,15966,12612,6407,6205,2099,1147,952,50806,15477,35329,1181,400,781
Rural,State - TAMIL NADU,Christian,70-79,52935,25924,27011,14239,10061,4178,4103,2487,1616,472,308,164,34593,13376,21217,303,116,187
Rural,State - TAMIL NADU,Christian,80+,18032,8459,9573,2657,1845,812,844,515,329,100,56,44,14531,6099,8432,63,27,36
Rural,State - TAMIL NADU,Christian,Age not stated,1714,821,893,437,265,172,174,89,85,77,43,34,1103,467,636,44,17,27
Rural,State - TAMIL NADU,Christian,15-59,1038142,509771,528371,527106,340080,187026,118375,58124,60251,44629,24616,20013,392661,111567,281094,86518,32033,54485
Rural,State - TAMIL NADU,Christian,60+,180528,86444,94084,63039,42083,20956,17559,9409,8150,2671,1511,1160,99930,34952,64978,1547,543,1004
Rural,State - TAMIL NADU,Sikh,Total,4149,2256,1893,1648,1132,516,386,209,177,123,76,47,2115,915,1200,223,112,111
Rural,State - TAMIL NADU,Sikh,5-9,339,183,156,3,1,2,6,4,2,1,1,0,330,178,152,3,2,1
Rural,State - TAMIL NADU,Sikh,10-14,327,161,166,5,3,2,9,3,6,5,1,4,313,155,158,8,4,4
Rural,State - TAMIL NADU,Sikh,15-19,349,217,132,54,36,18,28,21,7,16,12,4,267,160,107,49,26,23
Rural,State - TAMIL NADU,Sikh,20-24,396,213,183,151,95,56,39,19,20,12,6,6,206,99,107,82,51,31
Rural,State - TAMIL NADU,Sikh,25-29,345,185,160,190,143,47,48,18,30,10,7,3,107,24,83,36,15,21
Rural,State - TAMIL NADU,Sikh,30-34,311,176,135,209,144,65,35,24,11,15,11,4,67,8,59,21,5,16
Rural,State - TAMIL NADU,Sikh,35-39,292,161,131,204,134,70,43,22,21,15,7,8,45,5,40,6,1,5
Rural,State - TAMIL NADU,Sikh,40-49,542,315,227,372,259,113,86,45,41,30,21,9,84,11,73,10,5,5
Rural,State - TAMIL NADU,Sikh,50-59,412,214,198,257,172,85,49,26,23,9,6,3,106,16,90,4,1,3
Rural,State - TAMIL NADU,Sikh,60-69,276,147,129,132,91,41,28,20,8,6,3,3,116,36,80,3,2,1
Rural,State - TAMIL NADU,Sikh,70-79,131,65,66,48,36,12,12,6,6,3,1,2,71,23,48,1,0,1
Rural,State - TAMIL NADU,Sikh,80+,50,26,24,14,11,3,2,0,2,1,0,1,34,15,19,0,0,0
Rural,State - TAMIL NADU,Sikh,Age not stated,39,22,17,9,7,2,1,1,0,0,0,0,29,14,15,0,0,0
Rural,State - TAMIL NADU,Sikh,15-59,2647,1481,1166,1437,983,454,328,175,153,107,70,37,882,323,559,208,104,104
Rural,State - TAMIL NADU,Sikh,60+,457,238,219,194,138,56,42,26,16,10,4,6,221,74,147,4,2,2
Rural,State - TAMIL NADU,Buddhist,Total,3285,1716,1569,1048,713,335,246,127,119,81,48,33,1991,876,1115,167,66,101
Rural,State - TAMIL NADU,Buddhist,5-9,318,164,154,4,3,1,1,0,1,0,0,0,313,161,152,2,2,0
Rural,State - TAMIL NADU,Buddhist,10-14,348,181,167,7,4,3,7,3,4,0,0,0,334,174,160,3,0,3
Rural,State - TAMIL NADU,Buddhist,15-19,387,204,183,40,30,10,17,11,6,10,7,3,330,163,167,42,22,20
Rural,State - TAMIL NADU,Buddhist,20-24,367,203,164,139,96,43,28,19,9,12,9,3,200,88,112,62,27,35
Rural,State - TAMIL NADU,Buddhist,25-29,263,144,119,134,102,32,31,15,16,11,4,7,98,27,71,32,12,20
Rural,State - TAMIL NADU,Buddhist,30-34,217,113,104,129,89,40,24,15,9,16,10,6,64,9,55,13,2,11
Rural,State - TAMIL NADU,Buddhist,35-39,197,114,83,136,97,39,24,15,9,14,7,7,37,2,35,4,0,4
Rural,State - TAMIL NADU,Buddhist,40-49,345,165,180,220,137,83,51,19,32,12,7,5,74,9,65,5,0,5
Rural,State - TAMIL NADU,Buddhist,50-59,234,117,117,132,85,47,39,18,21,3,3,0,63,14,49,2,1,1
Rural,State - TAMIL NADU,Buddhist,60-69,171,70,101,80,49,31,15,5,10,2,0,2,76,16,60,2,0,2
Rural,State - TAMIL NADU,Buddhist,70-79,86,46,40,22,18,4,9,7,2,1,1,0,55,21,34,0,0,0
Rural,State - TAMIL NADU,Buddhist,80+,32,12,20,5,3,2,0,0,0,0,0,0,27,9,18,0,0,0
Rural,State - TAMIL NADU,Buddhist,Age not stated,6,2,4,0,0,0,0,0,0,0,0,0,6,2,4,0,0,0
Rural,State - TAMIL NADU,Buddhist,15-59,2010,1060,950,930,636,294,214,112,102,78,47,31,866,312,554,160,64,96
Rural,State - TAMIL NADU,Buddhist,60+,289,128,161,107,70,37,24,12,12,3,1,2,158,46,112,2,0,2
Rural,State - TAMIL NADU,Jain,Total,10084,5044,5040,3383,2610,773,760,439,321,207,145,62,5941,1995,3946,611,197,414
Rural,State - TAMIL NADU,Jain,5-9,622,327,295,5,3,2,9,4,5,1,0,1,608,320,288,11,5,6
Rural,State - TAMIL NADU,Jain,10-14,680,353,327,6,3,3,11,5,6,1,0,1,663,345,318,7,3,4
Rural,State - TAMIL NADU,Jain,15-19,713,348,365,66,44,22,20,13,7,10,6,4,627,291,336,138,68,70
Rural,State - TAMIL NADU,Jain,20-24,688,363,325,233,176,57,49,33,16,30,19,11,406,154,252,134,58,76
Rural,State - TAMIL NADU,Jain,25-29,766,407,359,392,312,80,63,36,27,36,27,9,311,59,252,93,21,72
Rural,State - TAMIL NADU,Jain,30-34,764,400,364,404,329,75,83,47,36,41,25,16,277,24,253,72,13,59
Rural,State - TAMIL NADU,Jain,35-39,778,400,378,435,329,106,90,53,37,31,22,9,253,18,235,37,6,31
Rural,State - TAMIL NADU,Jain,40-49,1383,667,716,740,550,190,160,87,73,30,21,9,483,30,453,70,11,59
Rural,State - TAMIL NADU,Jain,50-59,1160,546,614,560,440,120,120,68,52,19,18,1,480,38,442,22,5,17
Rural,State - TAMIL NADU,Jain,60-69,960,440,520,325,235,90,88,46,42,7,6,1,547,159,388,21,6,15
Rural,State - TAMIL NADU,Jain,70-79,665,344,321,167,146,21,53,37,16,0,0,0,445,161,284,5,1,4
Rural,State - TAMIL NADU,Jain,80+,319,149,170,50,43,7,14,10,4,1,1,0,255,96,159,0,0,0
Rural,State - TAMIL NADU,Jain,Age not stated,7,4,3,0,0,0,0,0,0,0,0,0,7,4,3,1,0,1
Rural,State - TAMIL NADU,Jain,15-59,6252,3131,3121,2830,2180,650,585,337,248,197,138,59,2837,614,2223,566,182,384
Rural,State - TAMIL NADU,Jain,60+,1944,933,1011,542,424,118,155,93,62,8,7,1,1247,416,831,26,7,19
Rural,State - TAMIL NADU,Other religious communities,Total,2587,1227,1360,812,499,313,242,112,130,73,39,34,1533,616,917,65,36,29
Rural,State - TAMIL NADU,Other religious communities,5-9,229,125,104,2,1,1,3,2,1,1,1,0,224,122,102,0,0,0
Rural,State - TAMIL NADU,Other religious communities,10-14,241,105,136,9,3,6,12,6,6,1,0,1,220,96,124,1,1,0
Rural,State - TAMIL NADU,Other religious communities,15-19,190,85,105,27,15,12,16,8,8,4,2,2,147,62,85,12,6,6
Rural,State - TAMIL NADU,Other religious communities,20-24,266,136,130,85,57,28,42,23,19,21,12,9,139,56,83,26,20,6
Rural,State - TAMIL NADU,Other religious communities,25-29,224,99,125,93,57,36,23,11,12,11,7,4,108,31,77,13,5,8
Rural,State - TAMIL NADU,Other religious communities,30-34,174,81,93,97,56,41,18,11,7,7,4,3,59,14,45,4,1,3
Rural,State - TAMIL NADU,Other religious communities,35-39,186,87,99,92,61,31,30,9,21,10,3,7,64,17,47,5,1,4
Rural,State - TAMIL NADU,Other religious communities,40-49,303,136,167,173,102,71,34,13,21,8,5,3,96,21,75,2,1,1
Rural,State - TAMIL NADU,Other religious communities,50-59,245,120,125,127,81,46,29,16,13,5,4,1,89,23,66,1,1,0
Rural,State - TAMIL NADU,Other religious communities,60-69,200,84,116,75,41,34,22,8,14,4,1,3,103,35,68,0,0,0
Rural,State - TAMIL NADU,Other religious communities,70-79,118,60,58,25,21,4,6,2,4,0,0,0,87,37,50,1,0,1
Rural,State - TAMIL NADU,Other religious communities,80+,55,30,25,7,4,3,3,1,2,1,0,1,45,25,20,0,0,0
Rural,State - TAMIL NADU,Other religious communities,Age not stated,6,3,3,0,0,0,4,2,2,0,0,0,2,1,1,0,0,0
Rural,State - TAMIL NADU,Other religious communities,15-59,1588,744,844,694,429,265,192,91,101,66,37,29,702,224,478,63,35,28
Rural,State - TAMIL NADU,Other religious communities,60+,373,174,199,107,66,41,31,11,20,5,1,4,235,97,138,1,0,1
Urban,State - TAMIL NADU,All religious communities,Total,34917440,17458910,17458530,12603065,9408720,3194345,1420286,811723,608563,471751,284163,187588,20894089,7238467,13655622,1798541,661387,1137154
Urban,State - TAMIL NADU,All religious communities,5-9,2582719,1322339,1260380,15943,9015,6928,27688,13993,13695,6886,3535,3351,2539088,1299331,1239757,17215,8965,8250
Urban,State - TAMIL NADU,All religious communities,10-14,2852387,1462824,1389563,43671,27713,15958,39182,20224,18958,11031,5808,5223,2769534,1414887,1354647,31744,17011,14733
Urban,State - TAMIL NADU,All religious communities,15-19,2880694,1464605,1416089,360981,242284,118697,96400,54906,41494,46596,27147,19449,2423313,1167415,1255898,357444,196010,161434
Urban,State - TAMIL NADU,All religious communities,20-24,3096309,1496034,1600275,1083645,772788,310857,176986,103366,73620,97845,58953,38892,1835678,619880,1215798,538018,246658,291360
Urban,State - TAMIL NADU,All religious communities,25-29,3303248,1584876,1718372,1685345,1266009,419336,189673,109968,79705,89182,53440,35742,1428230,208899,1219331,361883,103418,258465
Urban,State - TAMIL NADU,All religious communities,30-34,2990342,1489237,1501105,1738481,1316079,422402,164452,93325,71127,60450,36200,24250,1087409,79833,1007576,175670,32188,143482
Urban,State - TAMIL NADU,All religious communities,35-39,2941821,1439830,1501991,1789474,1304190,485284,162740,87937,74803,53168,31405,21763,989607,47703,941904,128213,15420,112793
Urban,State - TAMIL NADU,All religious communities,40-49,4898064,2492814,2405250,3022874,2260320,762554,260590,148014,112576,63349,40136,23213,1614600,84480,1530120,112406,16510,95896
Urban,State - TAMIL NADU,All religious communities,50-59,3363449,1724902,1638547,1872351,1451616,420735,165690,97215,68475,27294,17555,9739,1325408,176071,1149337,42688,11096,31592
Urban,State - TAMIL NADU,All religious communities,60-69,2143955,1057390,1086565,732453,558997,173456,95030,56766,38264,11699,7433,4266,1316472,441627,874845,25812,11006,14806
Urban,State - TAMIL NADU,All religious communities,70-79,980360,475638,504722,207533,161661,45872,32209,20234,11975,3056,1905,1151,740618,293743,446875,5535,2252,3283
Urban,State - TAMIL NADU,All religious communities,80+,356346,154412,201934,42432,32386,10046,8261,4981,3280,838,459,379,305653,117045,188608,1319,506,813
Urban,State - TAMIL NADU,All religious communities,Age not stated,30924,16050,14874,7882,5662,2220,1385,794,591,357,187,170,21657,9594,12063,594,347,247
Urban,State - TAMIL NADU,All religious communities,15-59,23473927,11692298,11781629,11553151,8613286,2939865,1216531,694731,521800,437884,264836,173048,10704245,2384281,8319964,1716322,621300,1095022
Urban,State - TAMIL NADU,All religious communities,60+,3480661,1687440,1793221,982418,753044,229374,135500,81981,53519,15593,9797,5796,2362743,852415,1510328,32666,13764,18902
Urban,State - TAMIL NADU,Hindu,Total,28639906,14356315,14283591,10585929,7828703,2757226,1181833,666114,515719,388103,231562,156541,16872144,5861498,11010646,1446631,529010,917621
Urban,State - TAMIL NADU,Hindu,5-9,2074410,1062456,1011954,12998,7342,5656,22007,11103,10904,5462,2782,2680,2039405,1044011,995394,13568,7092,6476
Urban,State - TAMIL NADU,Hindu,10-14,2315856,1189626,1126230,36443,22884,13559,31604,16279,15325,8902,4678,4224,2247809,1150463,1097346,25351,13571,11780
Urban,State - TAMIL NADU,Hindu,15-19,2346715,1197484,1149231,303271,200732,102539,79553,45044,34509,38387,22190,16197,1963891,951708,1012183,287452,157425,130027
Urban,State - TAMIL NADU,Hindu,20-24,2521989,1224710,1297279,904150,637569,266581,145769,84534,61235,80058,47965,32093,1472070,502607,969463,433453,197607,235846
Urban,State - TAMIL NADU,Hindu,25-29,2703818,1303410,1400408,1405341,1045347,359994,156860,89874,66986,72998,43330,29668,1141617,168189,973428,292313,82795,209518
Urban,State - TAMIL NADU,Hindu,30-34,2452029,1225523,1226506,1449648,1086053,363595,136292,76071,60221,49517,29344,20173,866089,63399,802690,141012,25694,115318
Urban,State - TAMIL NADU,Hindu,35-39,2429831,1189742,1240089,1500671,1080291,420380,136285,72117,64168,43919,25609,18310,792875,37334,755541,102675,11984,90691
Urban,State - TAMIL NADU,Hindu,40-49,4070001,2075909,1994092,2543902,1886945,656957,219038,122215,96823,52625,32894,19731,1307061,66749,1240312,89684,12554,77130
Urban,State - TAMIL NADU,Hindu,50-59,2799656,1441700,1357956,1580763,1218296,362467,138886,80082,58804,22823,14505,8318,1080007,143322,936685,34139,8849,25290
Urban,State - TAMIL NADU,Hindu,60-69,1785924,881742,904182,625245,471032,154213,80071,46902,33169,9857,6142,3715,1080608,363808,716800,20886,8900,11986
Urban,State - TAMIL NADU,Hindu,70-79,822313,400518,421795,180474,139692,40782,27368,17064,10304,2574,1598,976,614471,243762,370709,4547,1846,2701
Urban,State - TAMIL NADU,Hindu,80+,299402,130558,168844,36840,28116,8724,7000,4201,2799,700,375,325,255562,98241,157321,1091,415,676
Urban,State - TAMIL NADU,Hindu,Age not stated,22800,11808,10992,6183,4404,1779,1100,628,472,281,150,131,15517,6776,8741,460,278,182
Urban,State - TAMIL NADU,Hindu,15-59,19324039,9658478,9665561,9687746,7155233,2532513,1012683,569937,442746,360327,215837,144490,8623610,1933308,6690302,1380728,496908,883820
Urban,State - TAMIL NADU,Hindu,60+,2907639,1412818,1494821,842559,638840,203719,114439,68167,46272,13131,8115,5016,1950641,705811,1244830,26524,11161,15363
Urban,State - TAMIL NADU,Muslim,Total,3235657,1612809,1622848,984123,832423,151700,104541,67367,37174,33763,23140,10623,2146993,713019,1433974,150817,61198,89619
Urban,State - TAMIL NADU,Muslim,5-9,284278,145434,138844,1552,877,675,3008,1549,1459,687,382,305,279718,143008,136710,2051,1066,985
Urban,State - TAMIL NADU,Muslim,10-14,289447,147962,141485,4377,3015,1362,3986,2083,1903,1044,570,474,281084,142864,138220,3542,1958,1584
Urban,State - TAMIL NADU,Muslim,15-19,289921,144550,145371,36638,27173,9465,9019,5527,3492,4068,2642,1426,244264,111850,132414,34097,19375,14722
Urban,State - TAMIL NADU,Muslim,20-24,316303,148187,168116,99708,81560,18148,14532,9412,5120,7471,5123,2348,202063,57215,144848,46255,22705,23550
Urban,State - TAMIL NADU,Muslim,25-29,319320,150619,168701,144007,122699,21308,14601,9499,5102,6225,4293,1932,160712,18421,142291,28330,8735,19595
Urban,State - TAMIL NADU,Muslim,30-34,275290,136410,138880,141938,121160,20778,11977,7825,4152,4034,2823,1211,121375,7425,113950,12814,2554,10260
Urban,State - TAMIL NADU,Muslim,35-39,261481,129189,132292,139603,116981,22622,11496,7317,4179,3551,2502,1049,110382,4891,105491,9754,1400,8354
Urban,State - TAMIL NADU,Muslim,40-49,404719,207893,196826,220609,188518,32091,17448,11413,6035,4045,2933,1112,166662,7962,158700,8322,1456,6866
Urban,State - TAMIL NADU,Muslim,50-59,258975,133854,125121,127909,111671,16238,10489,7193,3296,1726,1245,481,120577,14990,105587,3318,983,2335
Urban,State - TAMIL NADU,Muslim,60-69,161045,80652,80393,51765,44984,6781,5630,3949,1681,657,475,182,103650,31719,71931,1822,759,1063
Urban,State - TAMIL NADU,Muslim,70-79,67094,32566,34528,12803,11108,1695,1791,1244,547,181,105,76,52500,20214,32286,397,165,232
Urban,State - TAMIL NADU,Muslim,80+,23354,9470,13884,2522,2085,437,469,293,176,52,35,17,20363,7092,13271,83,32,51
Urban,State - TAMIL NADU,Muslim,Age not stated,2846,1531,1315,692,592,100,95,63,32,22,12,10,2059,876,1183,32,10,22
Urban,State - TAMIL NADU,Muslim,15-59,2126009,1050702,1075307,910412,769762,140650,89562,58186,31376,31120,21561,9559,1126035,222754,903281,142890,57208,85682
Urban,State - TAMIL NADU,Muslim,60+,251493,122688,128805,67090,58177,8913,7890,5486,2404,890,615,275,176513,59025,117488,2302,956,1346
Urban,State - TAMIL NADU,Christian,Total,2819715,1381299,1438416,974196,702406,271790,123986,72818,51168,46280,27332,18948,1721533,606075,1115458,186511,64922,121589
Urban,State - TAMIL NADU,Christian,5-9,203858,103901,99957,1134,650,484,2269,1139,1130,641,329,312,200455,102112,98343,1483,753,730
Urban,State - TAMIL NADU,Christian,10-14,226716,114494,112222,2432,1542,890,3061,1570,1491,957,487,470,221223,111382,109841,2693,1403,1290
Urban,State - TAMIL NADU,Christian,15-19,223692,111765,111927,18440,12673,5767,6869,3803,3066,3729,2084,1645,198383,95289,103094,32989,17589,15400
Urban,State - TAMIL NADU,Christian,20-24,236251,111901,124350,73024,48780,24244,15120,8508,6612,9465,5337,4128,148107,54613,93494,54133,24254,29879
Urban,State - TAMIL NADU,Christian,25-29,258692,120436,138256,126854,90931,35923,16592,9629,6963,9185,5328,3857,115246,19876,95370,38361,10956,27405
Urban,State - TAMIL NADU,Christian,30-34,244421,118627,125794,138453,102259,36194,14997,8752,6245,6447,3763,2684,90971,7616,83355,20360,3456,16904
Urban,State - TAMIL NADU,Christian,35-39,234280,113471,120809,141515,100936,40579,14016,8019,5997,5395,3132,2263,78749,4516,74233,14738,1756,12982
Urban,State - TAMIL NADU,Christian,40-49,398483,197802,200681,246581,175654,70927,22762,13726,9036,6310,4096,2214,129140,8422,120718,13259,2003,11256
Urban,State - TAMIL NADU,Christian,50-59,288936,142286,146650,156698,116075,40623,15583,9587,5996,2617,1739,878,116655,16624,100031,4912,1186,3726
Urban,State - TAMIL NADU,Christian,60-69,186401,90474,95927,52201,40358,11843,8958,5718,3240,1133,785,348,125242,44398,80844,2856,1266,1590
Urban,State - TAMIL NADU,Christian,70-79,85926,40434,45492,13385,10113,3272,2913,1852,1061,283,193,90,69628,28469,41159,538,217,321
Urban,State - TAMIL NADU,Christian,80+,31391,13576,17815,2854,2019,835,739,461,278,80,45,35,27798,11096,16702,138,56,82
Urban,State - TAMIL NADU,Christian,Age not stated,2208,1154,1054,625,416,209,107,54,53,38,14,24,1476,684,792,51,27,24
Urban,State - TAMIL NADU,Christian,15-59,1884755,916288,968467,901565,647308,254257,105939,62024,43915,43148,25479,17669,877251,206956,670295,178752,61200,117552
Urban,State - TAMIL NADU,Christian,60+,303718,144484,159234,68440,52490,15950,12610,8031,4579,1496,1023,473,222668,83963,138705,3532,1539,1993
Urban,State - TAMIL NADU,Sikh,Total,10452,5832,4620,3935,3249,686,500,290,210,190,114,76,6017,2293,3724,568,212,356
Urban,State - TAMIL NADU,Sikh,5-9,788,426,362,11,5,6,14,8,6,5,5,0,763,413,350,7,6,1
Urban,State - TAMIL NADU,Sikh,10-14,732,408,324,16,11,5,26,13,13,9,4,5,690,384,306,16,7,9
Urban,State - TAMIL NADU,Sikh,15-19,855,479,376,130,98,32,55,32,23,34,22,12,670,349,321,101,52,49
Urban,State - TAMIL NADU,Sikh,20-24,1095,633,462,392,307,85,72,40,32,42,23,19,631,286,345,174,93,81
Urban,State - TAMIL NADU,Sikh,25-29,1037,556,481,525,434,91,66,38,28,31,21,10,446,84,362,107,28,79
Urban,State - TAMIL NADU,Sikh,30-34,964,533,431,575,476,99,56,29,27,17,9,8,333,28,305,48,6,42
Urban,State - TAMIL NADU,Sikh,35-39,917,525,392,573,477,96,40,23,17,11,4,7,304,25,279,47,8,39
Urban,State - TAMIL NADU,Sikh,40-49,1411,833,578,904,750,154,79,53,26,24,18,6,428,30,398,41,6,35
Urban,State - TAMIL NADU,Sikh,50-59,887,495,392,492,427,65,43,25,18,12,6,6,352,43,309,16,4,12
Urban,State - TAMIL NADU,Sikh,60-69,606,314,292,224,184,40,30,19,11,3,1,2,352,111,241,9,2,7
Urban,State - TAMIL NADU,Sikh,70-79,273,154,119,71,63,8,13,6,7,1,1,0,189,85,104,1,0,1
Urban,State - TAMIL NADU,Sikh,80+,93,45,48,12,10,2,5,3,2,1,0,1,76,32,44,0,0,0
Urban,State - TAMIL NADU,Sikh,Age not stated,34,19,15,10,7,3,1,1,0,0,0,0,23,11,12,1,0,1
Urban,State - TAMIL NADU,Sikh,15-59,7166,4054,3112,3591,2969,622,411,240,171,171,103,68,3164,845,2319,534,197,337
Urban,State - TAMIL NADU,Sikh,60+,972,513,459,307,257,50,48,28,20,5,2,3,617,228,389,10,2,8
Urban,State - TAMIL NADU,Buddhist,Total,7901,4260,3641,2696,2180,516,311,185,126,104,66,38,4894,1895,2999,407,190,217
Urban,State - TAMIL NADU,Buddhist,5-9,661,359,302,4,1,3,15,10,5,5,3,2,642,348,294,6,3,3
Urban,State - TAMIL NADU,Buddhist,10-14,637,336,301,8,7,1,14,10,4,1,0,1,615,319,296,4,3,1
Urban,State - TAMIL NADU,Buddhist,15-19,709,382,327,83,66,17,34,16,18,7,3,4,592,300,292,82,45,37
Urban,State - TAMIL NADU,Buddhist,20-24,891,520,371,299,232,67,51,28,23,29,20,9,541,260,281,131,77,54
Urban,State - TAMIL NADU,Buddhist,25-29,816,436,380,419,339,80,43,27,16,20,12,8,354,70,284,72,21,51
Urban,State - TAMIL NADU,Buddhist,30-34,729,390,339,395,326,69,31,19,12,11,8,3,303,45,258,48,20,28
Urban,State - TAMIL NADU,Buddhist,35-39,620,338,282,381,311,70,25,16,9,11,8,3,214,11,203,16,5,11
Urban,State - TAMIL NADU,Buddhist,40-49,928,501,427,573,453,120,47,26,21,10,6,4,308,22,286,23,5,18
Urban,State - TAMIL NADU,Buddhist,50-59,610,342,268,346,289,57,27,15,12,7,4,3,237,38,199,15,6,9
Urban,State - TAMIL NADU,Buddhist,60-69,390,207,183,140,115,25,17,14,3,2,2,0,233,78,155,7,4,3
Urban,State - TAMIL NADU,Buddhist,70-79,168,81,87,36,32,4,7,4,3,1,0,1,125,45,80,2,1,1
Urban,State - TAMIL NADU,Buddhist,80+,85,31,54,9,8,1,0,0,0,0,0,0,76,23,53,0,0,0
Urban,State - TAMIL NADU,Buddhist,Age not stated,11,6,5,3,1,2,0,0,0,0,0,0,8,5,3,1,0,1
Urban,State - TAMIL NADU,Buddhist,15-59,5303,2909,2394,2496,2016,480,258,147,111,95,61,34,2549,746,1803,387,179,208
Urban,State - TAMIL NADU,Buddhist,60+,643,319,324,185,155,30,24,18,6,3,2,1,434,146,288,9,5,4
Urban,State - TAMIL NADU,Jain,Total,79181,40561,38620,25026,22765,2261,2019,1154,865,555,323,232,52136,16642,35494,3224,1225,1999
Urban,State - TAMIL NADU,Jain,5-9,6214,3234,2980,50,30,20,96,47,49,19,7,12,6068,3157,2911,37,14,23
Urban,State - TAMIL NADU,Jain,10-14,6399,3386,3013,95,72,23,136,80,56,29,19,10,6168,3234,2934,35,20,15
Urban,State - TAMIL NADU,Jain,15-19,6612,3602,3010,419,331,88,178,96,82,64,28,36,6015,3175,2840,657,366,291
Urban,State - TAMIL NADU,Jain,20-24,6841,3468,3373,2061,1731,330,285,152,133,139,73,66,4495,1585,2910,1003,480,523
Urban,State - TAMIL NADU,Jain,25-29,7300,3660,3640,3377,3027,350,247,141,106,84,43,41,3676,492,3184,617,158,459
Urban,State - TAMIL NADU,Jain,30-34,7641,3747,3894,3668,3353,315,232,142,90,69,49,20,3741,252,3489,326,77,249
Urban,State - TAMIL NADU,Jain,35-39,7018,3604,3414,3612,3337,275,202,117,85,41,27,14,3204,150,3054,252,38,214
Urban,State - TAMIL NADU,Jain,40-49,11040,5685,5355,5814,5340,474,290,170,120,61,45,16,4936,175,4761,178,32,146
Urban,State - TAMIL NADU,Jain,50-59,7242,3738,3504,3604,3341,263,199,107,92,27,15,12,3439,290,3149,55,15,40
Urban,State - TAMIL NADU,Jain,60-69,4468,2297,2171,1751,1657,94,90,61,29,18,15,3,2627,579,2048,50,18,32
Urban,State - TAMIL NADU,Jain,70-79,1908,927,981,454,436,18,47,32,15,4,2,2,1407,459,948,11,6,5
Urban,State - TAMIL NADU,Jain,80+,721,275,446,104,95,9,15,8,7,0,0,0,602,172,430,2,1,1
Urban,State - TAMIL NADU,Jain,Age not stated,103,48,55,17,15,2,2,1,1,0,0,0,84,32,52,1,0,1
Urban,State - TAMIL NADU,Jain,15-59,53694,27504,26190,22555,20460,2095,1633,925,708,485,280,205,29506,6119,23387,3088,1166,1922
Urban,State - TAMIL NADU,Jain,60+,7097,3499,3598,2309,2188,121,152,101,51,22,17,5,4636,1210,3426,63,25,38
Urban,State - TAMIL NADU,Other religious communities,Total,4827,2554,2273,1778,1413,365,209,115,94,69,42,27,2840,1026,1814,240,102,138
Urban,State - TAMIL NADU,Other religious communities,5-9,380,213,167,3,1,2,7,3,4,1,1,0,370,209,161,1,0,1
Urban,State - TAMIL NADU,Other religious communities,10-14,302,155,147,15,9,6,4,2,2,0,0,0,283,144,139,1,0,1
Urban,State - TAMIL NADU,Other religious communities,15-19,388,195,193,53,29,24,9,3,6,5,1,4,326,163,163,37,21,16
Urban,State - TAMIL NADU,Other religious communities,20-24,473,255,218,174,143,31,21,14,7,10,7,3,278,98,180,80,42,38
Urban,State - TAMIL NADU,Other religious communities,25-29,481,244,237,245,190,55,32,14,18,12,5,7,204,40,164,42,16,26
Urban,State - TAMIL NADU,Other religious communities,30-34,431,236,195,249,202,47,27,18,9,14,10,4,155,16,139,26,7,19
Urban,State - TAMIL NADU,Other religious communities,35-39,427,242,185,256,205,51,23,15,8,9,7,2,148,22,126,23,7,16
Urban,State - TAMIL NADU,Other religious communities,40-49,645,357,288,387,312,75,39,26,13,13,9,4,219,19,200,19,4,15
Urban,State - TAMIL NADU,Other religious communities,50-59,447,235,212,244,199,45,25,10,15,3,1,2,178,26,152,7,3,4
Urban,State - TAMIL NADU,Other religious communities,60-69,269,141,128,104,85,19,15,7,8,0,0,0,150,49,101,3,1,2
Urban,State - TAMIL NADU,Other religious communities,70-79,148,84,64,37,33,4,3,1,2,1,0,1,108,50,58,1,1,0
Urban,State - TAMIL NADU,Other religious communities,80+,56,19,37,7,2,5,3,1,2,1,1,0,46,16,30,0,0,0
Urban,State - TAMIL NADU,Other religious communities,Age not stated,19,11,8,4,3,1,1,1,0,0,0,0,14,7,7,0,0,0
Urban,State - TAMIL NADU,Other religious communities,15-59,3292,1764,1528,1608,1280,328,176,100,76,66,40,26,1508,384,1124,234,100,134
Urban,State - TAMIL NADU,Other religious communities,60+,473,244,229,148,120,28,21,9,12,2,1,1,304,115,189,4,2,2
Total,State - PUDUCHERRY,All religious communities,Total,1247953,612511,635442,399689,306409,93280,45279,26522,18757,16806,10466,6340,802985,279580,523405,68665,25123,43542
Total,State - PUDUCHERRY,All religious communities,5-9,98717,50327,48390,464,242,222,304,174,130,76,45,31,97949,49911,48038,646,335,311
Total,State - PUDUCHERRY,All religious communities,10-14,105726,53936,51790,957,642,315,448,234,214,143,77,66,104321,53060,51261,1281,700,581
Total,State - PUDUCHERRY,All religious communities,15-19,102316,52231,50085,7894,5610,2284,1802,1154,648,970,619,351,92620,45467,47153,11095,5906,5189
Total,State - PUDUCHERRY,All religious communities,20-24,108819,51287,57532,31822,22793,9029,4783,2957,1826,2813,1787,1026,72214,25537,46677,21063,9782,11281
Total,State - PUDUCHERRY,All religious communities,25-29,118244,55052,63192,55829,42803,13026,6189,3740,2449,3189,2029,1160,56226,8509,47717,14781,4525,10256
Total,State - PUDUCHERRY,All religious communities,30-34,111070,53761,57309,60567,46918,13649,6052,3576,2476,2596,1623,973,44451,3267,41184,8050,1515,6535
Total,State - PUDUCHERRY,All religious communities,35-39,107459,52655,54804,62407,47291,15116,6233,3340,2893,2389,1398,991,38819,2024,36795,5085,698,4387
Total,State - PUDUCHERRY,All religious communities,40-49,169084,86107,82977,99875,77237,22638,9720,5430,4290,2911,1776,1135,59489,3440,56049,4177,732,3445
Total,State - PUDUCHERRY,All religious communities,50-59,111032,55473,55559,57640,45571,12069,5772,3420,2352,1161,750,411,47620,6482,41138,1452,449,1003
Total,State - PUDUCHERRY,All religious communities,60-69,71811,32652,39159,16820,13134,3686,2960,1834,1126,446,288,158,52031,17684,34347,731,339,392
Total,State - PUDUCHERRY,All religious communities,70-79,35310,15355,19955,4214,3269,945,792,517,275,75,49,26,30304,11569,18735,201,92,109
Total,State - PUDUCHERRY,All religious communities,80+,13315,5412,7903,965,714,251,174,114,60,20,15,5,12176,4584,7592,62,29,33
Total,State - PUDUCHERRY,All religious communities,Age not stated,1101,560,541,235,185,50,50,32,18,17,10,7,816,343,473,41,21,20
Total,State - PUDUCHERRY,All religious communities,15-59,828024,406566,421458,376034,288223,87811,40551,23617,16934,16029,9982,6047,411439,94726,316713,65703,23607,42096
Total,State - PUDUCHERRY,All religious communities,60+,120436,53419,67017,21999,17117,4882,3926,2465,1461,541,352,189,94511,33837,60674,994,460,534
Total,State - PUDUCHERRY,Hindu,Total,1089409,536701,552708,352785,269970,82815,40793,23803,16990,14993,9219,5774,695831,242928,452903,59980,21635,38345
Total,State - PUDUCHERRY,Hindu,5-9,86148,43876,42272,387,205,182,267,151,116,69,40,29,85494,43520,41974,538,279,259
Total,State - PUDUCHERRY,Hindu,10-14,92493,47136,45357,838,568,270,378,198,180,123,68,55,91277,46370,44907,1070,585,485
Total,State - PUDUCHERRY,Hindu,15-19,89297,45637,43660,7001,4945,2056,1586,1012,574,851,539,312,80710,39680,41030,9639,5080,4559
Total,State - PUDUCHERRY,Hindu,20-24,95103,45015,50088,28074,20033,8041,4240,2618,1622,2509,1571,938,62789,22364,40425,18475,8533,9942
Total,State - PUDUCHERRY,Hindu,25-29,103899,48568,55331,49399,37780,11619,5594,3381,2213,2869,1809,1060,48906,7407,41499,13058,3954,9104
Total,State - PUDUCHERRY,Hindu,30-34,97254,47347,49907,53540,41369,12171,5450,3204,2246,2300,1416,884,38264,2774,35490,7046,1274,5772
Total,State - PUDUCHERRY,Hindu,35-39,94374,46393,47981,55261,41721,13540,5646,2994,2652,2134,1227,907,33467,1678,31789,4382,567,3815
Total,State - PUDUCHERRY,Hindu,40-49,147932,75782,72150,88059,68031,20028,8812,4901,3911,2601,1561,1040,51061,2850,48211,3642,602,3040
Total,State - PUDUCHERRY,Hindu,50-59,96419,48536,47883,50570,40050,10520,5196,3071,2125,1043,671,372,40653,5415,35238,1237,348,889
Total,State - PUDUCHERRY,Hindu,60-69,62176,28429,33747,14829,11555,3274,2708,1670,1038,395,253,142,44639,15204,29435,629,286,343
Total,State - PUDUCHERRY,Hindu,70-79,30564,13412,17152,3750,2908,842,719,473,246,69,44,25,26095,10031,16064,175,81,94
Total,State - PUDUCHERRY,Hindu,80+,11524,4777,6747,870,642,228,152,102,50,16,12,4,10502,4033,6469,53,27,26
Total,State - PUDUCHERRY,Hindu,Age not stated,900,443,457,207,163,44,45,28,17,14,8,6,648,252,396,36,19,17
Total,State - PUDUCHERRY,Hindu,15-59,724278,357278,367000,331904,253929,77975,36524,21181,15343,14307,8794,5513,355850,82168,273682,57479,20358,37121
Total,State - PUDUCHERRY,Hindu,60+,104264,46618,57646,19449,15105,4344,3579,2245,1334,480,309,171,81236,29268,51968,857,394,463
Total,State - PUDUCHERRY,Muslim,Total,75556,36450,39106,18919,16966,1953,2052,1399,653,931,749,182,54585,18085,36500,4277,1883,2394
Total,State - PUDUCHERRY,Muslim,5-9,6582,3392,3190,39,18,21,19,12,7,6,5,1,6524,3362,3162,74,39,35
Total,State - PUDUCHERRY,Muslim,10-14,6626,3412,3214,57,34,23,35,20,15,7,4,3,6534,3358,3176,142,74,68
Total,State - PUDUCHERRY,Muslim,15-19,6440,3282,3158,420,346,74,124,81,43,74,49,25,5896,2855,3041,834,484,350
Total,State - PUDUCHERRY,Muslim,20-24,6966,3154,3812,1619,1400,219,265,179,86,163,128,35,5082,1575,3507,1329,671,658
Total,State - PUDUCHERRY,Muslim,25-29,6790,3005,3785,2602,2302,300,280,189,91,152,132,20,3908,514,3394,743,280,463
Total,State - PUDUCHERRY,Muslim,30-34,6587,3016,3571,2906,2619,287,261,182,79,145,119,26,3420,215,3205,427,102,325
Total,State - PUDUCHERRY,Muslim,35-39,6128,2946,3182,2907,2599,308,271,182,89,131,104,27,2950,165,2785,321,68,253
Total,State - PUDUCHERRY,Muslim,40-49,9488,4685,4803,4512,4140,372,402,272,130,162,136,26,4574,273,4301,245,68,177
Total,State - PUDUCHERRY,Muslim,50-59,6211,3061,3150,2646,2418,228,239,173,66,61,50,11,3326,470,2856,104,61,43
Total,State - PUDUCHERRY,Muslim,60-69,4201,1921,2280,956,868,88,118,85,33,25,19,6,3127,968,2159,48,30,18
Total,State - PUDUCHERRY,Muslim,70-79,1879,799,1080,189,164,25,29,21,8,4,3,1,1661,614,1047,7,4,3
Total,State - PUDUCHERRY,Muslim,80+,696,265,431,48,43,5,8,3,5,0,0,0,640,219,421,2,1,1
Total,State - PUDUCHERRY,Muslim,Age not stated,97,56,41,18,15,3,1,0,1,1,0,1,78,41,37,1,1,0
Total,State - PUDUCHERRY,Muslim,15-59,48610,23149,25461,17612,15824,1788,1842,1258,584,888,718,170,29156,6067,23089,4003,1734,2269
Total,State - PUDUCHERRY,Muslim,60+,6776,2985,3791,1193,1075,118,155,109,46,29,22,7,5428,1801,3627,57,35,22
Total,State - PUDUCHERRY,Christian,Total,78550,37157,41393,26701,18452,8249,2332,1270,1062,848,476,372,49517,17435,32082,4192,1512,2680
Total,State - PUDUCHERRY,Christian,5-9,5621,2851,2770,36,17,19,16,11,5,0,0,0,5569,2823,2746,33,17,16
Total,State - PUDUCHERRY,Christian,10-14,6198,3181,3017,60,40,20,34,16,18,12,5,7,6104,3125,2979,59,34,25
Total,State - PUDUCHERRY,Christian,15-19,6236,3125,3111,443,300,143,89,58,31,44,30,14,5704,2767,2937,592,328,264
Total,State - PUDUCHERRY,Christian,20-24,6388,2936,3452,2037,1289,748,264,151,113,135,83,52,4087,1496,2591,1187,538,649
Total,State - PUDUCHERRY,Christian,25-29,7167,3302,3865,3654,2582,1072,304,168,136,163,86,77,3209,552,2657,932,273,659
Total,State - PUDUCHERRY,Christian,30-34,6830,3212,3618,3918,2770,1148,325,180,145,145,85,60,2587,262,2325,549,133,416
Total,State - PUDUCHERRY,Christian,35-39,6618,3132,3486,4039,2806,1233,302,155,147,117,61,56,2277,171,2106,367,60,307
Total,State - PUDUCHERRY,Christian,40-49,11160,5372,5788,6994,4817,2177,491,252,239,146,78,68,3675,303,3372,284,59,225
Total,State - PUDUCHERRY,Christian,50-59,8059,3718,4341,4255,2963,1292,326,172,154,56,29,27,3478,583,2895,108,39,69
Total,State - PUDUCHERRY,Christian,60-69,5157,2192,2965,972,663,309,127,75,52,24,14,10,4058,1454,2604,54,23,31
Total,State - PUDUCHERRY,Christian,70-79,2721,1087,1634,250,179,71,40,22,18,2,2,0,2431,886,1545,18,7,11
Total,State - PUDUCHERRY,Christian,80+,1034,340,694,39,23,16,13,9,4,4,3,1,982,308,674,6,1,5
Total,State - PUDUCHERRY,Christian,Age not stated,58,33,25,4,3,1,1,1,0,0,0,0,53,29,24,3,0,3
Total,State - PUDUCHERRY,Christian,15-59,52458,24797,27661,25340,17527,7813,2101,1136,965,806,452,354,25017,6134,18883,4019,1430,2589
Total,State - PUDUCHERRY,Christian,60+,8912,3619,5293,1261,865,396,180,106,74,30,19,11,7471,2648,4823,78,31,47
Total,State - PUDUCHERRY,Sikh,Total,297,156,141,112,90,22,13,7,6,2,2,0,172,59,113,12,7,5
Total,State - PUDUCHERRY,Sikh,5-9,24,13,11,0,0,0,0,0,0,0,0,0,24,13,11,0,0,0
Total,State - PUDUCHERRY,Sikh,10-14,22,4,18,0,0,0,0,0,0,0,0,0,22,4,18,0,0,0
Total,State - PUDUCHERRY,Sikh,15-19,28,15,13,5,2,3,0,0,0,0,0,0,23,13,10,1,1,0
Total,State - PUDUCHERRY,Sikh,20-24,22,16,6,9,8,1,1,1,0,0,0,0,12,7,5,5,4,1
Total,State - PUDUCHERRY,Sikh,25-29,28,14,14,13,10,3,2,0,2,0,0,0,13,4,9,4,2,2
Total,State - PUDUCHERRY,Sikh,30-34,25,15,10,17,12,5,2,2,0,0,0,0,6,1,5,1,0,1
Total,State - PUDUCHERRY,Sikh,35-39,26,10,16,9,8,1,2,1,1,1,1,0,15,1,14,1,0,1
Total,State - PUDUCHERRY,Sikh,40-49,43,32,11,33,29,4,1,1,0,0,0,0,9,2,7,0,0,0
Total,State - PUDUCHERRY,Sikh,50-59,25,15,10,17,14,3,1,0,1,0,0,0,7,1,6,0,0,0
Total,State - PUDUCHERRY,Sikh,60-69,23,10,13,9,7,2,4,2,2,1,1,0,10,1,9,0,0,0
Total,State - PUDUCHERRY,Sikh,70-79,5,3,2,0,0,0,0,0,0,0,0,0,5,3,2,0,0,0
Total,State - PUDUCHERRY,Sikh,80+,3,1,2,0,0,0,0,0,0,0,0,0,3,1,2,0,0,0
Total,State - PUDUCHERRY,Sikh,Age not stated,1,0,1,0,0,0,0,0,0,0,0,0,1,0,1,0,0,0
Total,State - PUDUCHERRY,Sikh,15-59,197,117,80,103,83,20,9,5,4,1,1,0,85,29,56,12,7,5
Total,State - PUDUCHERRY,Sikh,60+,31,14,17,9,7,2,4,2,2,1,1,0,18,5,13,0,0,0
Total,State - PUDUCHERRY,Buddhist,Total,451,250,201,139,113,26,7,3,4,3,2,1,305,134,171,24,6,18
Total,State - PUDUCHERRY,Buddhist,5-9,29,21,8,0,0,0,0,0,0,0,0,0,29,21,8,0,0,0
Total,State - PUDUCHERRY,Buddhist,10-14,49,26,23,0,0,0,0,0,0,0,0,0,49,26,23,0,0,0
Total,State - PUDUCHERRY,Buddhist,15-19,43,26,17,3,3,0,0,0,0,0,0,0,40,23,17,4,2,2
Total,State - PUDUCHERRY,Buddhist,20-24,48,29,19,13,12,1,4,2,2,1,1,0,31,15,16,9,3,6
Total,State - PUDUCHERRY,Buddhist,25-29,45,23,22,25,21,4,0,0,0,0,0,0,20,2,18,4,1,3
Total,State - PUDUCHERRY,Buddhist,30-34,35,17,18,22,16,6,0,0,0,0,0,0,13,1,12,4,0,4
Total,State - PUDUCHERRY,Buddhist,35-39,31,20,11,20,20,0,0,0,0,0,0,0,11,0,11,2,0,2
Total,State - PUDUCHERRY,Buddhist,40-49,47,24,23,31,23,8,3,1,2,2,1,1,13,0,13,1,0,1
Total,State - PUDUCHERRY,Buddhist,50-59,28,17,11,20,16,4,0,0,0,0,0,0,8,1,7,0,0,0
Total,State - PUDUCHERRY,Buddhist,60-69,24,9,15,5,2,3,0,0,0,0,0,0,19,7,12,0,0,0
Total,State - PUDUCHERRY,Buddhist,70-79,15,8,7,0,0,0,0,0,0,0,0,0,15,8,7,0,0,0
Total,State - PUDUCHERRY,Buddhist,80+,6,2,4,0,0,0,0,0,0,0,0,0,6,2,4,0,0,0
Total,State - PUDUCHERRY,Buddhist,Age not stated,0,0,0,0,0,0,0,0,0,0,0,0,0,0,0,0,0,0
Total,State - PUDUCHERRY,Buddhist,15-59,277,156,121,134,111,23,7,3,4,3,2,1,136,42,94,24,6,18
Total,State - PUDUCHERRY,Buddhist,60+,45,19,26,5,2,3,0,0,0,0,0,0,40,17,23,0,0,0
Total,State - PUDUCHERRY,Jain,Total,1400,702,698,423,371,52,10,5,5,4,1,3,967,326,641,60,23,37
Total,State - PUDUCHERRY,Jain,5-9,111,60,51,0,0,0,0,0,0,0,0,0,111,60,51,1,0,1
Total,State - PUDUCHERRY,Jain,10-14,137,74,63,1,0,1,1,0,1,1,0,1,135,74,61,5,2,3
Total,State - PUDUCHERRY,Jain,15-19,96,51,45,2,2,0,0,0,0,0,0,0,94,49,45,11,6,5
Total,State - PUDUCHERRY,Jain,20-24,112,56,56,22,17,5,2,1,1,2,1,1,88,38,50,25,13,12
Total,State - PUDUCHERRY,Jain,25-29,114,48,66,49,42,7,1,0,1,1,0,1,64,6,58,9,1,8
Total,State - PUDUCHERRY,Jain,30-34,135,60,75,68,58,10,1,0,1,0,0,0,66,2,64,5,1,4
Total,State - PUDUCHERRY,Jain,35-39,130,69,61,76,67,9,0,0,0,0,0,0,54,2,52,4,0,4
Total,State - PUDUCHERRY,Jain,40-49,181,100,81,111,99,12,0,0,0,0,0,0,70,1,69,0,0,0
Total,State - PUDUCHERRY,Jain,50-59,122,61,61,58,53,5,2,2,0,0,0,0,62,6,56,0,0,0
Total,State - PUDUCHERRY,Jain,60-69,89,40,49,22,21,1,1,1,0,0,0,0,66,18,48,0,0,0
Total,State - PUDUCHERRY,Jain,70-79,38,19,19,11,10,1,2,1,1,0,0,0,25,8,17,0,0,0
Total,State - PUDUCHERRY,Jain,80+,12,6,6,2,1,1,0,0,0,0,0,0,10,5,5,0,0,0
Total,State - PUDUCHERRY,Jain,Age not stated,3,1,2,1,1,0,0,0,0,0,0,0,2,0,2,0,0,0
Total,State - PUDUCHERRY,Jain,15-59,890,445,445,386,338,48,6,3,3,3,1,2,498,104,394,54,21,33
Total,State - PUDUCHERRY,Jain,60+,139,65,74,35,32,3,3,2,1,0,0,0,101,31,70,0,0,0
Total,State - PUDUCHERRY,Other religious communities,Total,168,88,80,56,39,17,3,3,0,0,0,0,109,46,63,11,2,9
Total,State - PUDUCHERRY,Other religious communities,5-9,12,10,2,0,0,0,0,0,0,0,0,0,12,10,2,0,0,0
Total,State - PUDUCHERRY,Other religious communities,10-14,8,5,3,0,0,0,0,0,0,0,0,0,8,5,3,0,0,0
Total,State - PUDUCHERRY,Other religious communities,15-19,4,3,1,2,1,1,0,0,0,0,0,0,2,2,0,0,0,0
Total,State - PUDUCHERRY,Other religious communities,20-24,11,6,5,1,0,1,1,1,0,0,0,0,9,5,4,2,1,1
Total,State - PUDUCHERRY,Other religious communities,25-29,16,6,10,6,5,1,0,0,0,0,0,0,10,1,9,5,1,4
Total,State - PUDUCHERRY,Other religious communities,30-34,19,6,13,6,5,1,1,1,0,0,0,0,12,0,12,4,0,4
Total,State - PUDUCHERRY,Other religious communities,35-39,5,4,1,5,4,1,0,0,0,0,0,0,0,0,0,0,0,0
Total,State - PUDUCHERRY,Other religious communities,40-49,15,8,7,11,7,4,1,1,0,0,0,0,3,0,3,0,0,0
Total,State - PUDUCHERRY,Other religious communities,50-59,25,12,13,14,10,4,0,0,0,0,0,0,11,2,9,0,0,0
Total,State - PUDUCHERRY,Other religious communities,60-69,13,8,5,7,6,1,0,0,0,0,0,0,6,2,4,0,0,0
Total,State - PUDUCHERRY,Other religious communities,70-79,9,1,8,3,0,3,0,0,0,0,0,0,6,1,5,0,0,0
Total,State - PUDUCHERRY,Other religious communities,80+,5,2,3,1,1,0,0,0,0,0,0,0,4,1,3,0,0,0
Total,State - PUDUCHERRY,Other religious communities,Age not stated,1,1,0,0,0,0,0,0,0,0,0,0,1,1,0,0,0,0
Total,State - PUDUCHERRY,Other religious communities,15-59,95,45,50,45,32,13,3,3,0,0,0,0,47,10,37,11,2,9
Total,State - PUDUCHERRY,Other religious communities,60+,27,11,16,11,7,4,0,0,0,0,0,0,16,4,12,0,0,0
Rural,State - PUDUCHERRY,All religious communities,Total,395200,194907,200293,122188,91068,31120,25688,14637,11051,9312,5770,3542,247324,89202,158122,22103,8438,13665
Rural,State - PUDUCHERRY,All religious communities,5-9,32968,16810,16158,180,97,83,91,52,39,27,19,8,32697,16661,16036,151,82,69
Rural,State - PUDUCHERRY,All religious communities,10-14,35351,17972,17379,354,235,119,162,79,83,70,34,36,34835,17658,17177,374,201,173
Rural,State - PUDUCHERRY,All religious communities,15-19,34019,17394,16625,2898,2033,865,830,523,307,449,285,164,30291,14838,15453,4266,2271,1995
Rural,State - PUDUCHERRY,All religious communities,20-24,36272,17155,19117,10595,7593,3002,2346,1475,871,1360,874,486,23331,8087,15244,6991,3265,3726
Rural,State - PUDUCHERRY,All religious communities,25-29,38840,18442,20398,17773,13600,4173,3407,2030,1377,1700,1093,607,17660,2812,14848,4761,1540,3221
Rural,State - PUDUCHERRY,All religious communities,30-34,34114,16868,17246,18358,13947,4411,3378,1919,1459,1463,902,561,12378,1002,11376,2216,425,1791
Rural,State - PUDUCHERRY,All religious communities,35-39,32946,16190,16756,18774,13664,5110,3679,1925,1754,1406,816,590,10493,601,9892,1316,181,1135
Rural,State - PUDUCHERRY,All religious communities,40-49,50045,25580,24465,28895,21457,7438,5857,3141,2716,1725,1031,694,15293,982,14311,1170,194,976
Rural,State - PUDUCHERRY,All religious communities,50-59,32173,15896,16277,16171,12221,3950,3527,2019,1508,734,472,262,12475,1656,10819,472,128,344
Rural,State - PUDUCHERRY,All religious communities,60-69,21894,9776,12118,6061,4562,1499,1816,1097,719,295,191,104,14017,4117,9900,253,90,163
Rural,State - PUDUCHERRY,All religious communities,70-79,10597,4709,5888,1650,1300,350,454,284,170,56,34,22,8493,3125,5368,89,37,52
Rural,State - PUDUCHERRY,All religious communities,80+,3957,1747,2210,391,288,103,109,71,38,13,9,4,3457,1388,2069,24,14,10
Rural,State - PUDUCHERRY,All religious communities,Age not stated,498,258,240,88,71,17,32,22,10,14,10,4,378,165,213,20,10,10
Rural,State - PUDUCHERRY,All religious communities,15-59,258409,127525,130884,113464,84515,28949,23024,13032,9992,8837,5473,3364,121921,29978,91943,21192,8004,13188
Rural,State - PUDUCHERRY,All religious communities,60+,36448,16232,20216,8102,6150,1952,2379,1452,927,364,234,130,25967,8630,17337,366,141,225
Rural,State - PUDUCHERRY,Hindu,Total,370509,182944,187565,115169,85348,29821,24619,14016,10603,8894,5502,3392,230721,83580,147141,20842,7922,12920
Rural,State - PUDUCHERRY,Hindu,5-9,30839,15729,15110,163,92,71,85,51,34,25,19,6,30591,15586,15005,134,70,64
Rural,State - PUDUCHERRY,Hindu,10-14,33189,16859,16330,333,223,110,153,77,76,65,33,32,32703,16559,16144,343,184,159
Rural,State - PUDUCHERRY,Hindu,15-19,31980,16376,15604,2748,1907,841,795,498,297,427,268,159,28437,13971,14466,4005,2124,1881
Rural,State - PUDUCHERRY,Hindu,20-24,33964,16105,17859,9955,7084,2871,2233,1396,837,1291,825,466,21776,7625,14151,6628,3084,3544
Rural,State - PUDUCHERRY,Hindu,25-29,36544,17436,19108,16836,12831,4005,3258,1951,1307,1620,1045,575,16450,2654,13796,4528,1458,3070
Rural,State - PUDUCHERRY,Hindu,30-34,32046,15859,16187,17337,13080,4257,3250,1844,1406,1411,869,542,11459,935,10524,2080,394,1686
Rural,State - PUDUCHERRY,Hindu,35-39,30920,15192,15728,17744,12823,4921,3531,1827,1704,1345,772,573,9645,542,9103,1222,163,1059
Rural,State - PUDUCHERRY,Hindu,40-49,46941,24022,22919,27184,20060,7124,5658,3042,2616,1664,999,665,14099,920,13179,1102,183,919
Rural,State - PUDUCHERRY,Hindu,50-59,30105,14882,15223,15168,11424,3744,3349,1919,1430,689,446,243,11588,1539,10049,437,117,320
Rural,State - PUDUCHERRY,Hindu,60-69,20483,9120,11363,5697,4265,1432,1746,1052,694,280,178,102,13040,3803,9237,238,85,153
Rural,State - PUDUCHERRY,Hindu,70-79,9915,4415,5500,1545,1218,327,430,272,158,53,32,21,7940,2925,5015,85,37,48
Rural,State - PUDUCHERRY,Hindu,80+,3718,1640,2078,376,274,102,101,67,34,12,8,4,3241,1299,1942,22,13,9
Rural,State - PUDUCHERRY,Hindu,Age not stated,456,230,226,83,67,16,30,20,10,12,8,4,343,143,200,18,10,8
Rural,State - PUDUCHERRY,Hindu,15-59,242500,119872,122628,106972,79209,27763,22074,12477,9597,8447,5224,3223,113454,28186,85268,20002,7523,12479
Rural,State - PUDUCHERRY,Hindu,60+,34116,15175,18941,7618,5757,1861,2277,1391,886,345,218,127,24221,8027,16194,345,135,210
Rural,State - PUDUCHERRY,Muslim,Total,13132,6362,6770,3343,3055,288,399,292,107,173,145,28,9390,3015,6375,611,307,304
Rural,State - PUDUCHERRY,Muslim,5-9,1166,591,575,9,2,7,4,1,3,1,0,1,1153,588,565,16,12,4
Rural,State - PUDUCHERRY,Muslim,10-14,1158,594,564,13,7,6,4,2,2,1,1,0,1141,585,556,22,14,8
Rural,State - PUDUCHERRY,Muslim,15-19,1064,547,517,72,64,8,17,12,5,10,7,3,975,471,504,142,92,50
Rural,State - PUDUCHERRY,Muslim,20-24,1262,564,698,305,269,36,50,39,11,33,29,4,907,256,651,184,102,82
Rural,State - PUDUCHERRY,Muslim,25-29,1156,486,670,422,372,50,47,32,15,23,19,4,687,82,605,85,39,46
Rural,State - PUDUCHERRY,Muslim,30-34,1119,524,595,488,456,32,45,31,14,23,18,5,586,37,549,55,14,41
Rural,State - PUDUCHERRY,Muslim,35-39,1110,541,569,501,454,47,63,49,14,27,25,2,546,38,508,45,13,32
Rural,State - PUDUCHERRY,Muslim,40-49,1675,871,804,830,780,50,73,54,19,22,19,3,772,37,735,32,7,25
Rural,State - PUDUCHERRY,Muslim,50-59,1064,544,520,457,426,31,61,49,12,23,19,4,546,69,477,21,9,12
Rural,State - PUDUCHERRY,Muslim,60-69,734,336,398,186,171,15,23,15,8,7,6,1,525,150,375,8,4,4
Rural,State - PUDUCHERRY,Muslim,70-79,346,154,192,48,42,6,10,7,3,3,2,1,288,105,183,0,0,0
Rural,State - PUDUCHERRY,Muslim,80+,129,60,69,11,11,0,2,1,1,0,0,0,116,48,68,1,1,0
Rural,State - PUDUCHERRY,Muslim,Age not stated,13,8,5,1,1,0,0,0,0,0,0,0,12,7,5,0,0,0
Rural,State - PUDUCHERRY,Muslim,15-59,8450,4077,4373,3075,2821,254,356,266,90,161,136,25,5019,990,4029,564,276,288
Rural,State - PUDUCHERRY,Muslim,60+,1209,550,659,245,224,21,35,23,12,10,8,2,929,303,626,9,5,4
Rural,State - PUDUCHERRY,Christian,Total,11065,5337,5728,3554,2565,989,638,315,323,233,116,117,6873,2457,4416,631,196,435
Rural,State - PUDUCHERRY,Christian,5-9,913,457,456,7,2,5,0,0,0,0,0,0,906,455,451,1,0,1
Rural,State - PUDUCHERRY,Christian,10-14,946,492,454,8,5,3,4,0,4,3,0,3,934,487,447,8,2,6
Rural,State - PUDUCHERRY,Christian,15-19,937,451,486,73,59,14,17,12,5,11,9,2,847,380,467,113,51,62
Rural,State - PUDUCHERRY,Christian,20-24,1003,459,544,320,226,94,61,38,23,35,19,16,622,195,427,172,74,98
Rural,State - PUDUCHERRY,Christian,25-29,1101,502,599,496,381,115,99,47,52,56,29,27,506,74,432,144,41,103
Rural,State - PUDUCHERRY,Christian,30-34,917,469,448,519,401,118,77,39,38,26,13,13,321,29,292,80,16,64
Rural,State - PUDUCHERRY,Christian,35-39,882,436,446,506,367,139,82,48,34,34,19,15,294,21,273,49,5,44
Rural,State - PUDUCHERRY,Christian,40-49,1389,664,725,856,596,260,123,44,79,39,13,26,410,24,386,36,4,32
Rural,State - PUDUCHERRY,Christian,50-59,976,457,519,531,359,172,112,50,62,21,7,14,333,48,285,14,2,12
Rural,State - PUDUCHERRY,Christian,60-69,656,313,343,176,125,51,44,29,15,7,6,1,436,159,277,7,1,6
Rural,State - PUDUCHERRY,Christian,70-79,319,136,183,56,39,17,13,5,8,0,0,0,250,92,158,4,0,4
Rural,State - PUDUCHERRY,Christian,80+,105,44,61,4,3,1,6,3,3,1,1,0,95,38,57,1,0,1
Rural,State - PUDUCHERRY,Christian,Age not stated,16,11,5,2,2,0,0,0,0,0,0,0,14,9,5,2,0,2
Rural,State - PUDUCHERRY,Christian,15-59,7205,3438,3767,3301,2389,912,571,278,293,222,109,113,3333,771,2562,608,193,415
Rural,State - PUDUCHERRY,Christian,60+,1080,493,587,236,167,69,63,37,26,8,7,1,781,289,492,12,1,11
Rural,State - PUDUCHERRY,Sikh,Total,97,50,47,35,27,8,8,3,5,0,0,0,54,20,34,4,4,0
Rural,State - PUDUCHERRY,Sikh,5-9,5,4,1,0,0,0,0,0,0,0,0,0,5,4,1,0,0,0
Rural,State - PUDUCHERRY,Sikh,10-14,8,1,7,0,0,0,0,0,0,0,0,0,8,1,7,0,0,0
Rural,State - PUDUCHERRY,Sikh,15-19,10,4,6,1,0,1,0,0,0,0,0,0,9,4,5,1,1,0
Rural,State - PUDUCHERRY,Sikh,20-24,9,7,2,3,3,0,0,0,0,0,0,0,6,4,2,2,2,0
Rural,State - PUDUCHERRY,Sikh,25-29,9,3,6,3,2,1,2,0,2,0,0,0,4,1,3,1,1,0
Rural,State - PUDUCHERRY,Sikh,30-34,7,5,2,4,3,1,2,2,0,0,0,0,1,0,1,0,0,0
Rural,State - PUDUCHERRY,Sikh,35-39,9,5,4,5,5,0,0,0,0,0,0,0,4,0,4,0,0,0
Rural,State - PUDUCHERRY,Sikh,40-49,15,11,4,11,9,2,1,1,0,0,0,0,3,1,2,0,0,0
Rural,State - PUDUCHERRY,Sikh,50-59,10,4,6,7,4,3,1,0,1,0,0,0,2,0,2,0,0,0
Rural,State - PUDUCHERRY,Sikh,60-69,7,2,5,1,1,0,2,0,2,0,0,0,4,1,3,0,0,0
Rural,State - PUDUCHERRY,Sikh,70-79,1,1,0,0,0,0,0,0,0,0,0,0,1,1,0,0,0,0
Rural,State - PUDUCHERRY,Sikh,80+,1,0,1,0,0,0,0,0,0,0,0,0,1,0,1,0,0,0
Rural,State - PUDUCHERRY,Sikh,Age not stated,0,0,0,0,0,0,0,0,0,0,0,0,0,0,0,0,0,0
Rural,State - PUDUCHERRY,Sikh,15-59,69,39,30,34,26,8,6,3,3,0,0,0,29,10,19,4,4,0
Rural,State - PUDUCHERRY,Sikh,60+,9,3,6,1,1,0,2,0,2,0,0,0,6,2,4,0,0,0
Rural,State - PUDUCHERRY,Buddhist,Total,56,44,12,32,29,3,0,0,0,0,0,0,24,15,9,0,0,0
Rural,State - PUDUCHERRY,Buddhist,5-9,4,3,1,0,0,0,0,0,0,0,0,0,4,3,1,0,0,0
Rural,State - PUDUCHERRY,Buddhist,10-14,6,4,2,0,0,0,0,0,0,0,0,0,6,4,2,0,0,0
Rural,State - PUDUCHERRY,Buddhist,15-19,4,3,1,1,1,0,0,0,0,0,0,0,3,2,1,0,0,0
Rural,State - PUDUCHERRY,Buddhist,20-24,6,5,1,5,5,0,0,0,0,0,0,0,1,0,1,0,0,0
Rural,State - PUDUCHERRY,Buddhist,25-29,3,3,0,3,3,0,0,0,0,0,0,0,0,0,0,0,0,0
Rural,State - PUDUCHERRY,Buddhist,30-34,3,1,2,2,1,1,0,0,0,0,0,0,1,0,1,0,0,0
Rural,State - PUDUCHERRY,Buddhist,35-39,7,7,0,7,7,0,0,0,0,0,0,0,0,0,0,0,0,0
Rural,State - PUDUCHERRY,Buddhist,40-49,9,7,2,8,7,1,0,0,0,0,0,0,1,0,1,0,0,0
Rural,State - PUDUCHERRY,Buddhist,50-59,5,5,0,5,5,0,0,0,0,0,0,0,0,0,0,0,0,0
Rural,State - PUDUCHERRY,Buddhist,60-69,2,0,2,1,0,1,0,0,0,0,0,0,1,0,1,0,0,0
Rural,State - PUDUCHERRY,Buddhist,70-79,1,0,1,0,0,0,0,0,0,0,0,0,1,0,1,0,0,0
Rural,State - PUDUCHERRY,Buddhist,80+,1,1,0,0,0,0,0,0,0,0,0,0,1,1,0,0,0,0
Rural,State - PUDUCHERRY,Buddhist,Age not stated,0,0,0,0,0,0,0,0,0,0,0,0,0,0,0,0,0,0
Rural,State - PUDUCHERRY,Buddhist,15-59,37,31,6,31,29,2,0,0,0,0,0,0,6,2,4,0,0,0
Rural,State - PUDUCHERRY,Buddhist,60+,4,1,3,1,0,1,0,0,0,0,0,0,3,1,2,0,0,0
Rural,State - PUDUCHERRY,Jain,Total,45,18,27,9,8,1,2,1,1,1,0,1,34,9,25,2,1,1
Rural,State - PUDUCHERRY,Jain,5-9,3,0,3,0,0,0,0,0,0,0,0,0,3,0,3,0,0,0
Rural,State - PUDUCHERRY,Jain,10-14,10,4,6,0,0,0,1,0,1,1,0,1,9,4,5,0,0,0
Rural,State - PUDUCHERRY,Jain,15-19,2,1,1,0,0,0,0,0,0,0,0,0,2,1,1,1,1,0
Rural,State - PUDUCHERRY,Jain,20-24,4,2,2,1,1,0,0,0,0,0,0,0,3,1,2,1,0,1
Rural,State - PUDUCHERRY,Jain,25-29,6,2,4,3,2,1,0,0,0,0,0,0,3,0,3,0,0,0
Rural,State - PUDUCHERRY,Jain,30-34,3,3,0,3,3,0,0,0,0,0,0,0,0,0,0,0,0,0
Rural,State - PUDUCHERRY,Jain,35-39,2,1,1,1,1,0,0,0,0,0,0,0,1,0,1,0,0,0
Rural,State - PUDUCHERRY,Jain,40-49,1,0,1,0,0,0,0,0,0,0,0,0,1,0,1,0,0,0
Rural,State - PUDUCHERRY,Jain,50-59,3,2,1,1,1,0,1,1,0,0,0,0,1,0,1,0,0,0
Rural,State - PUDUCHERRY,Jain,60-69,2,1,1,0,0,0,0,0,0,0,0,0,2,1,1,0,0,0
Rural,State - PUDUCHERRY,Jain,70-79,2,0,2,0,0,0,0,0,0,0,0,0,2,0,2,0,0,0
Rural,State - PUDUCHERRY,Jain,80+,0,0,0,0,0,0,0,0,0,0,0,0,0,0,0,0,0,0
Rural,State - PUDUCHERRY,Jain,Age not stated,1,0,1,0,0,0,0,0,0,0,0,0,1,0,1,0,0,0
Rural,State - PUDUCHERRY,Jain,15-59,21,11,10,9,8,1,1,1,0,0,0,0,11,2,9,2,1,1
Rural,State - PUDUCHERRY,Jain,60+,4,1,3,0,0,0,0,0,0,0,0,0,4,1,3,0,0,0
Rural,State - PUDUCHERRY,Other religious communities,Total,39,22,17,10,7,3,1,1,0,0,0,0,28,14,14,1,0,1
Rural,State - PUDUCHERRY,Other religious communities,5-9,4,3,1,0,0,0,0,0,0,0,0,0,4,3,1,0,0,0
Rural,State - PUDUCHERRY,Other religious communities,10-14,2,2,0,0,0,0,0,0,0,0,0,0,2,2,0,0,0,0
Rural,State - PUDUCHERRY,Other religious communities,15-19,2,2,0,1,1,0,0,0,0,0,0,0,1,1,0,0,0,0
Rural,State - PUDUCHERRY,Other religious communities,20-24,5,1,4,1,0,1,1,1,0,0,0,0,3,0,3,0,0,0
Rural,State - PUDUCHERRY,Other religious communities,25-29,5,3,2,3,3,0,0,0,0,0,0,0,2,0,2,1,0,1
Rural,State - PUDUCHERRY,Other religious communities,30-34,2,0,2,1,0,1,0,0,0,0,0,0,1,0,1,0,0,0
Rural,State - PUDUCHERRY,Other religious communities,35-39,0,0,0,0,0,0,0,0,0,0,0,0,0,0,0,0,0,0
Rural,State - PUDUCHERRY,Other religious communities,40-49,5,3,2,4,3,1,0,0,0,0,0,0,1,0,1,0,0,0
Rural,State - PUDUCHERRY,Other religious communities,50-59,0,0,0,0,0,0,0,0,0,0,0,0,0,0,0,0,0,0
Rural,State - PUDUCHERRY,Other religious communities,60-69,3,1,2,0,0,0,0,0,0,0,0,0,3,1,2,0,0,0
Rural,State - PUDUCHERRY,Other religious communities,70-79,1,0,1,0,0,0,0,0,0,0,0,0,1,0,1,0,0,0
Rural,State - PUDUCHERRY,Other religious communities,80+,1,0,1,0,0,0,0,0,0,0,0,0,1,0,1,0,0,0
Rural,State - PUDUCHERRY,Other religious communities,Age not stated,0,0,0,0,0,0,0,0,0,0,0,0,0,0,0,0,0,0
Rural,State - PUDUCHERRY,Other religious communities,15-59,19,9,10,10,7,3,1,1,0,0,0,0,8,1,7,1,0,1
Rural,State - PUDUCHERRY,Other religious communities,60+,5,1,4,0,0,0,0,0,0,0,0,0,5,1,4,0,0,0
Urban,State - PUDUCHERRY,All religious communities,Total,852753,417604,435149,277501,215341,62160,19591,11885,7706,7494,4696,2798,555661,190378,365283,46562,16685,29877
Urban,State - PUDUCHERRY,All religious communities,5-9,65749,33517,32232,284,145,139,213,122,91,49,26,23,65252,33250,32002,495,253,242
Urban,State - PUDUCHERRY,All religious communities,10-14,70375,35964,34411,603,407,196,286,155,131,73,43,30,69486,35402,34084,907,499,408
Urban,State - PUDUCHERRY,All religious communities,15-19,68297,34837,33460,4996,3577,1419,972,631,341,521,334,187,62329,30629,31700,6829,3635,3194
Urban,State - PUDUCHERRY,All religious communities,20-24,72547,34132,38415,21227,15200,6027,2437,1482,955,1453,913,540,48883,17450,31433,14072,6517,7555
Urban,State - PUDUCHERRY,All religious communities,25-29,79404,36610,42794,38056,29203,8853,2782,1710,1072,1489,936,553,38566,5697,32869,10020,2985,7035
Urban,State - PUDUCHERRY,All religious communities,30-34,76956,36893,40063,42209,32971,9238,2674,1657,1017,1133,721,412,32073,2265,29808,5834,1090,4744
Urban,State - PUDUCHERRY,All religious communities,35-39,74513,36465,38048,43633,33627,10006,2554,1415,1139,983,582,401,28326,1423,26903,3769,517,3252
Urban,State - PUDUCHERRY,All religious communities,40-49,119039,60527,58512,70980,55780,15200,3863,2289,1574,1186,745,441,44196,2458,41738,3007,538,2469
Urban,State - PUDUCHERRY,All religious communities,50-59,78859,39577,39282,41469,33350,8119,2245,1401,844,427,278,149,35145,4826,30319,980,321,659
Urban,State - PUDUCHERRY,All religious communities,60-69,49917,22876,27041,10759,8572,2187,1144,737,407,151,97,54,38014,13567,24447,478,249,229
Urban,State - PUDUCHERRY,All religious communities,70-79,24713,10646,14067,2564,1969,595,338,233,105,19,15,4,21811,8444,13367,112,55,57
Urban,State - PUDUCHERRY,All religious communities,80+,9358,3665,5693,574,426,148,65,43,22,7,6,1,8719,3196,5523,38,15,23
Urban,State - PUDUCHERRY,All religious communities,Age not stated,603,302,301,147,114,33,18,10,8,3,0,3,438,178,260,21,11,10
Urban,State - PUDUCHERRY,All religious communities,15-59,569615,279041,290574,262570,203708,58862,17527,10585,6942,7192,4509,2683,289518,64748,224770,44511,15603,28908
Urban,State - PUDUCHERRY,All religious communities,60+,83988,37187,46801,13897,10967,2930,1547,1013,534,177,118,59,68544,25207,43337,628,319,309
Urban,State - PUDUCHERRY,Hindu,Total,718900,353757,365143,237616,184622,52994,16174,9787,6387,6099,3717,2382,465110,159348,305762,39138,13713,25425
Urban,State - PUDUCHERRY,Hindu,5-9,55309,28147,27162,224,113,111,182,100,82,44,21,23,54903,27934,26969,404,209,195
Urban,State - PUDUCHERRY,Hindu,10-14,59304,30277,29027,505,345,160,225,121,104,58,35,23,58574,29811,28763,727,401,326
Urban,State - PUDUCHERRY,Hindu,15-19,57317,29261,28056,4253,3038,1215,791,514,277,424,271,153,52273,25709,26564,5634,2956,2678
Urban,State - PUDUCHERRY,Hindu,20-24,61139,28910,32229,18119,12949,5170,2007,1222,785,1218,746,472,41013,14739,26274,11847,5449,6398
Urban,State - PUDUCHERRY,Hindu,25-29,67355,31132,36223,32563,24949,7614,2336,1430,906,1249,764,485,32456,4753,27703,8530,2496,6034
Urban,State - PUDUCHERRY,Hindu,30-34,65208,31488,33720,36203,28289,7914,2200,1360,840,889,547,342,26805,1839,24966,4966,880,4086
Urban,State - PUDUCHERRY,Hindu,35-39,63454,31201,32253,37517,28898,8619,2115,1167,948,789,455,334,23822,1136,22686,3160,404,2756
Urban,State - PUDUCHERRY,Hindu,40-49,100991,51760,49231,60875,47971,12904,3154,1859,1295,937,562,375,36962,1930,35032,2540,419,2121
Urban,State - PUDUCHERRY,Hindu,50-59,66314,33654,32660,35402,28626,6776,1847,1152,695,354,225,129,29065,3876,25189,800,231,569
Urban,State - PUDUCHERRY,Hindu,60-69,41693,19309,22384,9132,7290,1842,962,618,344,115,75,40,31599,11401,20198,391,201,190
Urban,State - PUDUCHERRY,Hindu,70-79,20649,8997,11652,2205,1690,515,289,201,88,16,12,4,18155,7106,11049,90,44,46
Urban,State - PUDUCHERRY,Hindu,80+,7806,3137,4669,494,368,126,51,35,16,4,4,0,7261,2734,4527,31,14,17
Urban,State - PUDUCHERRY,Hindu,Age not stated,444,213,231,124,96,28,15,8,7,2,0,2,305,109,196,18,9,9
Urban,State - PUDUCHERRY,Hindu,15-59,481778,237406,244372,224932,174720,50212,14450,8704,5746,5860,3570,2290,242396,53982,188414,37477,12835,24642
Urban,State - PUDUCHERRY,Hindu,60+,70148,31443,38705,11831,9348,2483,1302,854,448,135,91,44,57015,21241,35774,512,259,253
Urban,State - PUDUCHERRY,Muslim,Total,62424,30088,32336,15576,13911,1665,1653,1107,546,758,604,154,45195,15070,30125,3666,1576,2090
Urban,State - PUDUCHERRY,Muslim,5-9,5416,2801,2615,30,16,14,15,11,4,5,5,0,5371,2774,2597,58,27,31
Urban,State - PUDUCHERRY,Muslim,10-14,5468,2818,2650,44,27,17,31,18,13,6,3,3,5393,2773,2620,120,60,60
Urban,State - PUDUCHERRY,Muslim,15-19,5376,2735,2641,348,282,66,107,69,38,64,42,22,4921,2384,2537,692,392,300
Urban,State - PUDUCHERRY,Muslim,20-24,5704,2590,3114,1314,1131,183,215,140,75,130,99,31,4175,1319,2856,1145,569,576
Urban,State - PUDUCHERRY,Muslim,25-29,5634,2519,3115,2180,1930,250,233,157,76,129,113,16,3221,432,2789,658,241,417
Urban,State - PUDUCHERRY,Muslim,30-34,5468,2492,2976,2418,2163,255,216,151,65,122,101,21,2834,178,2656,372,88,284
Urban,State - PUDUCHERRY,Muslim,35-39,5018,2405,2613,2406,2145,261,208,133,75,104,79,25,2404,127,2277,276,55,221
Urban,State - PUDUCHERRY,Muslim,40-49,7813,3814,3999,3682,3360,322,329,218,111,140,117,23,3802,236,3566,213,61,152
Urban,State - PUDUCHERRY,Muslim,50-59,5147,2517,2630,2189,1992,197,178,124,54,38,31,7,2780,401,2379,83,52,31
Urban,State - PUDUCHERRY,Muslim,60-69,3467,1585,1882,770,697,73,95,70,25,18,13,5,2602,818,1784,40,26,14
Urban,State - PUDUCHERRY,Muslim,70-79,1533,645,888,141,122,19,19,14,5,1,1,0,1373,509,864,7,4,3
Urban,State - PUDUCHERRY,Muslim,80+,567,205,362,37,32,5,6,2,4,0,0,0,524,171,353,1,0,1
Urban,State - PUDUCHERRY,Muslim,Age not stated,84,48,36,17,14,3,1,0,1,1,0,1,66,34,32,1,1,0
Urban,State - PUDUCHERRY,Muslim,15-59,40160,19072,21088,14537,13003,1534,1486,992,494,727,582,145,24137,5077,19060,3439,1458,1981
Urban,State - PUDUCHERRY,Muslim,60+,5567,2435,3132,948,851,97,120,86,34,19,14,5,4499,1498,3001,48,30,18
Urban,State - PUDUCHERRY,Christian,Total,67485,31820,35665,23147,15887,7260,1694,955,739,615,360,255,42644,14978,27666,3561,1316,2245
Urban,State - PUDUCHERRY,Christian,5-9,4708,2394,2314,29,15,14,16,11,5,0,0,0,4663,2368,2295,32,17,15
Urban,State - PUDUCHERRY,Christian,10-14,5252,2689,2563,52,35,17,30,16,14,9,5,4,5170,2638,2532,51,32,19
Urban,State - PUDUCHERRY,Christian,15-19,5299,2674,2625,370,241,129,72,46,26,33,21,12,4857,2387,2470,479,277,202
Urban,State - PUDUCHERRY,Christian,20-24,5385,2477,2908,1717,1063,654,203,113,90,100,64,36,3465,1301,2164,1015,464,551
Urban,State - PUDUCHERRY,Christian,25-29,6066,2800,3266,3158,2201,957,205,121,84,107,57,50,2703,478,2225,788,232,556
Urban,State - PUDUCHERRY,Christian,30-34,5913,2743,3170,3399,2369,1030,248,141,107,119,72,47,2266,233,2033,469,117,352
Urban,State - PUDUCHERRY,Christian,35-39,5736,2696,3040,3533,2439,1094,220,107,113,83,42,41,1983,150,1833,318,55,263
Urban,State - PUDUCHERRY,Christian,40-49,9771,4708,5063,6138,4221,1917,368,208,160,107,65,42,3265,279,2986,248,55,193
Urban,State - PUDUCHERRY,Christian,50-59,7083,3261,3822,3724,2604,1120,214,122,92,35,22,13,3145,535,2610,94,37,57
Urban,State - PUDUCHERRY,Christian,60-69,4501,1879,2622,796,538,258,83,46,37,17,8,9,3622,1295,2327,47,22,25
Urban,State - PUDUCHERRY,Christian,70-79,2402,951,1451,194,140,54,27,17,10,2,2,0,2181,794,1387,14,7,7
Urban,State - PUDUCHERRY,Christian,80+,929,296,633,35,20,15,7,6,1,3,2,1,887,270,617,5,1,4
Urban,State - PUDUCHERRY,Christian,Age not stated,42,22,20,2,1,1,1,1,0,0,0,0,39,20,19,1,0,1
Urban,State - PUDUCHERRY,Christian,15-59,45253,21359,23894,22039,15138,6901,1530,858,672,584,343,241,21684,5363,16321,3411,1237,2174
Urban,State - PUDUCHERRY,Christian,60+,7832,3126,4706,1025,698,327,117,69,48,22,12,10,6690,2359,4331,66,30,36
Urban,State - PUDUCHERRY,Sikh,Total,200,106,94,77,63,14,5,4,1,2,2,0,118,39,79,8,3,5
Urban,State - PUDUCHERRY,Sikh,5-9,19,9,10,0,0,0,0,0,0,0,0,0,19,9,10,0,0,0
Urban,State - PUDUCHERRY,Sikh,10-14,14,3,11,0,0,0,0,0,0,0,0,0,14,3,11,0,0,0
Urban,State - PUDUCHERRY,Sikh,15-19,18,11,7,4,2,2,0,0,0,0,0,0,14,9,5,0,0,0
Urban,State - PUDUCHERRY,Sikh,20-24,13,9,4,6,5,1,1,1,0,0,0,0,6,3,3,3,2,1
Urban,State - PUDUCHERRY,Sikh,25-29,19,11,8,10,8,2,0,0,0,0,0,0,9,3,6,3,1,2
Urban,State - PUDUCHERRY,Sikh,30-34,18,10,8,13,9,4,0,0,0,0,0,0,5,1,4,1,0,1
Urban,State - PUDUCHERRY,Sikh,35-39,17,5,12,4,3,1,2,1,1,1,1,0,11,1,10,1,0,1
Urban,State - PUDUCHERRY,Sikh,40-49,28,21,7,22,20,2,0,0,0,0,0,0,6,1,5,0,0,0
Urban,State - PUDUCHERRY,Sikh,50-59,15,11,4,10,10,0,0,0,0,0,0,0,5,1,4,0,0,0
Urban,State - PUDUCHERRY,Sikh,60-69,16,8,8,8,6,2,2,2,0,1,1,0,6,0,6,0,0,0
Urban,State - PUDUCHERRY,Sikh,70-79,4,2,2,0,0,0,0,0,0,0,0,0,4,2,2,0,0,0
Urban,State - PUDUCHERRY,Sikh,80+,2,1,1,0,0,0,0,0,0,0,0,0,2,1,1,0,0,0
Urban,State - PUDUCHERRY,Sikh,Age not stated,1,0,1,0,0,0,0,0,0,0,0,0,1,0,1,0,0,0
Urban,State - PUDUCHERRY,Sikh,15-59,128,78,50,69,57,12,3,2,1,1,1,0,56,19,37,8,3,5
Urban,State - PUDUCHERRY,Sikh,60+,22,11,11,8,6,2,2,2,0,1,1,0,12,3,9,0,0,0
Urban,State - PUDUCHERRY,Buddhist,Total,395,206,189,107,84,23,7,3,4,3,2,1,281,119,162,24,6,18
Urban,State - PUDUCHERRY,Buddhist,5-9,25,18,7,0,0,0,0,0,0,0,0,0,25,18,7,0,0,0
Urban,State - PUDUCHERRY,Buddhist,10-14,43,22,21,0,0,0,0,0,0,0,0,0,43,22,21,0,0,0
Urban,State - PUDUCHERRY,Buddhist,15-19,39,23,16,2,2,0,0,0,0,0,0,0,37,21,16,4,2,2
Urban,State - PUDUCHERRY,Buddhist,20-24,42,24,18,8,7,1,4,2,2,1,1,0,30,15,15,9,3,6
Urban,State - PUDUCHERRY,Buddhist,25-29,42,20,22,22,18,4,0,0,0,0,0,0,20,2,18,4,1,3
Urban,State - PUDUCHERRY,Buddhist,30-34,32,16,16,20,15,5,0,0,0,0,0,0,12,1,11,4,0,4
Urban,State - PUDUCHERRY,Buddhist,35-39,24,13,11,13,13,0,0,0,0,0,0,0,11,0,11,2,0,2
Urban,State - PUDUCHERRY,Buddhist,40-49,38,17,21,23,16,7,3,1,2,2,1,1,12,0,12,1,0,1
Urban,State - PUDUCHERRY,Buddhist,50-59,23,12,11,15,11,4,0,0,0,0,0,0,8,1,7,0,0,0
Urban,State - PUDUCHERRY,Buddhist,60-69,22,9,13,4,2,2,0,0,0,0,0,0,18,7,11,0,0,0
Urban,State - PUDUCHERRY,Buddhist,70-79,14,8,6,0,0,0,0,0,0,0,0,0,14,8,6,0,0,0
Urban,State - PUDUCHERRY,Buddhist,80+,5,1,4,0,0,0,0,0,0,0,0,0,5,1,4,0,0,0
Urban,State - PUDUCHERRY,Buddhist,Age not stated,0,0,0,0,0,0,0,0,0,0,0,0,0,0,0,0,0,0
Urban,State - PUDUCHERRY,Buddhist,15-59,240,125,115,103,82,21,7,3,4,3,2,1,130,40,90,24,6,18
Urban,State - PUDUCHERRY,Buddhist,60+,41,18,23,4,2,2,0,0,0,0,0,0,37,16,21,0,0,0
Urban,State - PUDUCHERRY,Jain,Total,1355,684,671,414,363,51,8,4,4,3,1,2,933,317,616,58,22,36
Urban,State - PUDUCHERRY,Jain,5-9,108,60,48,0,0,0,0,0,0,0,0,0,108,60,48,1,0,1
Urban,State - PUDUCHERRY,Jain,10-14,127,70,57,1,0,1,0,0,0,0,0,0,126,70,56,5,2,3
Urban,State - PUDUCHERRY,Jain,15-19,94,50,44,2,2,0,0,0,0,0,0,0,92,48,44,10,5,5
Urban,State - PUDUCHERRY,Jain,20-24,108,54,54,21,16,5,2,1,1,2,1,1,85,37,48,24,13,11
Urban,State - PUDUCHERRY,Jain,25-29,108,46,62,46,40,6,1,0,1,1,0,1,61,6,55,9,1,8
Urban,State - PUDUCHERRY,Jain,30-34,132,57,75,65,55,10,1,0,1,0,0,0,66,2,64,5,1,4
Urban,State - PUDUCHERRY,Jain,35-39,128,68,60,75,66,9,0,0,0,0,0,0,53,2,51,4,0,4
Urban,State - PUDUCHERRY,Jain,40-49,180,100,80,111,99,12,0,0,0,0,0,0,69,1,68,0,0,0
Urban,State - PUDUCHERRY,Jain,50-59,119,59,60,57,52,5,1,1,0,0,0,0,61,6,55,0,0,0
Urban,State - PUDUCHERRY,Jain,60-69,87,39,48,22,21,1,1,1,0,0,0,0,64,17,47,0,0,0
Urban,State - PUDUCHERRY,Jain,70-79,36,19,17,11,10,1,2,1,1,0,0,0,23,8,15,0,0,0
Urban,State - PUDUCHERRY,Jain,80+,12,6,6,2,1,1,0,0,0,0,0,0,10,5,5,0,0,0
Urban,State - PUDUCHERRY,Jain,Age not stated,2,1,1,1,1,0,0,0,0,0,0,0,1,0,1,0,0,0
Urban,State - PUDUCHERRY,Jain,15-59,869,434,435,377,330,47,5,2,3,3,1,2,487,102,385,52,20,32
Urban,State - PUDUCHERRY,Jain,60+,135,64,71,35,32,3,3,2,1,0,0,0,97,30,67,0,0,0
Urban,State - PUDUCHERRY,Other religious communities,Total,129,66,63,46,32,14,2,2,0,0,0,0,81,32,49,10,2,8
Urban,State - PUDUCHERRY,Other religious communities,5-9,8,7,1,0,0,0,0,0,0,0,0,0,8,7,1,0,0,0
Urban,State - PUDUCHERRY,Other religious communities,10-14,6,3,3,0,0,0,0,0,0,0,0,0,6,3,3,0,0,0
Urban,State - PUDUCHERRY,Other religious communities,15-19,2,1,1,1,0,1,0,0,0,0,0,0,1,1,0,0,0,0
Urban,State - PUDUCHERRY,Other religious communities,20-24,6,5,1,0,0,0,0,0,0,0,0,0,6,5,1,2,1,1
Urban,State - PUDUCHERRY,Other religious communities,25-29,11,3,8,3,2,1,0,0,0,0,0,0,8,1,7,4,1,3
Urban,State - PUDUCHERRY,Other religious communities,30-34,17,6,11,5,5,0,1,1,0,0,0,0,11,0,11,4,0,4
Urban,State - PUDUCHERRY,Other religious communities,35-39,5,4,1,5,4,1,0,0,0,0,0,0,0,0,0,0,0,0
Urban,State - PUDUCHERRY,Other religious communities,40-49,10,5,5,7,4,3,1,1,0,0,0,0,2,0,2,0,0,0
Urban,State - PUDUCHERRY,Other religious communities,50-59,25,12,13,14,10,4,0,0,0,0,0,0,11,2,9,0,0,0
Urban,State - PUDUCHERRY,Other religious communities,60-69,10,7,3,7,6,1,0,0,0,0,0,0,3,1,2,0,0,0
Urban,State - PUDUCHERRY,Other religious communities,70-79,8,1,7,3,0,3,0,0,0,0,0,0,5,1,4,0,0,0
Urban,State - PUDUCHERRY,Other religious communities,80+,4,2,2,1,1,0,0,0,0,0,0,0,3,1,2,0,0,0
Urban,State - PUDUCHERRY,Other religious communities,Age not stated,1,1,0,0,0,0,0,0,0,0,0,0,1,1,0,0,0,0
Urban,State - PUDUCHERRY,Other religious communities,15-59,76,36,40,35,25,10,2,2,0,0,0,0,39,9,30,10,2,8
Urban,State - PUDUCHERRY,Other religious communities,60+,22,10,12,11,7,4,0,0,0,0,0,0,11,3,8,0,0,0
Total,State - ANDAMAN & NICOBAR ISLANDS,All religious communities,Total,380581,202871,177710,125910,103619,22291,26625,17270,9355,13042,9292,3750,228046,81982,146064,38141,12568,25573
Total,State - ANDAMAN & NICOBAR ISLANDS,All religious communities,5-9,30454,15512,14942,382,202,180,238,118,120,93,44,49,29834,15192,14642,615,307,308
Total,State - ANDAMAN & NICOBAR ISLANDS,All religious communities,10-14,33467,17118,16349,617,364,253,435,249,186,167,90,77,32415,16505,15910,1494,784,710
Total,State - ANDAMAN & NICOBAR ISLANDS,All religious communities,15-19,33026,17266,15760,2855,2319,536,1592,1049,543,1065,721,344,28579,13898,14681,7977,3909,4068
Total,State - ANDAMAN & NICOBAR ISLANDS,All religious communities,20-24,37115,19528,17587,11733,10041,1692,3884,2727,1157,2599,1911,688,21498,6760,14738,10784,4187,6597
Total,State - ANDAMAN & NICOBAR ISLANDS,All religious communities,25-29,41722,22230,19492,19343,16196,3147,4746,3250,1496,3039,2211,828,17633,2784,14849,7401,1855,5546
Total,State - ANDAMAN & NICOBAR ISLANDS,All religious communities,30-34,35723,19359,16364,18970,15630,3340,3834,2510,1324,2107,1507,600,12919,1219,11700,4135,678,3457
Total,State - ANDAMAN & NICOBAR ISLANDS,All religious communities,35-39,32842,17170,15672,18176,14543,3633,3252,1988,1264,1496,1012,484,11414,639,10775,2702,304,2398
Total,State - ANDAMAN & NICOBAR ISLANDS,All religious communities,40-49,50596,28083,22513,30319,24460,5859,4408,2645,1763,1574,1117,457,15869,978,14891,2010,237,1773
Total,State - ANDAMAN & NICOBAR ISLANDS,All religious communities,50-59,31090,17580,13510,17823,14878,2945,2593,1582,1011,626,466,160,10674,1120,9554,625,122,503
Total,State - ANDAMAN & NICOBAR ISLANDS,All religious communities,60-69,16602,9237,7365,4320,3795,525,1199,818,381,207,157,50,11083,4624,6459,271,130,141
Total,State - ANDAMAN & NICOBAR ISLANDS,All religious communities,70-79,6349,3673,2676,953,842,111,335,248,87,36,30,6,5061,2583,2478,59,30,29
Total,State - ANDAMAN & NICOBAR ISLANDS,All religious communities,80+,2473,1279,1194,320,268,52,85,67,18,20,16,4,2068,944,1124,33,13,20
Total,State - ANDAMAN & NICOBAR ISLANDS,All religious communities,Age not stated,368,195,173,99,81,18,24,19,5,13,10,3,245,95,150,35,12,23
Total,State - ANDAMAN & NICOBAR ISLANDS,All religious communities,15-59,262114,141216,120898,119219,98067,21152,24309,15751,8558,12506,8945,3561,118586,27398,91188,35634,11292,24342
Total,State - ANDAMAN & NICOBAR ISLANDS,All religious communities,60+,25424,14189,11235,5593,4905,688,1619,1133,486,263,203,60,18212,8151,10061,363,173,190
Total,State - ANDAMAN & NICOBAR ISLANDS,Hindu,Total,264296,142277,122019,91981,77097,14884,14385,9573,4812,7864,5727,2137,157930,55607,102323,25491,8061,17430
Total,State - ANDAMAN & NICOBAR ISLANDS,Hindu,5-9,21321,10947,10374,273,146,127,139,66,73,57,26,31,20909,10735,10174,432,213,219
Total,State - ANDAMAN & NICOBAR ISLANDS,Hindu,10-14,23532,12083,11449,407,248,159,237,139,98,81,43,38,22888,11696,11192,1001,517,484
Total,State - ANDAMAN & NICOBAR ISLANDS,Hindu,15-19,22932,12020,10912,2003,1673,330,946,627,319,643,447,196,19983,9720,10263,5449,2666,2783
Total,State - ANDAMAN & NICOBAR ISLANDS,Hindu,20-24,26083,13880,12203,8874,7777,1097,2308,1682,626,1603,1224,379,14901,4421,10480,7207,2750,4457
Total,State - ANDAMAN & NICOBAR ISLANDS,Hindu,25-29,29788,16047,13741,14539,12446,2093,2827,1975,852,1910,1429,481,12422,1626,10796,4922,1104,3818
Total,State - ANDAMAN & NICOBAR ISLANDS,Hindu,30-34,24817,13703,11114,13881,11661,2220,2097,1385,712,1249,896,353,8839,657,8182,2677,380,2297
Total,State - ANDAMAN & NICOBAR ISLANDS,Hindu,35-39,22829,12026,10803,13178,10685,2493,1694,1034,660,875,600,275,7957,307,7650,1796,144,1652
Total,State - ANDAMAN & NICOBAR ISLANDS,Hindu,40-49,35179,19840,15339,22002,18047,3955,2120,1297,823,912,643,269,11057,496,10561,1359,117,1242
Total,State - ANDAMAN & NICOBAR ISLANDS,Hindu,50-59,20815,12012,8803,12565,10625,1940,1218,766,452,359,282,77,7032,621,6411,406,63,343
Total,State - ANDAMAN & NICOBAR ISLANDS,Hindu,60-69,11091,6302,4789,3259,2908,351,602,447,155,143,111,32,7230,2947,4283,166,74,92
Total,State - ANDAMAN & NICOBAR ISLANDS,Hindu,70-79,4115,2324,1791,701,622,79,149,114,35,17,13,4,3265,1588,1677,34,19,15
Total,State - ANDAMAN & NICOBAR ISLANDS,Hindu,80+,1682,840,842,222,194,28,35,30,5,8,7,1,1425,616,809,21,6,15
Total,State - ANDAMAN & NICOBAR ISLANDS,Hindu,Age not stated,255,139,116,77,65,12,13,11,2,7,6,1,165,63,102,21,8,13
Total,State - ANDAMAN & NICOBAR ISLANDS,Hindu,15-59,182443,99528,82915,87042,72914,14128,13210,8766,4444,7551,5521,2030,82191,17848,64343,23816,7224,16592
Total,State - ANDAMAN & NICOBAR ISLANDS,Hindu,60+,16888,9466,7422,4182,3724,458,786,591,195,168,131,37,11920,5151,6769,221,99,122
Total,State - ANDAMAN & NICOBAR ISLANDS,Muslim,Total,32413,17301,15112,11694,9554,2140,1453,1043,410,898,641,257,19266,6704,12562,3435,1137,2298
Total,State - ANDAMAN & NICOBAR ISLANDS,Muslim,5-9,2617,1281,1336,45,25,20,26,18,8,5,2,3,2546,1238,1308,73,32,41
Total,State - ANDAMAN & NICOBAR ISLANDS,Muslim,10-14,2593,1313,1280,78,45,33,47,25,22,25,13,12,2468,1243,1225,128,72,56
Total,State - ANDAMAN & NICOBAR ISLANDS,Muslim,15-19,2708,1462,1246,385,332,53,112,80,32,84,56,28,2211,1050,1161,663,323,340
Total,State - ANDAMAN & NICOBAR ISLANDS,Muslim,20-24,3258,1746,1512,1151,959,192,275,195,80,212,147,65,1832,592,1240,969,389,580
Total,State - ANDAMAN & NICOBAR ISLANDS,Muslim,25-29,3662,1963,1699,1824,1488,336,295,213,82,228,165,63,1543,262,1281,721,184,537
Total,State - ANDAMAN & NICOBAR ISLANDS,Muslim,30-34,3293,1778,1515,1843,1504,339,215,163,52,136,102,34,1235,111,1124,430,65,365
Total,State - ANDAMAN & NICOBAR ISLANDS,Muslim,35-39,2919,1572,1347,1758,1411,347,151,109,42,85,61,24,1010,52,958,239,32,207
Total,State - ANDAMAN & NICOBAR ISLANDS,Muslim,40-49,4198,2337,1861,2643,2130,513,189,138,51,84,65,19,1366,69,1297,140,13,127
Total,State - ANDAMAN & NICOBAR ISLANDS,Muslim,50-59,2647,1475,1172,1594,1331,263,88,64,24,27,23,4,965,80,885,31,6,25
Total,State - ANDAMAN & NICOBAR ISLANDS,Muslim,60-69,1211,637,574,270,245,25,35,24,11,4,2,2,906,368,538,26,16,10
Total,State - ANDAMAN & NICOBAR ISLANDS,Muslim,70-79,559,309,250,62,56,6,11,7,4,1,0,1,486,246,240,7,3,4
Total,State - ANDAMAN & NICOBAR ISLANDS,Muslim,80+,207,103,104,33,21,12,6,5,1,5,4,1,168,77,91,3,0,3
Total,State - ANDAMAN & NICOBAR ISLANDS,Muslim,Age not stated,36,21,15,8,7,1,3,2,1,2,1,1,25,12,13,5,2,3
Total,State - ANDAMAN & NICOBAR ISLANDS,Muslim,15-59,22685,12333,10352,11198,9155,2043,1325,962,363,856,619,237,10162,2216,7946,3193,1012,2181
Total,State - ANDAMAN & NICOBAR ISLANDS,Muslim,60+,1977,1049,928,365,322,43,52,36,16,10,6,4,1560,691,869,36,19,17
Total,State - ANDAMAN & NICOBAR ISLANDS,Christian,Total,80984,41747,39237,21242,16258,4984,10645,6562,4083,4189,2869,1320,49097,18927,30170,9020,3296,5724
Total,State - ANDAMAN & NICOBAR ISLANDS,Christian,5-9,6273,3161,3112,57,25,32,72,33,39,31,16,15,6144,3103,3041,108,61,47
Total,State - ANDAMAN & NICOBAR ISLANDS,Christian,10-14,7072,3564,3508,111,58,53,149,83,66,60,33,27,6812,3423,3389,361,194,167
Total,State - ANDAMAN & NICOBAR ISLANDS,Christian,15-19,7115,3638,3477,394,276,118,518,334,184,326,212,114,6203,3028,3175,1832,901,931
Total,State - ANDAMAN & NICOBAR ISLANDS,Christian,20-24,7511,3758,3753,1601,1231,370,1280,837,443,768,530,238,4630,1690,2940,2558,1021,1537
Total,State - ANDAMAN & NICOBAR ISLANDS,Christian,25-29,8018,4090,3928,2867,2186,681,1595,1043,552,882,606,276,3556,861,2695,1712,553,1159
Total,State - ANDAMAN & NICOBAR ISLANDS,Christian,30-34,7374,3758,3616,3125,2377,748,1501,949,552,708,501,207,2748,432,2316,1006,230,776
Total,State - ANDAMAN & NICOBAR ISLANDS,Christian,35-39,6877,3475,3402,3125,2364,761,1397,842,555,528,348,180,2355,269,2086,650,126,524
Total,State - ANDAMAN & NICOBAR ISLANDS,Christian,40-49,10814,5665,5149,5421,4099,1322,2080,1195,885,568,401,167,3313,371,2942,502,105,397
Total,State - ANDAMAN & NICOBAR ISLANDS,Christian,50-59,7384,3946,3438,3517,2804,713,1272,741,531,232,155,77,2595,401,2194,180,51,129
Total,State - ANDAMAN & NICOBAR ISLANDS,Christian,60-69,4175,2220,1955,760,615,145,556,342,214,58,43,15,2859,1263,1596,75,37,38
Total,State - ANDAMAN & NICOBAR ISLANDS,Christian,70-79,1631,1021,610,187,162,25,174,126,48,18,17,1,1270,733,537,18,8,10
Total,State - ANDAMAN & NICOBAR ISLANDS,Christian,80+,558,325,233,63,52,11,44,32,12,7,5,2,451,241,210,9,7,2
Total,State - ANDAMAN & NICOBAR ISLANDS,Christian,Age not stated,68,32,36,14,9,5,7,5,2,3,2,1,47,18,29,9,2,7
Total,State - ANDAMAN & NICOBAR ISLANDS,Christian,15-59,55093,28330,26763,20050,15337,4713,9643,5941,3702,4012,2753,1259,25400,7052,18348,8440,2987,5453
Total,State - ANDAMAN & NICOBAR ISLANDS,Christian,60+,6364,3566,2798,1010,829,181,774,500,274,83,65,18,4580,2237,2343,102,52,50
Total,State - ANDAMAN & NICOBAR ISLANDS,Sikh,Total,1286,701,585,506,400,106,53,36,17,31,20,11,727,265,462,96,31,65
Total,State - ANDAMAN & NICOBAR ISLANDS,Sikh,5-9,84,36,48,2,1,1,1,1,0,0,0,0,81,34,47,1,0,1
Total,State - ANDAMAN & NICOBAR ISLANDS,Sikh,10-14,111,65,46,3,2,1,0,0,0,0,0,0,108,63,45,1,0,1
Total,State - ANDAMAN & NICOBAR ISLANDS,Sikh,15-19,109,63,46,4,4,0,1,1,0,1,1,0,104,58,46,13,7,6
Total,State - ANDAMAN & NICOBAR ISLANDS,Sikh,20-24,101,58,43,37,28,9,9,6,3,7,6,1,55,24,31,24,14,10
Total,State - ANDAMAN & NICOBAR ISLANDS,Sikh,25-29,121,63,58,51,45,6,13,9,4,8,5,3,57,9,48,26,6,20
Total,State - ANDAMAN & NICOBAR ISLANDS,Sikh,30-34,110,58,52,66,53,13,6,4,2,5,3,2,38,1,37,10,1,9
Total,State - ANDAMAN & NICOBAR ISLANDS,Sikh,35-39,111,48,63,62,46,16,5,1,4,4,1,3,44,1,43,7,0,7
Total,State - ANDAMAN & NICOBAR ISLANDS,Sikh,40-49,233,139,94,163,126,37,10,7,3,5,4,1,60,6,54,7,1,6
Total,State - ANDAMAN & NICOBAR ISLANDS,Sikh,50-59,139,86,53,98,77,21,5,4,1,1,0,1,36,5,31,5,1,4
Total,State - ANDAMAN & NICOBAR ISLANDS,Sikh,60-69,59,33,26,18,17,1,2,2,0,0,0,0,39,14,25,2,1,1
Total,State - ANDAMAN & NICOBAR ISLANDS,Sikh,70-79,25,11,14,0,0,0,1,1,0,0,0,0,24,10,14,0,0,0
Total,State - ANDAMAN & NICOBAR ISLANDS,Sikh,80+,20,10,10,2,1,1,0,0,0,0,0,0,18,9,9,0,0,0
Total,State - ANDAMAN & NICOBAR ISLANDS,Sikh,Age not stated,1,0,1,0,0,0,0,0,0,0,0,0,1,0,1,0,0,0
Total,State - ANDAMAN & NICOBAR ISLANDS,Sikh,15-59,924,515,409,481,379,102,49,32,17,31,20,11,394,104,290,92,30,62
Total,State - ANDAMAN & NICOBAR ISLANDS,Sikh,60+,104,54,50,20,18,2,3,3,0,0,0,0,81,33,48,2,1,1
Total,State - ANDAMAN & NICOBAR ISLANDS,Buddhist,Total,338,188,150,71,62,9,23,18,5,11,7,4,244,108,136,28,8,20
Total,State - ANDAMAN & NICOBAR ISLANDS,Buddhist,5-9,34,21,13,0,0,0,0,0,0,0,0,0,34,21,13,0,0,0
Total,State - ANDAMAN & NICOBAR ISLANDS,Buddhist,10-14,53,28,25,1,0,1,1,1,0,1,1,0,51,27,24,1,0,1
Total,State - ANDAMAN & NICOBAR ISLANDS,Buddhist,15-19,31,19,12,2,2,0,3,2,1,2,1,1,26,15,11,3,1,2
Total,State - ANDAMAN & NICOBAR ISLANDS,Buddhist,20-24,33,18,15,8,8,0,4,2,2,3,1,2,21,8,13,7,2,5
Total,State - ANDAMAN & NICOBAR ISLANDS,Buddhist,25-29,27,16,11,6,5,1,6,6,0,2,2,0,15,5,10,8,2,6
Total,State - ANDAMAN & NICOBAR ISLANDS,Buddhist,30-34,27,11,16,9,7,2,3,3,0,0,0,0,15,1,14,5,1,4
Total,State - ANDAMAN & NICOBAR ISLANDS,Buddhist,35-39,20,12,8,11,11,0,0,0,0,0,0,0,9,1,8,3,1,2
Total,State - ANDAMAN & NICOBAR ISLANDS,Buddhist,40-49,32,21,11,20,18,2,2,2,0,1,1,0,10,1,9,0,0,0
Total,State - ANDAMAN & NICOBAR ISLANDS,Buddhist,50-59,15,8,7,9,8,1,1,0,1,0,0,0,5,0,5,0,0,0
Total,State - ANDAMAN & NICOBAR ISLANDS,Buddhist,60-69,19,13,6,4,3,1,2,1,1,1,0,1,13,9,4,1,1,0
Total,State - ANDAMAN & NICOBAR ISLANDS,Buddhist,70-79,3,0,3,1,0,1,0,0,0,0,0,0,2,0,2,0,0,0
Total,State - ANDAMAN & NICOBAR ISLANDS,Buddhist,80+,3,1,2,0,0,0,0,0,0,0,0,0,3,1,2,0,0,0
Total,State - ANDAMAN & NICOBAR ISLANDS,Buddhist,Age not stated,1,1,0,0,0,0,1,1,0,1,1,0,0,0,0,0,0,0
Total,State - ANDAMAN & NICOBAR ISLANDS,Buddhist,15-59,185,105,80,65,59,6,19,15,4,8,5,3,101,31,70,26,7,19
Total,State - ANDAMAN & NICOBAR ISLANDS,Buddhist,60+,25,14,11,5,3,2,2,1,1,1,0,1,18,10,8,1,1,0
Total,State - ANDAMAN & NICOBAR ISLANDS,Jain,Total,31,14,17,8,5,3,3,3,0,2,2,0,20,6,14,4,3,1
Total,State - ANDAMAN & NICOBAR ISLANDS,Jain,5-9,2,1,1,0,0,0,0,0,0,0,0,0,2,1,1,0,0,0
Total,State - ANDAMAN & NICOBAR ISLANDS,Jain,10-14,4,1,3,0,0,0,0,0,0,0,0,0,4,1,3,0,0,0
Total,State - ANDAMAN & NICOBAR ISLANDS,Jain,15-19,3,2,1,0,0,0,1,1,0,0,0,0,2,1,1,2,1,1
Total,State - ANDAMAN & NICOBAR ISLANDS,Jain,20-24,1,1,0,0,0,0,0,0,0,0,0,0,1,1,0,1,1,0
Total,State - ANDAMAN & NICOBAR ISLANDS,Jain,25-29,2,1,1,0,0,0,1,1,0,1,1,0,1,0,1,0,0,0
Total,State - ANDAMAN & NICOBAR ISLANDS,Jain,30-34,5,2,3,3,1,2,1,1,0,1,1,0,1,0,1,0,0,0
Total,State - ANDAMAN & NICOBAR ISLANDS,Jain,35-39,3,1,2,1,1,0,0,0,0,0,0,0,2,0,2,0,0,0
Total,State - ANDAMAN & NICOBAR ISLANDS,Jain,40-49,4,2,2,3,2,1,0,0,0,0,0,0,1,0,1,0,0,0
Total,State - ANDAMAN & NICOBAR ISLANDS,Jain,50-59,3,2,1,1,1,0,0,0,0,0,0,0,2,1,1,1,1,0
Total,State - ANDAMAN & NICOBAR ISLANDS,Jain,60-69,0,0,0,0,0,0,0,0,0,0,0,0,0,0,0,0,0,0
Total,State - ANDAMAN & NICOBAR ISLANDS,Jain,70-79,0,0,0,0,0,0,0,0,0,0,0,0,0,0,0,0,0,0
Total,State - ANDAMAN & NICOBAR ISLANDS,Jain,80+,0,0,0,0,0,0,0,0,0,0,0,0,0,0,0,0,0,0
Total,State - ANDAMAN & NICOBAR ISLANDS,Jain,Age not stated,0,0,0,0,0,0,0,0,0,0,0,0,0,0,0,0,0,0
Total,State - ANDAMAN & NICOBAR ISLANDS,Jain,15-59,21,11,10,8,5,3,3,3,0,2,2,0,10,3,7,4,3,1
Total,State - ANDAMAN & NICOBAR ISLANDS,Jain,60+,0,0,0,0,0,0,0,0,0,0,0,0,0,0,0,0,0,0
Total,State - ANDAMAN & NICOBAR ISLANDS,Other religious communities,Total,564,317,247,108,79,29,48,29,19,39,23,16,408,209,199,33,12,21
Total,State - ANDAMAN & NICOBAR ISLANDS,Other religious communities,5-9,35,15,20,2,2,0,0,0,0,0,0,0,33,13,20,0,0,0
Total,State - ANDAMAN & NICOBAR ISLANDS,Other religious communities,10-14,50,37,13,0,0,0,1,1,0,0,0,0,49,36,13,1,0,1
Total,State - ANDAMAN & NICOBAR ISLANDS,Other religious communities,15-19,40,22,18,3,2,1,8,4,4,8,4,4,29,16,13,6,4,2
Total,State - ANDAMAN & NICOBAR ISLANDS,Other religious communities,20-24,49,29,20,11,11,0,5,3,2,5,3,2,33,15,18,5,2,3
Total,State - ANDAMAN & NICOBAR ISLANDS,Other religious communities,25-29,52,28,24,15,7,8,7,2,5,7,2,5,30,19,11,7,4,3
Total,State - ANDAMAN & NICOBAR ISLANDS,Other religious communities,30-34,56,28,28,12,8,4,8,4,4,6,3,3,36,16,20,6,1,5
Total,State - ANDAMAN & NICOBAR ISLANDS,Other religious communities,35-39,46,19,27,15,10,5,4,2,2,3,2,1,27,7,20,5,0,5
Total,State - ANDAMAN & NICOBAR ISLANDS,Other religious communities,40-49,85,57,28,27,19,8,5,4,1,3,2,1,53,34,19,1,0,1
Total,State - ANDAMAN & NICOBAR ISLANDS,Other religious communities,50-59,61,34,27,19,16,3,8,7,1,6,6,0,34,11,23,1,0,1
Total,State - ANDAMAN & NICOBAR ISLANDS,Other religious communities,60-69,35,25,10,2,2,0,2,2,0,1,1,0,31,21,10,1,1,0
Total,State - ANDAMAN & NICOBAR ISLANDS,Other religious communities,70-79,9,5,4,2,2,0,0,0,0,0,0,0,7,3,4,0,0,0
Total,State - ANDAMAN & NICOBAR ISLANDS,Other religious communities,80+,3,0,3,0,0,0,0,0,0,0,0,0,3,0,3,0,0,0
Total,State - ANDAMAN & NICOBAR ISLANDS,Other religious communities,Age not stated,0,0,0,0,0,0,0,0,0,0,0,0,0,0,0,0,0,0
Total,State - ANDAMAN & NICOBAR ISLANDS,Other religious communities,15-59,389,217,172,102,73,29,45,26,19,38,22,16,242,118,124,31,11,20
Total,State - ANDAMAN & NICOBAR ISLANDS,Other religious communities,60+,47,30,17,4,4,0,2,2,0,1,1,0,41,24,17,1,1,0
Rural,State - ANDAMAN & NICOBAR ISLANDS,All religious communities,Total,237093,126287,110806,72366,60411,11955,22103,14259,7844,10098,7293,2805,142624,51617,91007,21487,7226,14261
Rural,State - ANDAMAN & NICOBAR ISLANDS,All religious communities,5-9,19265,9849,9416,262,136,126,148,67,81,63,28,35,18855,9646,9209,306,148,158
Rural,State - ANDAMAN & NICOBAR ISLANDS,All religious communities,10-14,21226,10731,10495,374,220,154,315,185,130,121,70,51,20537,10326,10211,776,412,364
Rural,State - ANDAMAN & NICOBAR ISLANDS,All religious communities,15-19,20369,10644,9725,1568,1254,314,1244,831,413,816,569,247,17557,8559,8998,4624,2279,2345
Rural,State - ANDAMAN & NICOBAR ISLANDS,All religious communities,20-24,22540,11654,10886,6577,5636,941,3055,2134,921,1949,1451,498,12908,3884,9024,6047,2320,3727
Rural,State - ANDAMAN & NICOBAR ISLANDS,All religious communities,25-29,25558,13675,11883,11083,9357,1726,3829,2616,1213,2308,1699,609,10646,1702,8944,4084,1079,3005
Rural,State - ANDAMAN & NICOBAR ISLANDS,All religious communities,30-34,21811,11945,9866,10903,9081,1822,3130,2053,1077,1622,1186,436,7778,811,6967,2323,423,1900
Rural,State - ANDAMAN & NICOBAR ISLANDS,All religious communities,35-39,19802,10424,9378,10246,8298,1948,2754,1681,1073,1188,813,375,6802,445,6357,1490,201,1289
Rural,State - ANDAMAN & NICOBAR ISLANDS,All religious communities,40-49,30391,16912,13479,16875,13959,2916,3824,2277,1547,1281,920,361,9692,676,9016,1164,158,1006
Rural,State - ANDAMAN & NICOBAR ISLANDS,All religious communities,50-59,19337,10876,8461,10222,8734,1488,2323,1387,936,510,374,136,6792,755,6037,417,89,328
Rural,State - ANDAMAN & NICOBAR ISLANDS,All religious communities,60-69,11571,6376,5195,3237,2840,397,1090,735,355,184,137,47,7244,2801,4443,179,79,100
Rural,State - ANDAMAN & NICOBAR ISLANDS,All religious communities,70-79,4511,2639,1872,743,657,86,303,223,80,34,29,5,3465,1759,1706,35,19,16
Rural,State - ANDAMAN & NICOBAR ISLANDS,All religious communities,80+,1857,992,865,234,203,31,73,57,16,16,13,3,1550,732,818,24,11,13
Rural,State - ANDAMAN & NICOBAR ISLANDS,All religious communities,Age not stated,180,101,79,42,36,6,15,13,2,6,4,2,123,52,71,18,8,10
Rural,State - ANDAMAN & NICOBAR ISLANDS,All religious communities,15-59,159808,86130,73678,67474,56319,11155,20159,12979,7180,9674,7012,2662,72175,16832,55343,20149,6549,13600
Rural,State - ANDAMAN & NICOBAR ISLANDS,All religious communities,60+,17939,10007,7932,4214,3700,514,1466,1015,451,234,179,55,12259,5292,6967,238,109,129
Rural,State - ANDAMAN & NICOBAR ISLANDS,Hindu,Total,157268,84639,72629,51882,44192,7690,10900,7260,3640,5606,4192,1414,94486,33187,61299,13479,4321,9158
Rural,State - ANDAMAN & NICOBAR ISLANDS,Hindu,5-9,12923,6660,6263,181,95,86,66,27,39,30,12,18,12676,6538,6138,214,99,115
Rural,State - ANDAMAN & NICOBAR ISLANDS,Hindu,10-14,14432,7302,7130,242,145,97,146,91,55,47,30,17,14044,7066,6978,526,272,254
Rural,State - ANDAMAN & NICOBAR ISLANDS,Hindu,15-19,13534,7125,6409,1089,917,172,672,460,212,442,327,115,11773,5748,6025,2973,1480,1493
Rural,State - ANDAMAN & NICOBAR ISLANDS,Hindu,20-24,15057,7840,7217,4864,4283,581,1669,1214,455,1101,857,244,8524,2343,6181,3782,1411,2371
Rural,State - ANDAMAN & NICOBAR ISLANDS,Hindu,25-29,17425,9435,7990,8182,7069,1113,2106,1475,631,1341,1029,312,7137,891,6246,2512,586,1926
Rural,State - ANDAMAN & NICOBAR ISLANDS,Hindu,30-34,14464,8098,6366,7816,6658,1158,1566,1043,523,895,662,233,5082,397,4685,1397,221,1176
Rural,State - ANDAMAN & NICOBAR ISLANDS,Hindu,35-39,13047,6938,6109,7229,5945,1284,1315,808,507,645,456,189,4503,185,4318,930,82,848
Rural,State - ANDAMAN & NICOBAR ISLANDS,Hindu,40-49,20218,11463,8755,12086,10152,1934,1682,1024,658,687,494,193,6450,287,6163,733,63,670
Rural,State - ANDAMAN & NICOBAR ISLANDS,Hindu,50-59,12269,7052,5217,7007,6076,931,1004,612,392,268,210,58,4258,364,3894,260,44,216
Rural,State - ANDAMAN & NICOBAR ISLANDS,Hindu,60-69,7492,4223,3269,2441,2185,256,520,385,135,128,98,30,4531,1653,2878,107,41,66
Rural,State - ANDAMAN & NICOBAR ISLANDS,Hindu,70-79,2882,1624,1258,551,492,59,123,94,29,16,12,4,2208,1038,1170,18,11,7
Rural,State - ANDAMAN & NICOBAR ISLANDS,Hindu,80+,1253,646,607,165,149,16,26,22,4,6,5,1,1062,475,587,16,5,11
Rural,State - ANDAMAN & NICOBAR ISLANDS,Hindu,Age not stated,107,62,45,29,26,3,5,5,0,0,0,0,73,31,42,11,6,5
Rural,State - ANDAMAN & NICOBAR ISLANDS,Hindu,15-59,106014,57951,48063,48273,41100,7173,10014,6636,3378,5379,4035,1344,47727,10215,37512,12587,3887,8700
Rural,State - ANDAMAN & NICOBAR ISLANDS,Hindu,60+,11627,6493,5134,3157,2826,331,669,501,168,150,115,35,7801,3166,4635,141,57,84
Rural,State - ANDAMAN & NICOBAR ISLANDS,Muslim,Total,15124,7979,7145,5082,4212,870,926,658,268,570,403,167,9116,3109,6007,1537,507,1030
Rural,State - ANDAMAN & NICOBAR ISLANDS,Muslim,5-9,1284,640,644,29,15,14,18,13,5,4,2,2,1237,612,625,24,14,10
Rural,State - ANDAMAN & NICOBAR ISLANDS,Muslim,10-14,1197,586,611,43,24,19,34,18,16,19,9,10,1120,544,576,40,22,18
Rural,State - ANDAMAN & NICOBAR ISLANDS,Muslim,15-19,1240,613,627,130,103,27,72,48,24,60,38,22,1038,462,576,312,130,182
Rural,State - ANDAMAN & NICOBAR ISLANDS,Muslim,20-24,1572,829,743,513,418,95,175,124,51,138,95,43,884,287,597,488,213,275
Rural,State - ANDAMAN & NICOBAR ISLANDS,Muslim,25-29,1760,916,844,815,665,150,193,139,54,149,105,44,752,112,640,318,74,244
Rural,State - ANDAMAN & NICOBAR ISLANDS,Muslim,30-34,1578,857,721,860,703,157,131,102,29,79,64,15,587,52,535,190,30,160
Rural,State - ANDAMAN & NICOBAR ISLANDS,Muslim,35-39,1334,721,613,778,637,141,87,64,23,46,32,14,469,20,449,91,12,79
Rural,State - ANDAMAN & NICOBAR ISLANDS,Muslim,40-49,1809,1020,789,1071,912,159,114,82,32,50,40,10,624,26,598,49,2,47
Rural,State - ANDAMAN & NICOBAR ISLANDS,Muslim,50-59,1167,651,516,657,573,84,63,43,20,17,14,3,447,35,412,11,2,9
Rural,State - ANDAMAN & NICOBAR ISLANDS,Muslim,60-69,550,288,262,132,119,13,25,16,9,2,0,2,393,153,240,9,6,3
Rural,State - ANDAMAN & NICOBAR ISLANDS,Muslim,70-79,242,145,97,32,28,4,6,3,3,0,0,0,204,114,90,4,2,2
Rural,State - ANDAMAN & NICOBAR ISLANDS,Muslim,80+,112,58,54,18,11,7,5,4,1,4,3,1,89,43,46,1,0,1
Rural,State - ANDAMAN & NICOBAR ISLANDS,Muslim,Age not stated,14,9,5,4,4,0,3,2,1,2,1,1,7,3,4,0,0,0
Rural,State - ANDAMAN & NICOBAR ISLANDS,Muslim,15-59,10460,5607,4853,4824,4011,813,835,602,233,539,388,151,4801,994,3807,1459,463,996
Rural,State - ANDAMAN & NICOBAR ISLANDS,Muslim,60+,904,491,413,182,158,24,36,23,13,6,3,3,686,310,376,14,8,6
Rural,State - ANDAMAN & NICOBAR ISLANDS,Christian,Total,62785,32639,30146,14789,11590,3199,10147,6256,3891,3842,2649,1193,37849,14793,23056,6361,2357,4004
Rural,State - ANDAMAN & NICOBAR ISLANDS,Christian,5-9,4882,2453,2429,47,21,26,63,26,37,29,14,15,4772,2406,2366,67,34,33
Rural,State - ANDAMAN & NICOBAR ISLANDS,Christian,10-14,5420,2740,2680,70,39,31,133,74,59,54,30,24,5217,2627,2590,209,117,92
Rural,State - ANDAMAN & NICOBAR ISLANDS,Christian,15-19,5405,2804,2601,279,199,80,485,315,170,303,198,105,4641,2290,2351,1323,661,662
Rural,State - ANDAMAN & NICOBAR ISLANDS,Christian,20-24,5735,2895,2840,1127,889,238,1193,786,407,697,492,205,3415,1220,2195,1748,683,1065
Rural,State - ANDAMAN & NICOBAR ISLANDS,Christian,25-29,6208,3239,2969,2020,1582,438,1503,985,518,800,555,245,2685,672,2013,1229,410,819
Rural,State - ANDAMAN & NICOBAR ISLANDS,Christian,30-34,5601,2902,2699,2148,1663,485,1413,895,518,635,452,183,2040,344,1696,722,170,552
Rural,State - ANDAMAN & NICOBAR ISLANDS,Christian,35-39,5290,2705,2585,2169,1666,503,1345,807,538,492,323,169,1776,232,1544,461,106,355
Rural,State - ANDAMAN & NICOBAR ISLANDS,Christian,40-49,8118,4277,3841,3583,2799,784,2009,1156,853,534,378,156,2526,322,2204,374,91,283
Rural,State - ANDAMAN & NICOBAR ISLANDS,Christian,50-59,5760,3087,2673,2483,2025,458,1243,722,521,219,145,74,2034,340,1694,140,41,99
Rural,State - ANDAMAN & NICOBAR ISLANDS,Christian,60-69,3449,1814,1635,647,523,124,539,329,210,52,38,14,2263,962,1301,61,30,31
Rural,State - ANDAMAN & NICOBAR ISLANDS,Christian,70-79,1359,860,499,158,136,22,173,125,48,18,17,1,1028,599,429,13,6,7
Rural,State - ANDAMAN & NICOBAR ISLANDS,Christian,80+,474,282,192,49,42,7,42,31,11,6,5,1,383,209,174,7,6,1
Rural,State - ANDAMAN & NICOBAR ISLANDS,Christian,Age not stated,52,27,25,9,6,3,6,5,1,3,2,1,37,16,21,7,2,5
Rural,State - ANDAMAN & NICOBAR ISLANDS,Christian,15-59,42117,21909,20208,13809,10823,2986,9191,5666,3525,3680,2543,1137,19117,5420,13697,5997,2162,3835
Rural,State - ANDAMAN & NICOBAR ISLANDS,Christian,60+,5282,2956,2326,854,701,153,754,485,269,76,60,16,3674,1770,1904,81,42,39
Rural,State - ANDAMAN & NICOBAR ISLANDS,Sikh,Total,644,355,289,226,183,43,45,31,14,24,16,8,373,141,232,51,15,36
Rural,State - ANDAMAN & NICOBAR ISLANDS,Sikh,5-9,44,23,21,0,0,0,1,1,0,0,0,0,43,22,21,0,0,0
Rural,State - ANDAMAN & NICOBAR ISLANDS,Sikh,10-14,55,32,23,2,1,1,0,0,0,0,0,0,53,31,22,0,0,0
Rural,State - ANDAMAN & NICOBAR ISLANDS,Sikh,15-19,55,35,20,2,2,0,1,1,0,1,1,0,52,32,20,6,4,2
Rural,State - ANDAMAN & NICOBAR ISLANDS,Sikh,20-24,45,22,23,14,11,3,7,4,3,5,4,1,24,7,17,11,4,7
Rural,State - ANDAMAN & NICOBAR ISLANDS,Sikh,25-29,61,30,31,22,19,3,11,7,4,7,4,3,28,4,24,14,4,10
Rural,State - ANDAMAN & NICOBAR ISLANDS,Sikh,30-34,66,37,29,40,33,7,5,4,1,4,3,1,21,0,21,5,0,5
Rural,State - ANDAMAN & NICOBAR ISLANDS,Sikh,35-39,54,24,30,30,24,6,2,0,2,1,0,1,22,0,22,4,0,4
Rural,State - ANDAMAN & NICOBAR ISLANDS,Sikh,40-49,101,64,37,63,52,11,10,7,3,5,4,1,28,5,23,6,1,5
Rural,State - ANDAMAN & NICOBAR ISLANDS,Sikh,50-59,65,41,24,43,33,10,5,4,1,1,0,1,17,4,13,4,1,3
Rural,State - ANDAMAN & NICOBAR ISLANDS,Sikh,60-69,29,18,11,8,7,1,2,2,0,0,0,0,19,9,10,1,1,0
Rural,State - ANDAMAN & NICOBAR ISLANDS,Sikh,70-79,15,5,10,0,0,0,1,1,0,0,0,0,14,4,10,0,0,0
Rural,State - ANDAMAN & NICOBAR ISLANDS,Sikh,80+,13,6,7,2,1,1,0,0,0,0,0,0,11,5,6,0,0,0
Rural,State - ANDAMAN & NICOBAR ISLANDS,Sikh,Age not stated,1,0,1,0,0,0,0,0,0,0,0,0,1,0,1,0,0,0
Rural,State - ANDAMAN & NICOBAR ISLANDS,Sikh,15-59,447,253,194,214,174,40,41,27,14,24,16,8,192,52,140,50,14,36
Rural,State - ANDAMAN & NICOBAR ISLANDS,Sikh,60+,57,29,28,10,8,2,3,3,0,0,0,0,44,18,26,1,1,0
Rural,State - ANDAMAN & NICOBAR ISLANDS,Buddhist,Total,262,149,113,49,42,7,22,18,4,10,7,3,191,89,102,22,6,16
Rural,State - ANDAMAN & NICOBAR ISLANDS,Buddhist,5-9,28,17,11,0,0,0,0,0,0,0,0,0,28,17,11,0,0,0
Rural,State - ANDAMAN & NICOBAR ISLANDS,Buddhist,10-14,41,21,20,0,0,0,1,1,0,1,1,0,40,20,20,0,0,0
Rural,State - ANDAMAN & NICOBAR ISLANDS,Buddhist,15-19,24,15,9,1,1,0,2,2,0,1,1,0,21,12,9,2,0,2
Rural,State - ANDAMAN & NICOBAR ISLANDS,Buddhist,20-24,26,14,12,6,6,0,4,2,2,3,1,2,16,6,10,5,1,4
Rural,State - ANDAMAN & NICOBAR ISLANDS,Buddhist,25-29,23,15,8,4,4,0,6,6,0,2,2,0,13,5,8,6,2,4
Rural,State - ANDAMAN & NICOBAR ISLANDS,Buddhist,30-34,20,9,11,7,5,2,3,3,0,0,0,0,10,1,9,5,1,4
Rural,State - ANDAMAN & NICOBAR ISLANDS,Buddhist,35-39,13,8,5,7,7,0,0,0,0,0,0,0,6,1,5,3,1,2
Rural,State - ANDAMAN & NICOBAR ISLANDS,Buddhist,40-49,24,17,7,16,14,2,2,2,0,1,1,0,6,1,5,0,0,0
Rural,State - ANDAMAN & NICOBAR ISLANDS,Buddhist,50-59,8,3,5,4,3,1,1,0,1,0,0,0,3,0,3,0,0,0
Rural,State - ANDAMAN & NICOBAR ISLANDS,Buddhist,60-69,15,11,4,3,2,1,2,1,1,1,0,1,10,8,2,1,1,0
Rural,State - ANDAMAN & NICOBAR ISLANDS,Buddhist,70-79,3,0,3,1,0,1,0,0,0,0,0,0,2,0,2,0,0,0
Rural,State - ANDAMAN & NICOBAR ISLANDS,Buddhist,80+,2,0,2,0,0,0,0,0,0,0,0,0,2,0,2,0,0,0
Rural,State - ANDAMAN & NICOBAR ISLANDS,Buddhist,Age not stated,1,1,0,0,0,0,1,1,0,1,1,0,0,0,0,0,0,0
Rural,State - ANDAMAN & NICOBAR ISLANDS,Buddhist,15-59,138,81,57,45,40,5,18,15,3,7,5,2,75,26,49,21,5,16
Rural,State - ANDAMAN & NICOBAR ISLANDS,Buddhist,60+,20,11,9,4,2,2,2,1,1,1,0,1,14,8,6,1,1,0
Rural,State - ANDAMAN & NICOBAR ISLANDS,Jain,Total,14,8,6,3,1,2,3,3,0,2,2,0,8,4,4,4,3,1
Rural,State - ANDAMAN & NICOBAR ISLANDS,Jain,5-9,0,0,0,0,0,0,0,0,0,0,0,0,0,0,0,0,0,0
Rural,State - ANDAMAN & NICOBAR ISLANDS,Jain,10-14,1,0,1,0,0,0,0,0,0,0,0,0,1,0,1,0,0,0
Rural,State - ANDAMAN & NICOBAR ISLANDS,Jain,15-19,3,2,1,0,0,0,1,1,0,0,0,0,2,1,1,2,1,1
Rural,State - ANDAMAN & NICOBAR ISLANDS,Jain,20-24,1,1,0,0,0,0,0,0,0,0,0,0,1,1,0,1,1,0
Rural,State - ANDAMAN & NICOBAR ISLANDS,Jain,25-29,2,1,1,0,0,0,1,1,0,1,1,0,1,0,1,0,0,0
Rural,State - ANDAMAN & NICOBAR ISLANDS,Jain,30-34,2,1,1,1,0,1,1,1,0,1,1,0,0,0,0,0,0,0
Rural,State - ANDAMAN & NICOBAR ISLANDS,Jain,35-39,0,0,0,0,0,0,0,0,0,0,0,0,0,0,0,0,0,0
Rural,State - ANDAMAN & NICOBAR ISLANDS,Jain,40-49,1,0,1,1,0,1,0,0,0,0,0,0,0,0,0,0,0,0
Rural,State - ANDAMAN & NICOBAR ISLANDS,Jain,50-59,3,2,1,1,1,0,0,0,0,0,0,0,2,1,1,1,1,0
Rural,State - ANDAMAN & NICOBAR ISLANDS,Jain,60-69,0,0,0,0,0,0,0,0,0,0,0,0,0,0,0,0,0,0
Rural,State - ANDAMAN & NICOBAR ISLANDS,Jain,70-79,0,0,0,0,0,0,0,0,0,0,0,0,0,0,0,0,0,0
Rural,State - ANDAMAN & NICOBAR ISLANDS,Jain,80+,0,0,0,0,0,0,0,0,0,0,0,0,0,0,0,0,0,0
Rural,State - ANDAMAN & NICOBAR ISLANDS,Jain,Age not stated,0,0,0,0,0,0,0,0,0,0,0,0,0,0,0,0,0,0
Rural,State - ANDAMAN & NICOBAR ISLANDS,Jain,15-59,12,7,5,3,1,2,3,3,0,2,2,0,6,3,3,4,3,1
Rural,State - ANDAMAN & NICOBAR ISLANDS,Jain,60+,0,0,0,0,0,0,0,0,0,0,0,0,0,0,0,0,0,0
Rural,State - ANDAMAN & NICOBAR ISLANDS,Other religious communities,Total,443,250,193,61,46,15,46,27,19,37,21,16,336,177,159,14,5,9
Rural,State - ANDAMAN & NICOBAR ISLANDS,Other religious communities,5-9,25,10,15,2,2,0,0,0,0,0,0,0,23,8,15,0,0,0
Rural,State - ANDAMAN & NICOBAR ISLANDS,Other religious communities,10-14,40,29,11,0,0,0,1,1,0,0,0,0,39,28,11,0,0,0
Rural,State - ANDAMAN & NICOBAR ISLANDS,Other religious communities,15-19,31,17,14,3,2,1,8,4,4,8,4,4,20,11,9,3,1,2
Rural,State - ANDAMAN & NICOBAR ISLANDS,Other religious communities,20-24,38,21,17,5,5,0,4,2,2,4,2,2,29,14,15,3,1,2
Rural,State - ANDAMAN & NICOBAR ISLANDS,Other religious communities,25-29,39,22,17,7,3,4,7,2,5,7,2,5,25,17,8,2,2,0
Rural,State - ANDAMAN & NICOBAR ISLANDS,Other religious communities,30-34,47,24,23,7,4,3,8,4,4,6,3,3,32,16,16,3,1,2
Rural,State - ANDAMAN & NICOBAR ISLANDS,Other religious communities,35-39,35,16,19,10,7,3,4,2,2,3,2,1,21,7,14,1,0,1
Rural,State - ANDAMAN & NICOBAR ISLANDS,Other religious communities,40-49,73,51,22,17,13,4,5,4,1,3,2,1,51,34,17,1,0,1
Rural,State - ANDAMAN & NICOBAR ISLANDS,Other religious communities,50-59,45,26,19,9,9,0,7,6,1,5,5,0,29,11,18,1,0,1
Rural,State - ANDAMAN & NICOBAR ISLANDS,Other religious communities,60-69,27,18,9,0,0,0,2,2,0,1,1,0,25,16,9,0,0,0
Rural,State - ANDAMAN & NICOBAR ISLANDS,Other religious communities,70-79,7,4,3,1,1,0,0,0,0,0,0,0,6,3,3,0,0,0
Rural,State - ANDAMAN & NICOBAR ISLANDS,Other religious communities,80+,3,0,3,0,0,0,0,0,0,0,0,0,3,0,3,0,0,0
Rural,State - ANDAMAN & NICOBAR ISLANDS,Other religious communities,Age not stated,0,0,0,0,0,0,0,0,0,0,0,0,0,0,0,0,0,0
Rural,State - ANDAMAN & NICOBAR ISLANDS,Other religious communities,15-59,308,177,131,58,43,15,43,24,19,36,20,16,207,110,97,14,5,9
Rural,State - ANDAMAN & NICOBAR ISLANDS,Other religious communities,60+,37,22,15,1,1,0,2,2,0,1,1,0,34,19,15,0,0,0
Urban,State - ANDAMAN & NICOBAR ISLANDS,All religious communities,Total,143488,76584,66904,53544,43208,10336,4522,3011,1511,2944,1999,945,85422,30365,55057,16654,5342,11312
Urban,State - ANDAMAN & NICOBAR ISLANDS,All religious communities,5-9,11189,5663,5526,120,66,54,90,51,39,30,16,14,10979,5546,5433,309,159,150
Urban,State - ANDAMAN & NICOBAR ISLANDS,All religious communities,10-14,12241,6387,5854,243,144,99,120,64,56,46,20,26,11878,6179,5699,718,372,346
Urban,State - ANDAMAN & NICOBAR ISLANDS,All religious communities,15-19,12657,6622,6035,1287,1065,222,348,218,130,249,152,97,11022,5339,5683,3353,1630,1723
Urban,State - ANDAMAN & NICOBAR ISLANDS,All religious communities,20-24,14575,7874,6701,5156,4405,751,829,593,236,650,460,190,8590,2876,5714,4737,1867,2870
Urban,State - ANDAMAN & NICOBAR ISLANDS,All religious communities,25-29,16164,8555,7609,8260,6839,1421,917,634,283,731,512,219,6987,1082,5905,3317,776,2541
Urban,State - ANDAMAN & NICOBAR ISLANDS,All religious communities,30-34,13912,7414,6498,8067,6549,1518,704,457,247,485,321,164,5141,408,4733,1812,255,1557
Urban,State - ANDAMAN & NICOBAR ISLANDS,All religious communities,35-39,13040,6746,6294,7930,6245,1685,498,307,191,308,199,109,4612,194,4418,1212,103,1109
Urban,State - ANDAMAN & NICOBAR ISLANDS,All religious communities,40-49,20205,11171,9034,13444,10501,2943,584,368,216,293,197,96,6177,302,5875,846,79,767
Urban,State - ANDAMAN & NICOBAR ISLANDS,All religious communities,50-59,11753,6704,5049,7601,6144,1457,270,195,75,116,92,24,3882,365,3517,208,33,175
Urban,State - ANDAMAN & NICOBAR ISLANDS,All religious communities,60-69,5031,2861,2170,1083,955,128,109,83,26,23,20,3,3839,1823,2016,92,51,41
Urban,State - ANDAMAN & NICOBAR ISLANDS,All religious communities,70-79,1838,1034,804,210,185,25,32,25,7,2,1,1,1596,824,772,24,11,13
Urban,State - ANDAMAN & NICOBAR ISLANDS,All religious communities,80+,616,287,329,86,65,21,12,10,2,4,3,1,518,212,306,9,2,7
Urban,State - ANDAMAN & NICOBAR ISLANDS,All religious communities,Age not stated,188,94,94,57,45,12,9,6,3,7,6,1,122,43,79,17,4,13
Urban,State - ANDAMAN & NICOBAR ISLANDS,All religious communities,15-59,102306,55086,47220,51745,41748,9997,4150,2772,1378,2832,1933,899,46411,10566,35845,15485,4743,10742
Urban,State - ANDAMAN & NICOBAR ISLANDS,All religious communities,60+,7485,4182,3303,1379,1205,174,153,118,35,29,24,5,5953,2859,3094,125,64,61
Urban,State - ANDAMAN & NICOBAR ISLANDS,Hindu,Total,107028,57638,49390,40099,32905,7194,3485,2313,1172,2258,1535,723,63444,22420,41024,12012,3740,8272
Urban,State - ANDAMAN & NICOBAR ISLANDS,Hindu,5-9,8398,4287,4111,92,51,41,73,39,34,27,14,13,8233,4197,4036,218,114,104
Urban,State - ANDAMAN & NICOBAR ISLANDS,Hindu,10-14,9100,4781,4319,165,103,62,91,48,43,34,13,21,8844,4630,4214,475,245,230
Urban,State - ANDAMAN & NICOBAR ISLANDS,Hindu,15-19,9398,4895,4503,914,756,158,274,167,107,201,120,81,8210,3972,4238,2476,1186,1290
Urban,State - ANDAMAN & NICOBAR ISLANDS,Hindu,20-24,11026,6040,4986,4010,3494,516,639,468,171,502,367,135,6377,2078,4299,3425,1339,2086
Urban,State - ANDAMAN & NICOBAR ISLANDS,Hindu,25-29,12363,6612,5751,6357,5377,980,721,500,221,569,400,169,5285,735,4550,2410,518,1892
Urban,State - ANDAMAN & NICOBAR ISLANDS,Hindu,30-34,10353,5605,4748,6065,5003,1062,531,342,189,354,234,120,3757,260,3497,1280,159,1121
Urban,State - ANDAMAN & NICOBAR ISLANDS,Hindu,35-39,9782,5088,4694,5949,4740,1209,379,226,153,230,144,86,3454,122,3332,866,62,804
Urban,State - ANDAMAN & NICOBAR ISLANDS,Hindu,40-49,14961,8377,6584,9916,7895,2021,438,273,165,225,149,76,4607,209,4398,626,54,572
Urban,State - ANDAMAN & NICOBAR ISLANDS,Hindu,50-59,8546,4960,3586,5558,4549,1009,214,154,60,91,72,19,2774,257,2517,146,19,127
Urban,State - ANDAMAN & NICOBAR ISLANDS,Hindu,60-69,3599,2079,1520,818,723,95,82,62,20,15,13,2,2699,1294,1405,59,33,26
Urban,State - ANDAMAN & NICOBAR ISLANDS,Hindu,70-79,1233,700,533,150,130,20,26,20,6,1,1,0,1057,550,507,16,8,8
Urban,State - ANDAMAN & NICOBAR ISLANDS,Hindu,80+,429,194,235,57,45,12,9,8,1,2,2,0,363,141,222,5,1,4
Urban,State - ANDAMAN & NICOBAR ISLANDS,Hindu,Age not stated,148,77,71,48,39,9,8,6,2,7,6,1,92,32,60,10,2,8
Urban,State - ANDAMAN & NICOBAR ISLANDS,Hindu,15-59,76429,41577,34852,38769,31814,6955,3196,2130,1066,2172,1486,686,34464,7633,26831,11229,3337,7892
Urban,State - ANDAMAN & NICOBAR ISLANDS,Hindu,60+,5261,2973,2288,1025,898,127,117,90,27,18,16,2,4119,1985,2134,80,42,38
Urban,State - ANDAMAN & NICOBAR ISLANDS,Muslim,Total,17289,9322,7967,6612,5342,1270,527,385,142,328,238,90,10150,3595,6555,1898,630,1268
Urban,State - ANDAMAN & NICOBAR ISLANDS,Muslim,5-9,1333,641,692,16,10,6,8,5,3,1,0,1,1309,626,683,49,18,31
Urban,State - ANDAMAN & NICOBAR ISLANDS,Muslim,10-14,1396,727,669,35,21,14,13,7,6,6,4,2,1348,699,649,88,50,38
Urban,State - ANDAMAN & NICOBAR ISLANDS,Muslim,15-19,1468,849,619,255,229,26,40,32,8,24,18,6,1173,588,585,351,193,158
Urban,State - ANDAMAN & NICOBAR ISLANDS,Muslim,20-24,1686,917,769,638,541,97,100,71,29,74,52,22,948,305,643,481,176,305
Urban,State - ANDAMAN & NICOBAR ISLANDS,Muslim,25-29,1902,1047,855,1009,823,186,102,74,28,79,60,19,791,150,641,403,110,293
Urban,State - ANDAMAN & NICOBAR ISLANDS,Muslim,30-34,1715,921,794,983,801,182,84,61,23,57,38,19,648,59,589,240,35,205
Urban,State - ANDAMAN & NICOBAR ISLANDS,Muslim,35-39,1585,851,734,980,774,206,64,45,19,39,29,10,541,32,509,148,20,128
Urban,State - ANDAMAN & NICOBAR ISLANDS,Muslim,40-49,2389,1317,1072,1572,1218,354,75,56,19,34,25,9,742,43,699,91,11,80
Urban,State - ANDAMAN & NICOBAR ISLANDS,Muslim,50-59,1480,824,656,937,758,179,25,21,4,10,9,1,518,45,473,20,4,16
Urban,State - ANDAMAN & NICOBAR ISLANDS,Muslim,60-69,661,349,312,138,126,12,10,8,2,2,2,0,513,215,298,17,10,7
Urban,State - ANDAMAN & NICOBAR ISLANDS,Muslim,70-79,317,164,153,30,28,2,5,4,1,1,0,1,282,132,150,3,1,2
Urban,State - ANDAMAN & NICOBAR ISLANDS,Muslim,80+,95,45,50,15,10,5,1,1,0,1,1,0,79,34,45,2,0,2
Urban,State - ANDAMAN & NICOBAR ISLANDS,Muslim,Age not stated,22,12,10,4,3,1,0,0,0,0,0,0,18,9,9,5,2,3
Urban,State - ANDAMAN & NICOBAR ISLANDS,Muslim,15-59,12225,6726,5499,6374,5144,1230,490,360,130,317,231,86,5361,1222,4139,1734,549,1185
Urban,State - ANDAMAN & NICOBAR ISLANDS,Muslim,60+,1073,558,515,183,164,19,16,13,3,4,3,1,874,381,493,22,11,11
Urban,State - ANDAMAN & NICOBAR ISLANDS,Christian,Total,18199,9108,9091,6453,4668,1785,498,306,192,347,220,127,11248,4134,7114,2659,939,1720
Urban,State - ANDAMAN & NICOBAR ISLANDS,Christian,5-9,1391,708,683,10,4,6,9,7,2,2,2,0,1372,697,675,41,27,14
Urban,State - ANDAMAN & NICOBAR ISLANDS,Christian,10-14,1652,824,828,41,19,22,16,9,7,6,3,3,1595,796,799,152,77,75
Urban,State - ANDAMAN & NICOBAR ISLANDS,Christian,15-19,1710,834,876,115,77,38,33,19,14,23,14,9,1562,738,824,509,240,269
Urban,State - ANDAMAN & NICOBAR ISLANDS,Christian,20-24,1776,863,913,474,342,132,87,51,36,71,38,33,1215,470,745,810,338,472
Urban,State - ANDAMAN & NICOBAR ISLANDS,Christian,25-29,1810,851,959,847,604,243,92,58,34,82,51,31,871,189,682,483,143,340
Urban,State - ANDAMAN & NICOBAR ISLANDS,Christian,30-34,1773,856,917,977,714,263,88,54,34,73,49,24,708,88,620,284,60,224
Urban,State - ANDAMAN & NICOBAR ISLANDS,Christian,35-39,1587,770,817,956,698,258,52,35,17,36,25,11,579,37,542,189,20,169
Urban,State - ANDAMAN & NICOBAR ISLANDS,Christian,40-49,2696,1388,1308,1838,1300,538,71,39,32,34,23,11,787,49,738,128,14,114
Urban,State - ANDAMAN & NICOBAR ISLANDS,Christian,50-59,1624,859,765,1034,779,255,29,19,10,13,10,3,561,61,500,40,10,30
Urban,State - ANDAMAN & NICOBAR ISLANDS,Christian,60-69,726,406,320,113,92,21,17,13,4,6,5,1,596,301,295,14,7,7
Urban,State - ANDAMAN & NICOBAR ISLANDS,Christian,70-79,272,161,111,29,26,3,1,1,0,0,0,0,242,134,108,5,2,3
Urban,State - ANDAMAN & NICOBAR ISLANDS,Christian,80+,84,43,41,14,10,4,2,1,1,1,0,1,68,32,36,2,1,1
Urban,State - ANDAMAN & NICOBAR ISLANDS,Christian,Age not stated,16,5,11,5,3,2,1,0,1,0,0,0,10,2,8,2,0,2
Urban,State - ANDAMAN & NICOBAR ISLANDS,Christian,15-59,12976,6421,6555,6241,4514,1727,452,275,177,332,210,122,6283,1632,4651,2443,825,1618
Urban,State - ANDAMAN & NICOBAR ISLANDS,Christian,60+,1082,610,472,156,128,28,20,15,5,7,5,2,906,467,439,21,10,11
Urban,State - ANDAMAN & NICOBAR ISLANDS,Sikh,Total,642,346,296,280,217,63,8,5,3,7,4,3,354,124,230,45,16,29
Urban,State - ANDAMAN & NICOBAR ISLANDS,Sikh,5-9,40,13,27,2,1,1,0,0,0,0,0,0,38,12,26,1,0,1
Urban,State - ANDAMAN & NICOBAR ISLANDS,Sikh,10-14,56,33,23,1,1,0,0,0,0,0,0,0,55,32,23,1,0,1
Urban,State - ANDAMAN & NICOBAR ISLANDS,Sikh,15-19,54,28,26,2,2,0,0,0,0,0,0,0,52,26,26,7,3,4
Urban,State - ANDAMAN & NICOBAR ISLANDS,Sikh,20-24,56,36,20,23,17,6,2,2,0,2,2,0,31,17,14,13,10,3
Urban,State - ANDAMAN & NICOBAR ISLANDS,Sikh,25-29,60,33,27,29,26,3,2,2,0,1,1,0,29,5,24,12,2,10
Urban,State - ANDAMAN & NICOBAR ISLANDS,Sikh,30-34,44,21,23,26,20,6,1,0,1,1,0,1,17,1,16,5,1,4
Urban,State - ANDAMAN & NICOBAR ISLANDS,Sikh,35-39,57,24,33,32,22,10,3,1,2,3,1,2,22,1,21,3,0,3
Urban,State - ANDAMAN & NICOBAR ISLANDS,Sikh,40-49,132,75,57,100,74,26,0,0,0,0,0,0,32,1,31,1,0,1
Urban,State - ANDAMAN & NICOBAR ISLANDS,Sikh,50-59,74,45,29,55,44,11,0,0,0,0,0,0,19,1,18,1,0,1
Urban,State - ANDAMAN & NICOBAR ISLANDS,Sikh,60-69,30,15,15,10,10,0,0,0,0,0,0,0,20,5,15,1,0,1
Urban,State - ANDAMAN & NICOBAR ISLANDS,Sikh,70-79,10,6,4,0,0,0,0,0,0,0,0,0,10,6,4,0,0,0
Urban,State - ANDAMAN & NICOBAR ISLANDS,Sikh,80+,7,4,3,0,0,0,0,0,0,0,0,0,7,4,3,0,0,0
Urban,State - ANDAMAN & NICOBAR ISLANDS,Sikh,Age not stated,0,0,0,0,0,0,0,0,0,0,0,0,0,0,0,0,0,0
Urban,State - ANDAMAN & NICOBAR ISLANDS,Sikh,15-59,477,262,215,267,205,62,8,5,3,7,4,3,202,52,150,42,16,26
Urban,State - ANDAMAN & NICOBAR ISLANDS,Sikh,60+,47,25,22,10,10,0,0,0,0,0,0,0,37,15,22,1,0,1
Urban,State - ANDAMAN & NICOBAR ISLANDS,Buddhist,Total,76,39,37,22,20,2,1,0,1,1,0,1,53,19,34,6,2,4
Urban,State - ANDAMAN & NICOBAR ISLANDS,Buddhist,5-9,6,4,2,0,0,0,0,0,0,0,0,0,6,4,2,0,0,0
Urban,State - ANDAMAN & NICOBAR ISLANDS,Buddhist,10-14,12,7,5,1,0,1,0,0,0,0,0,0,11,7,4,1,0,1
Urban,State - ANDAMAN & NICOBAR ISLANDS,Buddhist,15-19,7,4,3,1,1,0,1,0,1,1,0,1,5,3,2,1,1,0
Urban,State - ANDAMAN & NICOBAR ISLANDS,Buddhist,20-24,7,4,3,2,2,0,0,0,0,0,0,0,5,2,3,2,1,1
Urban,State - ANDAMAN & NICOBAR ISLANDS,Buddhist,25-29,4,1,3,2,1,1,0,0,0,0,0,0,2,0,2,2,0,2
Urban,State - ANDAMAN & NICOBAR ISLANDS,Buddhist,30-34,7,2,5,2,2,0,0,0,0,0,0,0,5,0,5,0,0,0
Urban,State - ANDAMAN & NICOBAR ISLANDS,Buddhist,35-39,7,4,3,4,4,0,0,0,0,0,0,0,3,0,3,0,0,0
Urban,State - ANDAMAN & NICOBAR ISLANDS,Buddhist,40-49,8,4,4,4,4,0,0,0,0,0,0,0,4,0,4,0,0,0
Urban,State - ANDAMAN & NICOBAR ISLANDS,Buddhist,50-59,7,5,2,5,5,0,0,0,0,0,0,0,2,0,2,0,0,0
Urban,State - ANDAMAN & NICOBAR ISLANDS,Buddhist,60-69,4,2,2,1,1,0,0,0,0,0,0,0,3,1,2,0,0,0
Urban,State - ANDAMAN & NICOBAR ISLANDS,Buddhist,70-79,0,0,0,0,0,0,0,0,0,0,0,0,0,0,0,0,0,0
Urban,State - ANDAMAN & NICOBAR ISLANDS,Buddhist,80+,1,1,0,0,0,0,0,0,0,0,0,0,1,1,0,0,0,0
Urban,State - ANDAMAN & NICOBAR ISLANDS,Buddhist,Age not stated,0,0,0,0,0,0,0,0,0,0,0,0,0,0,0,0,0,0
Urban,State - ANDAMAN & NICOBAR ISLANDS,Buddhist,15-59,47,24,23,20,19,1,1,0,1,1,0,1,26,5,21,5,2,3
Urban,State - ANDAMAN & NICOBAR ISLANDS,Buddhist,60+,5,3,2,1,1,0,0,0,0,0,0,0,4,2,2,0,0,0
Urban,State - ANDAMAN & NICOBAR ISLANDS,Jain,Total,17,6,11,5,4,1,0,0,0,0,0,0,12,2,10,0,0,0
Urban,State - ANDAMAN & NICOBAR ISLANDS,Jain,5-9,2,1,1,0,0,0,0,0,0,0,0,0,2,1,1,0,0,0
Urban,State - ANDAMAN & NICOBAR ISLANDS,Jain,10-14,3,1,2,0,0,0,0,0,0,0,0,0,3,1,2,0,0,0
Urban,State - ANDAMAN & NICOBAR ISLANDS,Jain,15-19,0,0,0,0,0,0,0,0,0,0,0,0,0,0,0,0,0,0
Urban,State - ANDAMAN & NICOBAR ISLANDS,Jain,20-24,0,0,0,0,0,0,0,0,0,0,0,0,0,0,0,0,0,0
Urban,State - ANDAMAN & NICOBAR ISLANDS,Jain,25-29,0,0,0,0,0,0,0,0,0,0,0,0,0,0,0,0,0,0
Urban,State - ANDAMAN & NICOBAR ISLANDS,Jain,30-34,3,1,2,2,1,1,0,0,0,0,0,0,1,0,1,0,0,0
Urban,State - ANDAMAN & NICOBAR ISLANDS,Jain,35-39,3,1,2,1,1,0,0,0,0,0,0,0,2,0,2,0,0,0
Urban,State - ANDAMAN & NICOBAR ISLANDS,Jain,40-49,3,2,1,2,2,0,0,0,0,0,0,0,1,0,1,0,0,0
Urban,State - ANDAMAN & NICOBAR ISLANDS,Jain,50-59,0,0,0,0,0,0,0,0,0,0,0,0,0,0,0,0,0,0
Urban,State - ANDAMAN & NICOBAR ISLANDS,Jain,60-69,0,0,0,0,0,0,0,0,0,0,0,0,0,0,0,0,0,0
Urban,State - ANDAMAN & NICOBAR ISLANDS,Jain,70-79,0,0,0,0,0,0,0,0,0,0,0,0,0,0,0,0,0,0
Urban,State - ANDAMAN & NICOBAR ISLANDS,Jain,80+,0,0,0,0,0,0,0,0,0,0,0,0,0,0,0,0,0,0
Urban,State - ANDAMAN & NICOBAR ISLANDS,Jain,Age not stated,0,0,0,0,0,0,0,0,0,0,0,0,0,0,0,0,0,0
Urban,State - ANDAMAN & NICOBAR ISLANDS,Jain,15-59,9,4,5,5,4,1,0,0,0,0,0,0,4,0,4,0,0,0
Urban,State - ANDAMAN & NICOBAR ISLANDS,Jain,60+,0,0,0,0,0,0,0,0,0,0,0,0,0,0,0,0,0,0
Urban,State - ANDAMAN & NICOBAR ISLANDS,Other religious communities,Total,121,67,54,47,33,14,2,2,0,2,2,0,72,32,40,19,7,12
Urban,State - ANDAMAN & NICOBAR ISLANDS,Other religious communities,5-9,10,5,5,0,0,0,0,0,0,0,0,0,10,5,5,0,0,0
Urban,State - ANDAMAN & NICOBAR ISLANDS,Other religious communities,10-14,10,8,2,0,0,0,0,0,0,0,0,0,10,8,2,1,0,1
Urban,State - ANDAMAN & NICOBAR ISLANDS,Other religious communities,15-19,9,5,4,0,0,0,0,0,0,0,0,0,9,5,4,3,3,0
Urban,State - ANDAMAN & NICOBAR ISLANDS,Other religious communities,20-24,11,8,3,6,6,0,1,1,0,1,1,0,4,1,3,2,1,1
Urban,State - ANDAMAN & NICOBAR ISLANDS,Other religious communities,25-29,13,6,7,8,4,4,0,0,0,0,0,0,5,2,3,5,2,3
Urban,State - ANDAMAN & NICOBAR ISLANDS,Other religious communities,30-34,9,4,5,5,4,1,0,0,0,0,0,0,4,0,4,3,0,3
Urban,State - ANDAMAN & NICOBAR ISLANDS,Other religious communities,35-39,11,3,8,5,3,2,0,0,0,0,0,0,6,0,6,4,0,4
Urban,State - ANDAMAN & NICOBAR ISLANDS,Other religious communities,40-49,12,6,6,10,6,4,0,0,0,0,0,0,2,0,2,0,0,0
Urban,State - ANDAMAN & NICOBAR ISLANDS,Other religious communities,50-59,16,8,8,10,7,3,1,1,0,1,1,0,5,0,5,0,0,0
Urban,State - ANDAMAN & NICOBAR ISLANDS,Other religious communities,60-69,8,7,1,2,2,0,0,0,0,0,0,0,6,5,1,1,1,0
Urban,State - ANDAMAN & NICOBAR ISLANDS,Other religious communities,70-79,2,1,1,1,1,0,0,0,0,0,0,0,1,0,1,0,0,0
Urban,State - ANDAMAN & NICOBAR ISLANDS,Other religious communities,80+,0,0,0,0,0,0,0,0,0,0,0,0,0,0,0,0,0,0
Urban,State - ANDAMAN & NICOBAR ISLANDS,Other religious communities,Age not stated,0,0,0,0,0,0,0,0,0,0,0,0,0,0,0,0,0,0
Urban,State - ANDAMAN & NICOBAR ISLANDS,Other religious communities,15-59,81,40,41,44,30,14,2,2,0,2,2,0,35,8,27,17,6,11
Urban,State - ANDAMAN & NICOBAR ISLANDS,Other religious communities,60+,10,8,2,3,3,0,0,0,0,0,0,0,7,5,2,1,1,0
